0.98	-0.00603133
0.981	-0.0104718
0.982	-0.0178201
0.983	-0.0297217
0.984	-0.0485871
0.985	-0.0778474
0.986	-0.12225
0.987	-0.188162
0.988	-0.283859
0.989	-0.419708
0.99	-0.608242
0.991	-0.863956
0.992	-1.20281
0.993	-1.64129
0.994	-2.19524
0.995	-2.87802
0.996	-3.69849
0.997	-4.65922
0.998	-5.7544
0.999	-6.96867
1	-8.27674
1.001	-9.64473
1.002	-11.0323
1.003	-12.3978
1.004	-13.7059
1.005	-14.9338
1.006	-16.0826
1.007	-17.1883
1.008	-18.3332
1.009	-19.6546
1.01	-21.3554
1.011	-23.7092
1.012	-27.062
1.013	-31.8274
1.014	-38.4749
1.015	-47.509
1.016	-59.4386
1.017	-74.7343
1.018	-93.7812
1.019	-116.821
1.02	-143.895
1.021	-174.791
1.022	-209.008
1.023	-245.725
1.024	-283.823
1.025	-321.915
1.026	-358.416
1.027	-391.648
1.028	-419.961
1.029	-441.873
1.03	-456.176
1.031	-462.063
1.032	-459.19
1.033	-447.719
1.034	-428.284
1.035	-401.947
1.036	-370.1
1.037	-334.332
1.038	-296.311
1.039	-257.647
1.04	-219.79
1.041	-183.953
1.042	-151.047
1.043	-121.682
1.044	-96.1716
1.045	-74.5723
1.046	-56.7304
1.047	-42.3413
1.048	-31.004
1.049	-22.273
1.05	-15.698
1.051	-10.8544
1.052	-7.36272
1.053	-4.89862
1.054	-3.19537
1.055	-2.04104
1.056	-1.27208
1.057	-0.765694
1.058	-0.431176
1.059	-0.201983
1.06	-0.0283708
1.061	0.128985
1.062	0.304553
1.063	0.532767
1.064	0.852336
1.065	1.3101
1.066	1.9645
1.067	2.88855
1.068	4.17221
1.069	5.92336
1.07	8.26758
1.071	11.3458
1.072	15.3089
1.073	20.3103
1.074	26.4938
1.075	33.9806
1.076	42.8531
1.077	53.1362
1.078	64.7831
1.079	77.6591
1.08	91.5341
1.081	106.08
1.082	120.878
1.083	135.432
1.084	149.195
1.085	161.603
1.086	172.109
1.087	180.226
1.088	185.563
1.089	187.856
1.09	186.992
1.091	183.013
1.092	176.116
1.093	166.639
1.094	155.03
1.095	141.812
1.096	127.548
1.097	112.796
1.098	98.0784
1.099	83.8522
1.1	70.4881
1.101	58.2609
1.102	47.348
1.103	37.834
1.104	29.7253
1.105	22.9631
1.106	17.442
1.107	13.0263
1.108	9.56546
1.109	6.90639
1.11	4.90296
1.111	3.42235
1.112	2.34883
1.113	1.58504
1.114	1.05169
1.115	0.686115
1.116	0.440116
1.117	0.277584
1.118	0.172142
1.119	0.104963
1.12	0.062929
1.121	0.0370954
1.122	0.0215008
1.123	0.0122531
1.124	0.00686597
1.125	0.00378279
1.126	0.00204922
1.127	0.0010915
1.128	0.000571636
1.129	0.000294356
1.13	0.000149036
1.131	7.41938e-05
1.132	3.63161e-05
1.133	1.74773e-05
1.134	8.26835e-06
1.135	3.84207e-06
1.136	1.74601e-06
1.137	7.58885e-07
1.138	2.76327e-07
1.139	-1.07262e-08
1.14	-2.8943e-07
1.141	-7.32998e-07
1.142	-1.59683e-06
1.143	-3.34951e-06
1.144	-6.89714e-06
1.145	-1.39934e-05
1.146	-2.79939e-05
1.147	-5.52258e-05
1.148	-0.000107442
1.149	-0.00020614
1.15	-0.000390035
1.151	-0.000727786
1.152	-0.00133925
1.153	-0.00243036
1.154	-0.00434952
1.155	-0.00767654
1.156	-0.0133612
1.157	-0.022934
1.158	-0.0388217
1.159	-0.064807
1.16	-0.106691
1.161	-0.173215
1.162	-0.277335
1.163	-0.4379
1.164	-0.681873
1.165	-1.0471
1.166	-1.58573
1.167	-2.36826
1.168	-3.48801
1.169	-5.06627
1.17	-7.25694
1.171	-10.2512
1.172	-14.2808
1.173	-19.6194
1.174	-26.5813
1.175	-35.5158
1.176	-46.7976
1.177	-60.8109
1.178	-77.928
1.179	-98.4839
1.18	-122.741
1.181	-150.859
1.182	-182.857
1.183	-218.576
1.184	-257.666
1.185	-299.545
1.186	-343.419
1.187	-388.277
1.188	-432.93
1.189	-476.045
1.19	-516.221
1.191	-552.049
1.192	-582.204
1.193	-605.522
1.194	-621.073
1.195	-628.216
1.196	-626.659
1.197	-616.468
1.198	-598.063
1.199	-572.186
1.2	-539.865
1.201	-502.331
1.202	-460.946
1.203	-417.123
1.204	-372.253
1.205	-327.615
1.206	-284.346
1.207	-243.381
1.208	-205.439
1.209	-171.016
1.21	-140.393
1.211	-113.66
1.212	-90.7461
1.213	-71.4505
1.214	-55.4802
1.215	-42.4841
1.216	-32.0827
1.217	-23.8931
1.218	-17.5481
1.219	-12.7099
1.22	-9.07841
1.221	-6.39493
1.222	-4.44239
1.223	-3.04336
1.224	-2.05612
1.225	-1.36993
1.226	-0.900125
1.227	-0.583262
1.228	-0.372718
1.229	-0.234886
1.23	-0.145977
1.231	-0.0894688
1.232	-0.0540769
1.233	-0.0322339
1.234	-0.0189481
1.235	-0.0109844
1.236	-0.00627973
1.237	-0.00354048
1.238	-0.00196853
1.239	-0.00107939
1.24	-0.00058367
1.241	-0.000311254
1.242	-0.000163688
1.243	-8.48936e-05
1.244	-4.342e-05
1.245	-2.19007e-05
1.246	-1.0894e-05
1.247	-5.34406e-06
1.248	-2.5853e-06
1.249	-1.23337e-06
1.25	-5.80239e-07
1.251	-2.69105e-07
1.252	-1.2287e-07
1.253	-5.48609e-08
1.254	-2.31438e-08
1.255	-7.42818e-09
1.256	2.57821e-09
1.257	1.32557e-08
1.258	3.07862e-08
1.259	6.44415e-08
1.26	1.31028e-07
1.261	2.62404e-07
1.262	5.19006e-07
1.263	1.01443e-06
1.264	1.95957e-06
1.265	3.74113e-06
1.266	7.05907e-06
1.267	1.31643e-05
1.268	2.42633e-05
1.269	4.41984e-05
1.27	7.95738e-05
1.271	0.000141591
1.272	0.000249003
1.273	0.000432793
1.274	0.000743462
1.275	0.00126224
1.276	0.00211802
1.277	0.00351255
1.278	0.00575728
1.279	0.00932648
1.28	0.0149321
1.281	0.0236281
1.282	0.0369526
1.283	0.0571164
1.284	0.0872532
1.285	0.131737
1.286	0.196579
1.287	0.289916
1.288	0.422582
1.289	0.608768
1.29	0.866761
1.291	1.21969
1.292	1.69631
1.293	2.33165
1.294	3.16761
1.295	4.253
1.296	5.64379
1.297	7.40195
1.298	9.5946
1.299	12.2917
1.3	15.5633
1.301	19.4758
1.302	24.0876
1.303	29.4439
1.304	35.5715
1.305	42.4729
1.306	50.1218
1.307	58.458
1.308	67.3857
1.309	76.7709
1.31	86.4425
1.311	96.1973
1.312	105.804
1.313	115.013
1.314	123.565
1.315	131.205
1.316	137.691
1.317	142.813
1.318	146.397
1.319	148.321
1.32	148.517
1.321	146.979
1.322	143.76
1.323	138.972
1.324	132.775
1.325	125.375
1.326	117.007
1.327	107.924
1.328	98.384
1.329	88.6414
1.33	78.9318
1.331	69.4661
1.332	60.4225
1.333	51.943
1.334	44.1329
1.335	37.0595
1.336	30.7569
1.337	25.2282
1.338	20.4521
1.339	16.3868
1.34	12.9763
1.341	10.1558
1.342	7.85565
1.343	6.00558
1.344	4.53764
1.345	3.38852
1.346	2.50091
1.347	1.82425
1.348	1.31516
1.349	0.937076
1.35	0.659898
1.351	0.459284
1.352	0.315931
1.353	0.214786
1.354	0.144319
1.355	0.0958397
1.356	0.0629025
1.357	0.0408029
1.358	0.0261576
1.359	0.0165712
1.36	0.010372
1.361	0.0064095
1.362	0.00390289
1.363	0.00232822
1.364	0.00133683
1.365	0.000696272
1.366	0.000248249
1.367	-0.000122343
1.368	-0.000511015
1.369	-0.0010136
1.37	-0.00174543
1.371	-0.00286268
1.372	-0.00458879
1.373	-0.00724882
1.374	-0.0113159
1.375	-0.0174733
1.376	-0.0266968
1.377	-0.0403637
1.378	-0.0603935
1.379	-0.0894248
1.38	-0.131037
1.381	-0.190022
1.382	-0.272697
1.383	-0.387287
1.384	-0.544314
1.385	-0.757066
1.386	-1.04204
1.387	-1.41939
1.388	-1.91329
1.389	-2.55223
1.39	-3.36916
1.391	-4.40122
1.392	-5.68956
1.393	-7.27835
1.394	-9.21359
1.395	-11.5415
1.396	-14.3061
1.397	-17.547
1.398	-21.2958
1.399	-25.573
1.4	-30.3845
1.401	-35.7179
1.402	-41.5397
1.403	-47.7919
1.404	-54.3912
1.405	-61.2272
1.406	-68.1642
1.407	-75.0421
1.408	-81.6803
1.409	-87.8821
1.41	-93.4425
1.411	-98.1539
1.412	-101.815
1.413	-104.239
1.414	-105.262
1.415	-104.75
1.416	-102.606
1.417	-98.7731
1.418	-93.2423
1.419	-86.0485
1.42	-77.2731
1.421	-67.0402
1.422	-55.5138
1.423	-42.8904
1.424	-29.393
1.425	-15.2657
1.426	-0.762853
1.427	13.856
1.428	28.3332
1.429	42.4213
1.43	55.8862
1.431	68.5148
1.432	80.1166
1.433	90.5289
1.434	99.6173
1.435	107.279
1.436	113.444
1.437	118.073
1.438	121.16
1.439	122.729
1.44	122.835
1.441	121.56
1.442	119.008
1.443	115.308
1.444	110.603
1.445	105.049
1.446	98.8098
1.447	92.0533
1.448	84.9428
1.449	77.6362
1.45	70.2796
1.451	63.0048
1.452	55.9247
1.453	49.1328
1.454	42.7006
1.455	36.6785
1.456	31.0935
1.457	25.9522
1.458	21.2424
1.459	16.9332
1.46	12.9785
1.461	9.31938
1.462	5.88641
1.463	2.60251
1.464	-0.614621
1.465	-3.84942
1.466	-7.18612
1.467	-10.7057
1.468	-14.4832
1.469	-18.5848
1.47	-23.0653
1.471	-27.9649
1.472	-33.3073
1.473	-39.096
1.474	-45.3143
1.475	-51.923
1.476	-58.8584
1.477	-66.0362
1.478	-73.3496
1.479	-80.6732
1.48	-87.8663
1.481	-94.7776
1.482	-101.251
1.483	-107.129
1.484	-112.266
1.485	-116.524
1.486	-119.789
1.487	-121.97
1.488	-123.006
1.489	-122.867
1.49	-121.558
1.491	-119.114
1.492	-115.607
1.493	-111.133
1.494	-105.812
1.495	-99.7857
1.496	-93.2044
1.497	-86.2272
1.498	-79.0109
1.499	-71.7082
1.5	-64.4595
1.501	-57.3911
1.502	-50.6101
1.503	-44.2052
1.504	-38.2423
1.505	-32.769
1.506	-27.8115
1.507	-23.3799
1.508	-19.4684
1.509	-16.0585
1.51	-13.1223
1.511	-10.6246
1.512	-8.5258
1.513	-6.78387
1.514	-5.35683
1.515	-4.20376
1.516	-3.28646
1.517	-2.56996
1.518	-2.02344
1.519	-1.62014
1.52	-1.33761
1.521	-1.1575
1.522	-1.0653
1.523	-1.04995
1.524	-1.1034
1.525	-1.22014
1.526	-1.3967
1.527	-1.63114
1.528	-1.92259
1.529	-2.27071
1.53	-2.67527
1.531	-3.1357
1.532	-3.65072
1.533	-4.21793
1.534	-4.83363
1.535	-5.49243
1.536	-6.18738
1.537	-6.90956
1.538	-7.64847
1.539	-8.39206
1.54	-9.1268
1.541	-9.83842
1.542	-10.512
1.543	-11.1325
1.544	-11.6857
1.545	-12.158
1.546	-12.5378
1.547	-12.8153
1.548	-12.9832
1.549	-13.0371
1.55	-12.9755
1.551	-12.7998
1.552	-12.5147
1.553	-12.1271
1.554	-11.6467
1.555	-11.0847
1.556	-10.454
1.557	-9.76786
1.558	-9.03974
1.559	-8.28232
1.56	-7.50687
1.561	-6.72238
1.562	-5.93492
1.563	-5.14682
1.564	-4.35565
1.565	-3.55359
1.566	-2.72619
1.567	-1.85125
1.568	-0.897526
1.569	0.176864
1.57	1.42622
1.571	2.91906
1.572	4.74049
1.573	6.99447
1.574	9.80591
1.575	13.3226
1.576	17.7188
1.577	23.1941
1.578	29.9756
1.579	38.3181
1.58	48.5013
1.581	60.8268
1.582	75.6134
1.583	93.1883
1.584	113.882
1.585	138.008
1.586	165.861
1.587	197.686
1.588	233.676
1.589	273.943
1.59	318.509
1.591	367.281
1.592	420.042
1.593	476.433
1.594	535.958
1.595	597.963
1.596	661.661
1.597	726.131
1.598	790.337
1.599	853.146
1.6	913.4
1.601	969.871
1.602	1021.37
1.603	1066.77
1.604	1105.01
1.605	1135.25
1.606	1156.75
1.607	1168.93
1.608	1171.56
1.609	1164.56
1.61	1148.07
1.611	1122.53
1.612	1088.56
1.613	1046.92
1.614	998.615
1.615	944.704
1.616	886.362
1.617	824.798
1.618	761.199
1.619	696.735
1.62	632.494
1.621	569.463
1.622	508.496
1.623	450.331
1.624	395.543
1.625	344.566
1.626	297.69
1.627	255.084
1.628	216.774
1.629	182.709
1.63	152.731
1.631	126.623
1.632	104.116
1.633	84.9078
1.634	68.6751
1.635	55.0935
1.636	43.8429
1.637	34.6179
1.638	27.1398
1.639	21.1587
1.64	16.464
1.641	12.8891
1.642	10.3223
1.643	8.71414
1.644	8.08978
1.645	8.5606
1.646	10.3353
1.647	13.7277
1.648	19.1574
1.649	27.142
1.65	38.2747
1.651	53.1878
1.652	72.5001
1.653	96.751
1.654	126.324
1.655	161.363
1.656	201.694
1.657	246.752
1.658	295.529
1.659	346.54
1.66	397.863
1.661	447.176
1.662	491.901
1.663	529.383
1.664	557.135
1.665	573.084
1.666	575.836
1.667	564.87
1.668	540.649
1.669	504.61
1.67	459.03
1.671	406.78
1.672	351.009
1.673	294.812
1.674	240.931
1.675	191.522
1.676	148.051
1.677	111.269
1.678	81.287
1.679	57.713
1.68	39.8177
1.681	26.6914
1.682	17.3829
1.683	10.9973
1.684	6.75821
1.685	4.034
1.686	2.3387
1.687	1.31683
1.688	0.720093
1.689	0.382416
1.69	0.197226
1.691	0.098778
1.692	0.048042
1.693	0.0226903
1.694	0.0104066
1.695	0.00463473
1.696	0.00200441
1.697	0.000841761
1.698	0.000343267
1.699	0.000135928
1.7	5.22668e-05
1.701	1.95152e-05
1.702	7.07547e-06
1.703	2.49099e-06
1.704	8.51562e-07
1.705	2.82679e-07
1.706	9.1117e-08
1.707	2.85191e-08
1.708	8.66767e-09
1.709	2.55799e-09
1.71	7.3303e-10
1.711	2.03974e-10
1.712	5.51134e-11
1.713	1.446e-11
1.714	3.68388e-12
1.715	9.11327e-13
1.716	2.18917e-13
1.717	5.1086e-14
1.718	1.16687e-14
1.719	2.97456e-15
1.72	2.29117e-15
1.721	7.0225e-15
1.722	2.66492e-14
1.723	1.0002e-13
1.724	3.66211e-13
1.725	1.3071e-12
1.726	4.54771e-12
1.727	1.54237e-11
1.728	5.0991e-11
1.729	1.64327e-10
1.73	5.1622e-10
1.731	1.58078e-09
1.732	4.71867e-09
1.733	1.37302e-08
1.734	3.89444e-08
1.735	1.07676e-07
1.736	2.90208e-07
1.737	7.62443e-07
1.738	1.95261e-06
1.739	4.87456e-06
1.74	1.18622e-05
1.741	2.81387e-05
1.742	6.50658e-05
1.743	0.00014666
1.744	0.000322242
1.745	0.000690183
1.746	0.00144097
1.747	0.00293262
1.748	0.0058179
1.749	0.0112509
1.75	0.021209
1.751	0.0389727
1.752	0.0698097
1.753	0.121893
1.754	0.207468
1.755	0.344219
1.756	0.556707
1.757	0.877673
1.758	1.3488
1.759	2.02055
1.76	2.95057
1.761	4.20002
1.762	5.8278
1.763	7.88263
1.764	10.3932
1.765	13.3578
1.766	16.7352
1.767	20.4379
1.768	24.3307
1.769	28.2346
1.77	31.9389
1.771	35.218
1.772	37.8552
1.773	39.6636
1.774	40.5108
1.775	40.3329
1.776	39.1434
1.777	37.0314
1.778	34.15
1.779	30.6987
1.78	26.9005
1.781	22.9779
1.782	19.1325
1.783	15.529
1.784	12.2864
1.785	9.47581
1.786	7.12393
1.787	5.22072
1.788	3.72952
1.789	2.59709
1.79	1.76291
1.791	1.1665
1.792	0.752398
1.793	0.473066
1.794	0.289939
1.795	0.173221
1.796	0.10088
1.797	0.0572692
1.798	0.0316919
1.799	0.0170956
1.8	0.0089894
1.801	0.00460782
1.802	0.00230247
1.803	0.00112183
1.804	0.00053352
1.805	0.0002489
1.806	0.000116541
1.807	6.01533e-05
1.808	4.3986e-05
1.809	5.47188e-05
1.81	9.31513e-05
1.811	0.000171951
1.812	0.000317612
1.813	0.000575958
1.814	0.00102119
1.815	0.00176878
1.816	0.00299237
1.817	0.00494438
1.818	0.00797924
1.819	0.0125767
1.82	0.0193609
1.821	0.0291094
1.822	0.0427465
1.823	0.0613078
1.824	0.0858785
1.825	0.117491
1.826	0.156993
1.827	0.204883
1.828	0.261151
1.829	0.325107
1.83	0.395287
1.831	0.469412
1.832	0.544434
1.833	0.616722
1.834	0.682323
1.835	0.737298
1.836	0.778123
1.837	0.80206
1.838	0.807452
1.839	0.793927
1.84	0.762426
1.841	0.715103
1.842	0.655074
1.843	0.586096
1.844	0.512147
1.845	0.437095
1.846	0.364344
1.847	0.296619
1.848	0.235853
1.849	0.183162
1.85	0.138925
1.851	0.102915
1.852	0.0744621
1.853	0.0526186
1.854	0.0363162
1.855	0.0244799
1.856	0.016117
1.857	0.010364
1.858	0.00651031
1.859	0.00399696
1.86	0.00240329
1.861	0.00142655
1.862	0.000861324
1.863	0.000582725
1.864	0.000538355
1.865	0.000753819
1.866	0.0013595
1.867	0.00265059
1.868	0.00519963
1.869	0.0100514
1.87	0.0190433
1.871	0.0353121
1.872	0.0640655
1.873	0.11371
1.874	0.197444
1.875	0.335393
1.876	0.557356
1.877	0.906102
1.878	1.44107
1.879	2.24213
1.88	3.41272
1.881	5.08165
1.882	7.4025
1.883	10.5491
1.884	14.7068
1.885	20.0579
1.886	26.762
1.887	34.9317
1.888	44.6053
1.889	55.7208
1.89	68.0947
1.891	81.4096
1.892	95.2148
1.893	108.942
1.894	121.943
1.895	133.531
1.896	143.045
1.897	149.909
1.898	153.692
1.899	154.148
1.9	151.249
1.901	145.182
1.902	136.332
1.903	125.241
1.904	112.555
1.905	98.9566
1.906	85.1123
1.907	71.6154
1.908	58.9501
1.909	47.4711
1.91	37.3973
1.911	28.8214
1.912	21.7298
1.913	16.0274
1.914	11.5647
1.915	8.16347
1.916	5.63741
1.917	3.80845
1.918	2.517
1.919	1.62737
1.92	1.02932
1.921	0.636917
1.922	0.38555
1.923	0.228321
1.924	0.132274
1.925	0.0749668
1.926	0.0415654
1.927	0.0225453
1.928	0.0119632
1.929	0.00621022
1.93	0.00315377
1.931	0.00156682
1.932	0.000761508
1.933	0.00036207
1.934	0.000168415
1.935	7.66359e-05
1.936	3.41155e-05
1.937	1.4857e-05
1.938	6.32965e-06
1.939	2.63812e-06
1.94	1.07566e-06
1.941	4.29064e-07
1.942	1.6743e-07
1.943	6.39158e-08
1.944	2.387e-08
1.945	8.72088e-09
1.946	3.11697e-09
1.947	1.08982e-09
1.948	3.72636e-10
1.949	1.24243e-10
1.95	3.92963e-11
1.951	8.4974e-12
1.952	-9.23747e-12
1.953	-3.68039e-11
1.954	-1.06148e-10
1.955	-2.92271e-10
1.956	-7.8696e-10
1.957	-2.07734e-09
1.958	-5.37734e-09
1.959	-1.36504e-08
1.96	-3.39818e-08
1.961	-8.29591e-08
1.962	-1.98611e-07
1.963	-4.66296e-07
1.964	-1.0736e-06
1.965	-2.42408e-06
1.966	-5.36753e-06
1.967	-1.16553e-05
1.968	-2.48197e-05
1.969	-5.18319e-05
1.97	-0.000106151
1.971	-0.000213197
1.972	-0.00041992
1.973	-0.000811129
1.974	-0.00153655
1.975	-0.0028546
1.976	-0.00520104
1.977	-0.00929363
1.978	-0.0162869
1.979	-0.0279932
1.98	-0.0471893
1.981	-0.0780228
1.982	-0.126531
1.983	-0.201273
1.984	-0.314058
1.985	-0.480723
1.986	-0.721877
1.987	-1.06353
1.988	-1.53743
1.989	-2.18096
1.99	-3.03641
1.991	-4.14955
1.992	-5.56738
1.993	-7.33497
1.994	-9.49187
1.995	-12.068
1.996	-15.0799
1.997	-18.5268
1.998	-22.3888
1.999	-26.6257
2	-31.1769
2.001	-35.9651
2.002	-40.8981
2.003	-45.8745
2.004	-50.7866
2.005	-55.5264
2.006	-59.9864
2.007	-64.0621
2.008	-67.6545
2.009	-70.6681
2.01	-73.0141
2.011	-74.6105
2.012	-75.3862
2.013	-75.2853
2.014	-74.2735
2.015	-72.3438
2.016	-69.5222
2.017	-65.8715
2.018	-61.4916
2.019	-56.5157
2.02	-51.1051
2.021	-45.437
2.022	-39.6947
2.023	-34.0549
2.024	-28.6745
2.025	-23.6836
2.026	-19.1781
2.027	-15.2189
2.028	-11.8309
2.029	-9.00916
2.03	-6.72394
2.031	-4.92841
2.032	-3.56623
2.033	-2.57857
2.034	-1.9099
2.035	-1.51253
2.036	-1.34926
2.037	-1.39486
2.038	-1.63564
2.039	-2.06841
2.04	-2.69759
2.041	-3.53194
2.042	-4.58014
2.043	-5.84585
2.044	-7.32275
2.045	-8.98875
2.046	-10.8027
2.047	-12.7002
2.048	-14.5938
2.049	-16.3724
2.05	-17.9094
2.051	-19.0672
2.052	-19.7092
2.053	-19.7134
2.054	-18.9843
2.055	-17.4669
2.056	-15.1565
2.057	-12.1054
2.058	-8.42127
2.059	-4.26446
2.06	0.164203
2.061	4.63914
2.062	8.93027
2.063	12.8204
2.064	16.125
2.065	18.7066
2.066	20.4843
2.067	21.4351
2.068	21.5935
2.069	21.0427
2.07	19.9004
2.071	18.3078
2.072	16.4131
2.073	14.3599
2.074	12.2765
2.075	10.2701
2.076	8.42246
2.077	6.7912
2.078	5.41173
2.079	4.30228
2.08	3.46921
2.081	2.91262
2.082	2.63174
2.083	2.62896
2.084	2.91269
2.085	3.49887
2.086	4.4105
2.087	5.67598
2.088	7.32563
2.089	9.38718
2.09	11.8801
2.091	14.8096
2.092	18.161
2.093	21.894
2.094	25.9401
2.095	30.2004
2.096	34.5482
2.097	38.8328
2.098	42.8885
2.099	46.5438
2.1	49.6341
2.101	52.0139
2.102	53.5707
2.103	54.2323
2.104	53.976
2.105	52.8299
2.106	50.8721
2.107	48.2253
2.108	45.0483
2.109	41.5242
2.11	37.8477
2.111	34.2138
2.112	30.8057
2.113	27.7863
2.114	25.2895
2.115	23.4172
2.116	22.2356
2.117	21.7745
2.118	22.0274
2.119	22.9539
2.12	24.481
2.121	26.5071
2.122	28.9061
2.123	31.5318
2.124	34.2262
2.125	36.8255
2.126	39.1693
2.127	41.1112
2.128	42.5254
2.129	43.3159
2.13	43.4229
2.131	42.8255
2.132	41.5431
2.133	39.6308
2.134	37.1783
2.135	34.2979
2.136	31.1187
2.137	27.7755
2.138	24.4011
2.139	21.1179
2.14	18.032
2.141	15.2317
2.142	12.7835
2.143	10.7339
2.144	9.11166
2.145	7.92953
2.146	7.18792
2.147	6.87712
2.148	6.97939
2.149	7.46993
2.15	8.31682
2.151	9.48059
2.152	10.9128
2.153	12.5552
2.154	14.3383
2.155	16.1822
2.156	17.997
2.157	19.6857
2.158	21.1477
2.159	22.284
2.16	23.0032
2.161	23.2279
2.162	22.9015
2.163	21.9945
2.164	20.5102
2.165	18.4886
2.166	16.0091
2.167	13.192
2.168	10.1976
2.169	7.22037
2.17	4.48715
2.171	2.24454
2.172	0.750964
2.173	0.262532
2.174	1.01639
2.175	3.21497
2.176	7.00868
2.177	12.4798
2.178	19.6263
2.179	28.3554
2.18	38.4765
2.181	49.7057
2.182	61.6748
2.183	73.9508
2.184	86.0588
2.185	97.5119
2.186	107.845
2.187	116.644
2.188	123.576
2.189	128.411
2.19	131.034
2.191	131.449
2.192	129.775
2.193	126.227
2.194	121.097
2.195	114.722
2.196	107.46
2.197	99.662
2.198	91.6436
2.199	83.6745
2.2	75.9647
2.201	68.6607
2.202	61.8509
2.203	55.5723
2.204	49.822
2.205	44.5691
2.206	39.7693
2.207	35.3721
2.208	31.3323
2.209	27.6128
2.21	24.188
2.211	21.0426
2.212	18.1695
2.213	15.5671
2.214	13.2337
2.215	11.1663
2.216	9.3545
2.217	7.78017
2.218	6.41517
2.219	5.22124
2.22	4.1508
2.221	3.14871
2.222	2.15492
2.223	1.10787
2.224	-0.0515103
2.225	-1.37542
2.226	-2.9045
2.227	-4.66401
2.228	-6.66009
2.229	-8.87661
2.23	-11.2767
2.231	-13.8004
2.232	-16.3692
2.233	-18.8911
2.234	-21.2651
2.235	-23.3911
2.236	-25.1745
2.237	-26.5357
2.238	-27.4152
2.239	-27.7786
2.24	-27.6192
2.241	-26.9567
2.242	-25.8358
2.243	-24.3227
2.244	-22.4979
2.245	-20.4504
2.246	-18.2716
2.247	-16.0484
2.248	-13.8588
2.249	-11.768
2.25	-9.82664
2.251	-8.06941
2.252	-6.51607
2.253	-5.17298
2.254	-4.03499
2.255	-3.08795
2.256	-2.31121
2.257	-1.67954
2.258	-1.16476
2.259	-0.736816
2.26	-0.364126
2.261	-0.0134544
2.262	0.350768
2.263	0.76751
2.264	1.28036
2.265	1.93883
2.266	2.79949
2.267	3.92649
2.268	5.39161
2.269	7.27314
2.27	9.65376
2.271	12.617
2.272	16.2421
2.273	20.5984
2.274	25.7379
2.275	31.6874
2.276	38.442
2.277	45.9576
2.278	54.1478
2.279	62.8821
2.28	71.9875
2.281	81.2567
2.282	90.4573
2.283	99.3461
2.284	107.688
2.285	115.273
2.286	121.938
2.287	127.581
2.288	132.172
2.289	135.762
2.29	138.482
2.291	140.529
2.292	142.155
2.293	143.642
2.294	145.272
2.295	147.299
2.296	149.918
2.297	153.242
2.298	157.282
2.299	161.937
2.3	166.998
2.301	172.155
2.302	177.022
2.303	181.165
2.304	184.142
2.305	185.533
2.306	184.987
2.307	182.243
2.308	177.16
2.309	169.73
2.31	160.081
2.311	148.462
2.312	135.233
2.313	120.833
2.314	105.746
2.315	90.472
2.316	75.4916
2.317	61.2371
2.318	48.072
2.319	36.2731
2.32	26.0276
2.321	17.4312
2.322	10.4974
2.323	5.16838
2.324	1.33226
2.325	-1.16163
2.326	-2.48393
2.327	-2.81459
2.328	-2.32776
2.329	-1.18477
2.33	0.469859
2.331	2.51176
2.332	4.8347
2.333	7.34862
2.334	9.9759
2.335	12.6468
2.336	15.2972
2.337	17.8654
2.338	20.2903
2.339	22.5117
2.34	24.4717
2.341	26.1165
2.342	27.3992
2.343	28.2824
2.344	28.7412
2.345	28.765
2.346	28.3588
2.347	27.5424
2.348	26.35
2.349	24.8274
2.35	23.0287
2.351	21.0134
2.352	18.8406
2.353	16.5675
2.354	14.2442
2.355	11.9119
2.356	9.6009
2.357	7.33066
2.358	5.1099
2.359	2.93798
2.36	0.807198
2.361	-1.29434
2.362	-3.3795
2.363	-5.45887
2.364	-7.5392
2.365	-9.61857
2.366	-11.6864
2.367	-13.7237
2.368	-15.6992
2.369	-17.5758
2.37	-19.3082
2.371	-20.8477
2.372	-22.1459
2.373	-23.1568
2.374	-23.8416
2.375	-24.1706
2.376	-24.1272
2.377	-23.7082
2.378	-22.9261
2.379	-21.8059
2.38	-20.3879
2.381	-18.7208
2.382	-16.8625
2.383	-14.8753
2.384	-12.8217
2.385	-10.7609
2.386	-8.74679
2.387	-6.82326
2.388	-5.02314
2.389	-3.36632
2.39	-1.85604
2.391	-0.481041
2.392	0.787918
2.393	1.99936
2.394	3.21851
2.395	4.5331
2.396	6.05003
2.397	7.89936
2.398	10.2332
2.399	13.2253
2.4	17.0704
2.401	21.9815
2.402	28.1828
2.403	35.9036
2.404	45.366
2.405	56.7731
2.406	70.2915
2.407	86.0331
2.408	104.038
2.409	124.254
2.41	146.522
2.411	170.566
2.412	195.985
2.413	222.256
2.414	248.749
2.415	274.743
2.416	299.451
2.417	322.075
2.418	341.832
2.419	357.996
2.42	369.96
2.421	377.256
2.422	379.603
2.423	376.914
2.424	369.313
2.425	357.125
2.426	340.861
2.427	321.193
2.428	298.904
2.429	274.858
2.43	249.945
2.431	225.039
2.432	200.952
2.433	178.422
2.434	158.046
2.435	140.301
2.436	125.512
2.437	113.858
2.438	105.377
2.439	99.9746
2.44	97.4393
2.441	97.463
2.442	99.6581
2.443	103.579
2.444	108.743
2.445	114.655
2.446	120.822
2.447	126.78
2.448	132.108
2.449	136.448
2.45	139.515
2.451	141.112
2.452	141.134
2.453	139.568
2.454	136.498
2.455	132.092
2.456	126.596
2.457	120.316
2.458	113.607
2.459	106.851
2.46	100.443
2.461	94.7699
2.462	90.1932
2.463	87.0368
2.464	85.569
2.465	85.9938
2.466	88.4396
2.467	92.954
2.468	99.4958
2.469	107.937
2.47	118.06
2.471	129.569
2.472	142.09
2.473	155.191
2.474	168.391
2.475	181.188
2.476	193.074
2.477	203.563
2.478	212.212
2.479	218.647
2.48	222.578
2.481	223.817
2.482	222.286
2.483	218.021
2.484	211.163
2.485	201.954
2.486	190.718
2.487	177.836
2.488	163.732
2.489	148.843
2.49	133.598
2.491	118.4
2.492	103.603
2.493	89.51
2.494	76.3557
2.495	64.3109
2.496	53.4805
2.497	43.9116
2.498	35.5983
2.499	28.4929
2.5	22.5162
2.501	17.5662
2.502	13.5278
2.503	10.2809
2.504	7.70639
2.505	5.6909
2.506	4.12988
2.507	2.92933
2.508	2.0063
2.509	1.28833
2.51	0.71222
2.511	0.222371
2.512	-0.231247
2.513	-0.695154
2.514	-1.2144
2.515	-1.8344
2.516	-2.60247
2.517	-3.56887
2.518	-4.78747
2.519	-6.31551
2.52	-8.21293
2.521	-10.5406
2.522	-13.3583
2.523	-16.7208
2.524	-20.6746
2.525	-25.2533
2.526	-30.4723
2.527	-36.3254
2.528	-42.7794
2.529	-49.771
2.53	-57.2052
2.531	-64.955
2.532	-72.8631
2.533	-80.7459
2.534	-88.3988
2.535	-95.6065
2.536	-102.15
2.537	-107.819
2.538	-112.422
2.539	-115.799
2.54	-117.825
2.541	-118.424
2.542	-117.569
2.543	-115.284
2.544	-111.642
2.545	-106.763
2.546	-100.804
2.547	-93.9493
2.548	-86.404
2.549	-78.3797
2.55	-70.0856
2.551	-61.7192
2.552	-53.459
2.553	-45.459
2.554	-37.8449
2.555	-30.7134
2.556	-24.1325
2.557	-18.1446
2.558	-12.7688
2.559	-8.00527
2.56	-3.83985
2.561	-0.247494
2.562	2.80382
2.563	5.35051
2.564	7.43094
2.565	9.08425
2.566	10.3495
2.567	11.2654
2.568	11.8706
2.569	12.2039
2.57	12.3045
2.571	12.2124
2.572	11.9685
2.573	11.6144
2.574	11.1922
2.575	10.7438
2.576	10.3107
2.577	9.93284
2.578	9.64804
2.579	9.49158
2.58	9.49528
2.581	9.68721
2.582	10.0913
2.583	10.727
2.584	11.6091
2.585	12.7473
2.586	14.1462
2.587	15.8047
2.588	17.7157
2.589	19.8652
2.59	22.2319
2.591	24.7865
2.592	27.4899
2.593	30.2938
2.594	33.1408
2.595	35.9618
2.596	38.6803
2.597	41.2111
2.598	43.463
2.599	45.3435
2.6	46.7612
2.601	47.6301
2.602	47.8763
2.603	47.4428
2.604	46.2953
2.605	44.4264
2.606	41.8628
2.607	38.6665
2.608	34.9393
2.609	30.8258
2.61	26.5125
2.611	22.2272
2.612	18.2394
2.613	14.8551
2.614	12.4148
2.615	11.287
2.616	11.8596
2.617	14.5341
2.618	19.7108
2.619	27.7767
2.62	39.09
2.621	53.9608
2.622	72.6301
2.623	95.2497
2.624	121.861
2.625	152.373
2.626	186.548
2.627	223.989
2.628	264.142
2.629	306.289
2.63	349.567
2.631	392.993
2.632	435.496
2.633	475.957
2.634	513.263
2.635	546.344
2.636	574.241
2.637	596.145
2.638	611.434
2.639	619.719
2.64	620.854
2.641	614.93
2.642	602.298
2.643	583.516
2.644	559.328
2.645	530.63
2.646	498.403
2.647	463.678
2.648	427.475
2.649	390.777
2.65	354.461
2.651	319.293
2.652	285.9
2.653	254.756
2.654	226.19
2.655	200.381
2.656	177.386
2.657	157.147
2.658	139.521
2.659	124.3
2.66	111.23
2.661	100.037
2.662	90.4393
2.663	82.1658
2.664	74.9668
2.665	68.6192
2.666	62.9331
2.667	57.7533
2.668	52.9582
2.669	48.4578
2.67	44.1905
2.671	40.1184
2.672	36.2228
2.673	32.4997
2.674	28.9554
2.675	25.6013
2.676	22.4523
2.677	19.5229
2.678	16.8249
2.679	14.3668
2.68	12.1522
2.681	10.18
2.682	8.44416
2.683	6.93449
2.684	5.63719
2.685	4.53577
2.686	3.61194
2.687	2.84633
2.688	2.2195
2.689	1.71246
2.69	1.30724
2.691	0.987271
2.692	0.737633
2.693	0.54519
2.694	0.398595
2.695	0.28825
2.696	0.206162
2.697	0.145801
2.698	0.101913
2.699	0.0703376
2.7	0.0478239
2.701	0.0318631
2.702	0.020536
2.703	0.0123788
2.704	0.00626774
2.705	0.00132192
2.706	-0.00317866
2.707	-0.00786279
2.708	-0.0133223
2.709	-0.0201603
2.71	-0.0290263
2.711	-0.040642
2.712	-0.0558094
2.713	-0.0754081
2.714	-0.10036
2.715	-0.131562
2.716	-0.169785
2.717	-0.215511
2.718	-0.26867
2.719	-0.328371
2.72	-0.392442
2.721	-0.456877
2.722	-0.515328
2.723	-0.558162
2.724	-0.571819
2.725	-0.537596
2.726	-0.431041
2.727	-0.220694
2.728	0.132616
2.729	0.676285
2.73	1.46652
2.731	2.56806
2.732	4.05347
2.733	6.00196
2.734	8.49743
2.735	11.6244
2.736	15.4669
2.737	20.1003
2.738	25.589
2.739	31.9807
2.74	39.2988
2.741	47.5386
2.742	56.662
2.743	66.5932
2.744	77.2179
2.745	88.3801
2.746	99.8882
2.747	111.514
2.748	123.004
2.749	134.084
2.75	144.472
2.751	153.889
2.752	162.07
2.753	168.781
2.754	173.822
2.755	177.047
2.756	178.361
2.757	177.733
2.758	175.191
2.759	170.827
2.76	164.784
2.761	157.256
2.762	148.471
2.763	138.687
2.764	128.174
2.765	117.209
2.766	106.055
2.767	94.961
2.768	84.1482
2.769	73.8077
2.77	64.0943
2.771	55.1282
2.772	46.9931
2.773	39.741
2.774	33.3951
2.775	27.9546
2.776	23.3995
2.777	19.6972
2.778	16.8058
2.779	14.6794
2.78	13.2712
2.781	12.5359
2.782	12.4315
2.783	12.9197
2.784	13.9655
2.785	15.5365
2.786	17.6005
2.787	20.1244
2.788	23.0712
2.789	26.3986
2.79	30.0563
2.791	33.9862
2.792	38.1197
2.793	42.3793
2.794	46.6796
2.795	50.9283
2.796	55.0294
2.797	58.8862
2.798	62.4053
2.799	65.5009
2.8	68.0987
2.801	70.1401
2.802	71.5842
2.803	72.4122
2.804	72.6277
2.805	72.257
2.806	71.3492
2.807	69.9735
2.808	68.2164
2.809	66.1783
2.81	63.9682
2.811	61.6996
2.812	59.4839
2.813	57.4274
2.814	55.6266
2.815	54.1623
2.816	53.099
2.817	52.4814
2.818	52.3335
2.819	52.6607
2.82	53.447
2.821	54.6597
2.822	56.2513
2.823	58.1642
2.824	60.3316
2.825	62.6864
2.826	65.16
2.827	67.6912
2.828	70.2262
2.829	72.7243
2.83	75.1578
2.831	77.5141
2.832	79.795
2.833	82.0151
2.834	84.2005
2.835	86.3824
2.836	88.5954
2.837	90.8702
2.838	93.2304
2.839	95.687
2.84	98.2336
2.841	100.845
2.842	103.475
2.843	106.058
2.844	108.511
2.845	110.736
2.846	112.63
2.847	114.09
2.848	115.021
2.849	115.347
2.85	115.016
2.851	114.008
2.852	112.344
2.853	110.084
2.854	107.33
2.855	104.226
2.856	100.95
2.857	97.7089
2.858	94.7269
2.859	92.2355
2.86	90.4598
2.861	89.6064
2.862	89.8496
2.863	91.322
2.864	94.1022
2.865	98.2102
2.866	103.6
2.867	110.162
2.868	117.721
2.869	126.046
2.87	134.859
2.871	143.842
2.872	152.655
2.873	160.95
2.874	168.389
2.875	174.657
2.876	179.476
2.877	182.631
2.878	183.953
2.879	183.361
2.88	180.837
2.881	176.437
2.882	170.299
2.883	162.61
2.884	153.618
2.885	143.608
2.886	132.894
2.887	121.797
2.888	110.638
2.889	99.7214
2.89	89.3207
2.891	79.6713
2.892	70.9627
2.893	63.3345
2.894	56.8708
2.895	51.6057
2.896	47.5228
2.897	44.5607
2.898	42.6186
2.899	41.5659
2.9	41.2474
2.901	41.4939
2.902	42.1301
2.903	42.982
2.904	43.8862
2.905	44.6951
2.906	45.2844
2.907	45.5556
2.908	45.4406
2.909	44.9036
2.91	43.9406
2.911	42.5778
2.912	40.8692
2.913	38.892
2.914	36.742
2.915	34.5263
2.916	32.358
2.917	30.3474
2.918	28.5977
2.919	27.1967
2.92	26.2143
2.921	25.6954
2.922	25.662
2.923	26.1076
2.924	27.0013
2.925	28.2882
2.926	29.8943
2.927	31.7291
2.928	33.6938
2.929	35.6835
2.93	37.5961
2.931	39.3352
2.932	40.8178
2.933	41.9753
2.934	42.76
2.935	43.1433
2.936	43.1211
2.937	42.7098
2.938	41.947
2.939	40.8895
2.94	39.6118
2.941	38.2008
2.942	36.7551
2.943	35.3808
2.944	34.1893
2.945	33.294
2.946	32.8082
2.947	32.8435
2.948	33.509
2.949	34.9084
2.95	37.1407
2.951	40.2992
2.952	44.4685
2.953	49.7265
2.954	56.1424
2.955	63.7731
2.956	72.6639
2.957	82.8435
2.958	94.3242
2.959	107.095
2.96	121.121
2.961	136.337
2.962	152.649
2.963	169.926
2.964	187.999
2.965	206.664
2.966	225.673
2.967	244.753
2.968	263.595
2.969	281.856
2.97	299.192
2.971	315.241
2.972	329.642
2.973	342.065
2.974	352.196
2.975	359.764
2.976	364.559
2.977	366.429
2.978	365.291
2.979	361.142
2.98	354.055
2.981	344.178
2.982	331.732
2.983	316.994
2.984	300.3
2.985	282.018
2.986	262.546
2.987	242.29
2.988	221.652
2.989	201.013
2.99	180.734
2.991	161.134
2.992	142.49
2.993	125.029
2.994	108.933
2.995	94.3342
2.996	81.3184
2.997	69.9333
2.998	60.1912
2.999	52.0751
3	45.5461
3.001	40.5488
3.002	37.0156
3.003	34.8719
3.004	34.0391
3.005	34.4365
3.006	35.9817
3.007	38.5921
3.008	42.1818
3.009	46.6634
3.01	51.9437
3.011	57.9242
3.012	64.499
3.013	71.5537
3.014	78.9662
3.015	86.607
3.016	94.3391
3.017	102.022
3.018	109.513
3.019	116.669
3.02	123.353
3.021	129.434
3.022	134.791
3.023	139.318
3.024	142.924
3.025	145.536
3.026	147.098
3.027	147.576
3.028	146.957
3.029	145.245
3.03	142.465
3.031	138.66
3.032	133.891
3.033	128.233
3.034	121.776
3.035	114.625
3.036	106.893
3.037	98.7047
3.038	90.1899
3.039	81.4839
3.04	72.7253
3.041	64.0504
3.042	55.5942
3.043	47.4836
3.044	39.8371
3.045	32.7616
3.046	26.3496
3.047	20.6777
3.048	15.8049
3.049	11.7735
3.05	8.60604
3.051	6.30784
3.052	4.86761
3.053	4.25868
3.054	4.44152
3.055	5.36407
3.056	6.96465
3.057	9.17449
3.058	11.9184
3.059	15.1176
3.06	18.6909
3.061	22.5553
3.062	26.6291
3.063	30.8325
3.064	35.0886
3.065	39.3248
3.066	43.476
3.067	47.484
3.068	51.3001
3.069	54.8877
3.07	58.2212
3.071	61.2888
3.072	64.0926
3.073	66.6489
3.074	68.9864
3.075	71.1461
3.076	73.1789
3.077	75.1424
3.078	77.0982
3.079	79.1076
3.08	81.2291
3.081	83.5123
3.082	85.997
3.083	88.7089
3.084	91.6563
3.085	94.8319
3.086	98.2095
3.087	101.746
3.088	105.385
3.089	109.057
3.09	112.685
3.091	116.189
3.092	119.488
3.093	122.51
3.094	125.189
3.095	127.476
3.096	129.336
3.097	130.752
3.098	131.726
3.099	132.274
3.1	132.429
3.101	132.236
3.102	131.745
3.103	131.009
3.104	130.08
3.105	129.001
3.106	127.806
3.107	126.513
3.108	125.122
3.109	123.619
3.11	121.969
3.111	120.122
3.112	118.016
3.113	115.578
3.114	112.733
3.115	109.405
3.116	105.523
3.117	101.031
3.118	95.8862
3.119	90.0656
3.12	83.5681
3.121	76.4181
3.122	68.6626
3.123	60.3744
3.124	51.6459
3.125	42.59
3.126	33.3335
3.127	24.0138
3.128	14.7741
3.129	5.75835
3.13	-2.89364
3.131	-11.0514
3.132	-18.5967
3.133	-25.4283
3.134	-31.464
3.135	-36.6424
3.136	-40.9248
3.137	-44.2953
3.138	-46.7593
3.139	-48.3429
3.14	-49.0913
3.141	-49.0656
3.142	-48.3405
3.143	-47.0004
3.144	-45.1367
3.145	-42.8439
3.146	-40.2173
3.147	-37.3501
3.148	-34.3292
3.149	-31.2352
3.15	-28.14
3.151	-25.1048
3.152	-22.1808
3.153	-19.408
3.154	-16.8157
3.155	-14.4231
3.156	-12.2398
3.157	-10.2666
3.158	-8.49715
3.159	-6.91824
3.16	-5.51117
3.161	-4.25269
3.162	-3.11563
3.163	-2.06968
3.164	-1.08183
3.165	-0.116783
3.166	0.862805
3.167	1.89605
3.168	3.0238
3.169	4.28847
3.17	5.73368
3.171	7.40424
3.172	9.34576
3.173	11.604
3.174	14.2248
3.175	17.253
3.176	20.7324
3.177	24.7051
3.178	29.2104
3.179	34.2864
3.18	39.9684
3.181	46.2906
3.182	53.2862
3.183	60.9894
3.184	69.4373
3.185	78.6713
3.186	88.7397
3.187	99.6999
3.188	111.62
3.189	124.579
3.19	138.672
3.191	153.999
3.192	170.675
3.193	188.815
3.194	208.534
3.195	229.934
3.196	253.106
3.197	278.103
3.198	304.938
3.199	333.576
3.2	363.916
3.201	395.781
3.202	428.925
3.203	463.014
3.204	497.635
3.205	532.301
3.206	566.449
3.207	599.483
3.208	630.765
3.209	659.637
3.21	685.476
3.211	707.67
3.212	725.694
3.213	739.091
3.214	747.522
3.215	750.771
3.216	748.737
3.217	741.481
3.218	729.181
3.219	712.15
3.22	690.813
3.221	665.694
3.222	637.388
3.223	606.542
3.224	573.83
3.225	539.926
3.226	505.475
3.227	471.08
3.228	437.281
3.229	404.546
3.23	373.254
3.231	343.697
3.232	316.082
3.233	290.527
3.234	267.07
3.235	245.681
3.236	226.277
3.237	208.72
3.238	192.839
3.239	178.442
3.24	165.319
3.241	153.26
3.242	142.057
3.243	131.513
3.244	121.446
3.245	111.694
3.246	102.119
3.247	92.6038
3.248	83.0578
3.249	73.4165
3.25	63.6388
3.251	53.7108
3.252	43.643
3.253	33.4695
3.254	23.2484
3.255	13.0601
3.256	3.00514
3.257	-6.79563
3.258	-16.206
3.259	-25.0758
3.26	-33.2455
3.261	-40.5504
3.262	-46.8252
3.263	-51.9107
3.264	-55.6591
3.265	-57.9399
3.266	-58.6481
3.267	-57.7076
3.268	-55.0768
3.269	-50.7551
3.27	-44.7831
3.271	-37.2461
3.272	-28.2731
3.273	-18.0366
3.274	-6.74647
3.275	5.35154
3.276	17.9859
3.277	30.866
3.278	43.6896
3.279	56.1546
3.28	67.9679
3.281	78.8538
3.282	88.5646
3.283	96.8879
3.284	103.652
3.285	108.732
3.286	112.05
3.287	113.582
3.288	113.348
3.289	111.419
3.29	107.904
3.291	102.951
3.292	96.7343
3.293	89.4528
3.294	81.3178
3.295	72.5466
3.296	63.3557
3.297	53.9524
3.298	44.5305
3.299	35.2638
3.3	26.3033
3.301	17.7747
3.302	9.77571
3.303	2.37725
3.304	-4.37693
3.305	-10.4666
3.306	-15.8959
3.307	-20.6867
3.308	-24.8776
3.309	-28.5196
3.31	-31.6719
3.311	-34.3991
3.312	-36.7667
3.313	-38.839
3.314	-40.6771
3.315	-42.3339
3.316	-43.856
3.317	-45.2802
3.318	-46.6346
3.319	-47.937
3.32	-49.196
3.321	-50.4132
3.322	-51.5813
3.323	-52.688
3.324	-53.7156
3.325	-54.643
3.326	-55.4476
3.327	-56.1038
3.328	-56.5864
3.329	-56.8702
3.33	-56.9296
3.331	-56.7394
3.332	-56.2735
3.333	-55.5067
3.334	-54.412
3.335	-52.9608
3.336	-51.1244
3.337	-48.8724
3.338	-46.1745
3.339	-43
3.34	-39.321
3.341	-35.1131
3.342	-30.3583
3.343	-25.046
3.344	-19.1764
3.345	-12.7635
3.346	-5.83676
3.347	1.55784
3.348	9.35636
3.349	17.4762
3.35	25.8168
3.351	34.2616
3.352	42.6816
3.353	50.9354
3.354	58.8776
3.355	66.3596
3.356	73.2378
3.357	79.3763
3.358	84.6526
3.359	88.9634
3.36	92.2243
3.361	94.3776
3.362	95.3904
3.363	95.2567
3.364	93.9968
3.365	91.6558
3.366	88.3004
3.367	84.0186
3.368	78.912
3.369	73.0952
3.37	66.6905
3.371	59.8236
3.372	52.6213
3.373	45.2077
3.374	37.7006
3.375	30.2116
3.376	22.8432
3.377	15.6878
3.378	8.82847
3.379	2.33805
3.38	-3.72079
3.381	-9.29451
3.382	-14.3389
3.383	-18.8174
3.384	-22.7024
3.385	-25.9736
3.386	-28.6181
3.387	-30.6306
3.388	-32.0136
3.389	-32.7755
3.39	-32.9336
3.391	-32.5103
3.392	-31.5362
3.393	-30.0467
3.394	-28.0831
3.395	-25.6918
3.396	-22.9223
3.397	-19.8266
3.398	-16.4586
3.399	-12.8718
3.4	-9.11951
3.401	-5.25296
3.402	-1.32069
3.403	2.63175
3.404	6.56266
3.405	10.4347
3.406	14.2141
3.407	17.8712
3.408	21.3802
3.409	24.7186
3.41	27.8665
3.411	30.8062
3.412	33.5231
3.413	36.0032
3.414	38.2346
3.415	40.206
3.416	41.9078
3.417	43.3307
3.418	44.4675
3.419	45.3111
3.42	45.856
3.421	46.0977
3.422	46.0328
3.423	45.6581
3.424	44.972
3.425	43.9724
3.426	42.6581
3.427	41.0276
3.428	39.0787
3.429	36.8091
3.43	34.2159
3.431	31.2969
3.432	28.0495
3.433	24.4727
3.434	20.5668
3.435	16.3361
3.436	11.7889
3.437	6.93862
3.438	1.80623
3.439	-3.58033
3.44	-9.18316
3.441	-14.956
3.442	-20.8425
3.443	-26.778
3.444	-32.6877
3.445	-38.492
3.446	-44.1041
3.447	-49.4351
3.448	-54.3952
3.449	-58.8965
3.45	-62.8554
3.451	-66.1954
3.452	-68.8503
3.453	-70.7641
3.454	-71.8943
3.455	-72.213
3.456	-71.706
3.457	-70.3737
3.458	-68.231
3.459	-65.3049
3.46	-61.6353
3.461	-57.2709
3.462	-52.2702
3.463	-46.6976
3.464	-40.6237
3.465	-34.1218
3.466	-27.2686
3.467	-20.142
3.468	-12.821
3.469	-5.38335
3.47	2.09254
3.471	9.52892
3.472	16.8499
3.473	23.981
3.474	30.8493
3.475	37.384
3.476	43.5183
3.477	49.1877
3.478	54.3332
3.479	58.9013
3.48	62.8458
3.481	66.1289
3.482	68.7159
3.483	70.597
3.484	71.7532
3.485	72.1992
3.486	71.9438
3.487	71.0177
3.488	69.4653
3.489	67.3387
3.49	64.7082
3.491	61.6452
3.492	58.2381
3.493	54.5819
3.494	50.7747
3.495	46.9174
3.496	43.1141
3.497	39.4666
3.498	36.0733
3.499	33.0257
3.5	30.4065
3.501	28.2889
3.502	26.732
3.503	25.7805
3.504	25.4656
3.505	25.7995
3.506	26.778
3.507	28.3811
3.508	30.571
3.509	33.2937
3.51	36.482
3.511	40.0549
3.512	43.9213
3.513	47.981
3.514	52.1305
3.515	56.2612
3.516	60.268
3.517	64.0476
3.518	67.5039
3.519	70.5509
3.52	73.1143
3.521	75.1338
3.522	76.5654
3.523	77.3819
3.524	77.5737
3.525	77.1484
3.526	76.1312
3.527	74.563
3.528	72.4997
3.529	70.0091
3.53	67.1704
3.531	64.0705
3.532	60.8025
3.533	57.4624
3.534	54.1478
3.535	50.9554
3.536	47.9784
3.537	45.3059
3.538	43.0199
3.539	41.1962
3.54	39.9012
3.541	39.1924
3.542	39.1166
3.543	39.7107
3.544	40.9987
3.545	42.9942
3.546	45.6973
3.547	49.0954
3.548	53.1623
3.549	57.858
3.55	63.1292
3.551	68.9084
3.552	75.1147
3.553	81.6546
3.554	88.4242
3.555	95.3088
3.556	102.187
3.557	108.932
3.558	115.414
3.559	121.505
3.56	127.083
3.561	132.031
3.562	136.245
3.563	139.633
3.564	142.123
3.565	143.66
3.566	144.215
3.567	143.77
3.568	142.34
3.569	139.958
3.57	136.677
3.571	132.565
3.572	127.706
3.573	122.2
3.574	116.155
3.575	109.682
3.576	102.895
3.577	95.9084
3.578	88.8297
3.579	81.7603
3.58	74.7921
3.581	68.0061
3.582	61.4711
3.583	55.2436
3.584	49.3673
3.585	43.8744
3.586	38.7844
3.587	34.1083
3.588	29.8477
3.589	25.9965
3.59	22.5437
3.591	19.4727
3.592	16.7651
3.593	14.4004
3.594	12.3569
3.595	10.6136
3.596	9.14891
3.597	7.94351
3.598	6.97879
3.599	6.2367
3.6	5.70119
3.601	5.35649
3.602	5.18769
3.603	5.18017
3.604	5.31928
3.605	5.59036
3.606	5.97837
3.607	6.46777
3.608	7.04271
3.609	7.68679
3.61	8.38361
3.611	9.11668
3.612	9.86999
3.613	10.6277
3.614	11.3761
3.615	12.1018
3.616	12.7941
3.617	13.4438
3.618	14.0441
3.619	14.5907
3.62	15.0826
3.621	15.5201
3.622	15.9072
3.623	16.2499
3.624	16.5556
3.625	16.8343
3.626	17.0973
3.627	17.3575
3.628	17.6287
3.629	17.9251
3.63	18.263
3.631	18.658
3.632	19.1282
3.633	19.6915
3.634	20.3678
3.635	21.1791
3.636	22.1494
3.637	23.305
3.638	24.6753
3.639	26.2927
3.64	28.1938
3.641	30.4171
3.642	33.0045
3.643	36.0006
3.644	39.4505
3.645	43.3997
3.646	47.8924
3.647	52.9695
3.648	58.6648
3.649	65.0061
3.65	72.0106
3.651	79.6809
3.652	88.0061
3.653	96.9569
3.654	106.485
3.655	116.522
3.656	126.977
3.657	137.738
3.658	148.673
3.659	159.632
3.66	170.449
3.661	180.939
3.662	190.92
3.663	200.196
3.664	208.581
3.665	215.889
3.666	221.952
3.667	226.625
3.668	229.779
3.669	231.324
3.67	231.195
3.671	229.374
3.672	225.866
3.673	220.729
3.674	214.047
3.675	205.946
3.676	196.581
3.677	186.126
3.678	174.79
3.679	162.781
3.68	150.329
3.681	137.653
3.682	124.975
3.683	112.504
3.684	100.424
3.685	88.9107
3.686	78.1089
3.687	68.1346
3.688	59.0774
3.689	50.9984
3.69	43.9287
3.691	37.8728
3.692	32.812
3.693	28.704
3.694	25.4891
3.695	23.0913
3.696	21.4242
3.697	20.3924
3.698	19.8969
3.699	19.8358
3.7	20.1096
3.701	20.6234
3.702	21.2863
3.703	22.0177
3.704	22.7439
3.705	23.403
3.706	23.9425
3.707	24.3213
3.708	24.51
3.709	24.4884
3.71	24.2461
3.711	23.7834
3.712	23.1076
3.713	22.2326
3.714	21.1796
3.715	19.9737
3.716	18.6436
3.717	17.2204
3.718	15.7365
3.719	14.2243
3.72	12.7159
3.721	11.2413
3.722	9.82873
3.723	8.50386
3.724	7.2892
3.725	6.20501
3.726	5.26767
3.727	4.491
3.728	3.88657
3.729	3.46305
3.73	3.22686
3.731	3.18316
3.732	3.33612
3.733	3.68734
3.734	4.23917
3.735	4.991
3.736	5.94283
3.737	7.09303
3.738	8.43843
3.739	9.97468
3.74	11.6958
3.741	13.5924
3.742	15.6536
3.743	17.8645
3.744	20.2071
3.745	22.66
3.746	25.1974
3.747	27.7902
3.748	30.4058
3.749	33.008
3.75	35.5585
3.751	38.017
3.752	40.3422
3.753	42.492
3.754	44.4261
3.755	46.1057
3.756	47.4965
3.757	48.5659
3.758	49.2882
3.759	49.6433
3.76	49.6157
3.761	49.1983
3.762	48.3898
3.763	47.1944
3.764	45.624
3.765	43.6951
3.766	41.429
3.767	38.8512
3.768	35.9897
3.769	32.8753
3.77	29.5405
3.771	26.017
3.772	22.3371
3.773	18.5337
3.774	14.6372
3.775	10.678
3.776	6.68573
3.777	2.68991
3.778	-1.28085
3.779	-5.1973
3.78	-9.02956
3.781	-12.7458
3.782	-16.313
3.783	-19.696
3.784	-22.857
3.785	-25.7561
3.786	-28.3525
3.787	-30.6015
3.788	-32.4585
3.789	-33.8795
3.79	-34.8191
3.791	-35.2349
3.792	-35.0871
3.793	-34.3393
3.794	-32.9605
3.795	-30.9261
3.796	-28.2192
3.797	-24.83
3.798	-20.7584
3.799	-16.0138
3.8	-10.615
3.801	-4.59126
3.802	2.01896
3.803	9.16677
3.804	16.7943
3.805	24.8355
3.806	33.2159
3.807	41.8544
3.808	50.6645
3.809	59.5549
3.81	68.429
3.811	77.196
3.812	85.7516
3.813	94.008
3.814	101.863
3.815	109.236
3.816	116.04
3.817	122.195
3.818	127.642
3.819	132.32
3.82	136.179
3.821	139.19
3.822	141.331
3.823	142.593
3.824	142.986
3.825	142.526
3.826	141.249
3.827	139.203
3.828	136.447
3.829	133.049
3.83	129.086
3.831	124.65
3.832	119.829
3.833	114.719
3.834	109.415
3.835	104.013
3.836	98.6025
3.837	93.2706
3.838	88.0935
3.839	83.1404
3.84	78.4685
3.841	74.1231
3.842	70.1366
3.843	66.5283
3.844	63.3053
3.845	60.4608
3.846	57.9778
3.847	55.8281
3.848	53.9749
3.849	52.3756
3.85	50.9823
3.851	49.7442
3.852	48.6102
3.853	47.5325
3.854	46.4656
3.855	45.3702
3.856	44.2137
3.857	42.9724
3.858	41.6308
3.859	40.1835
3.86	38.6334
3.861	36.9926
3.862	35.2821
3.863	33.5289
3.864	31.7657
3.865	30.0296
3.866	28.3596
3.867	26.7972
3.868	25.3814
3.869	24.1501
3.87	23.1379
3.871	22.3731
3.872	21.8798
3.873	21.6754
3.874	21.7693
3.875	22.1648
3.876	22.8573
3.877	23.8361
3.878	25.0823
3.879	26.5733
3.88	28.2792
3.881	30.1674
3.882	32.2021
3.883	34.3454
3.884	36.5585
3.885	38.8033
3.886	41.0437
3.887	43.2465
3.888	45.383
3.889	47.4293
3.89	49.3676
3.891	51.1867
3.892	52.884
3.893	54.4624
3.894	55.9325
3.895	57.3136
3.896	58.6298
3.897	59.9107
3.898	61.1906
3.899	62.5071
3.9	63.8978
3.901	65.401
3.902	67.0517
3.903	68.8814
3.904	70.9155
3.905	73.1713
3.906	75.6578
3.907	78.3737
3.908	81.3075
3.909	84.4357
3.91	87.7253
3.911	91.1314
3.912	94.6009
3.913	98.0729
3.914	101.48
3.915	104.75
3.916	107.811
3.917	110.59
3.918	113.019
3.919	115.034
3.92	116.582
3.921	117.615
3.922	118.102
3.923	118.021
3.924	117.365
3.925	116.142
3.926	114.372
3.927	112.088
3.928	109.334
3.929	106.166
3.93	102.646
3.931	98.8413
3.932	94.8252
3.933	90.6703
3.934	86.4483
3.935	82.2272
3.936	78.0704
3.937	74.0347
3.938	70.1677
3.939	66.5093
3.94	63.0897
3.941	59.9287
3.942	57.0379
3.943	54.4203
3.944	52.071
3.945	49.9794
3.946	48.1292
3.947	46.5
3.948	45.0704
3.949	43.8168
3.95	42.7169
3.951	41.7487
3.952	40.8943
3.953	40.1372
3.954	39.4656
3.955	38.8702
3.956	38.3467
3.957	37.8943
3.958	37.5148
3.959	37.2134
3.96	36.9968
3.961	36.874
3.962	36.8551
3.963	36.9496
3.964	37.1671
3.965	37.5167
3.966	38.0064
3.967	38.642
3.968	39.428
3.969	40.367
3.97	41.4589
3.971	42.7037
3.972	44.0977
3.973	45.6366
3.974	47.3139
3.975	49.1224
3.976	51.053
3.977	53.0967
3.978	55.2423
3.979	57.4778
3.98	59.7915
3.981	62.169
3.982	64.597
3.983	67.0614
3.984	69.5469
3.985	72.0392
3.986	74.5241
3.987	76.9881
3.988	79.4193
3.989	81.8078
3.99	84.1452
3.991	86.428
3.992	88.6549
3.993	90.8284
3.994	92.9557
3.995	95.0488
3.996	97.1224
3.997	99.196
3.998	101.291
3.999	103.431
4	105.641
4.001	107.945
4.002	110.364
4.003	112.916
4.004	115.614
4.005	118.465
4.006	121.466
4.007	124.607
4.008	127.87
4.009	131.225
4.01	134.636
4.011	138.058
4.012	141.439
4.013	144.723
4.014	147.85
4.015	150.76
4.016	153.396
4.017	155.703
4.018	157.634
4.019	159.149
4.02	160.219
4.021	160.827
4.022	160.968
4.023	160.647
4.024	159.885
4.025	158.71
4.026	157.165
4.027	155.296
4.028	153.16
4.029	150.817
4.03	148.327
4.031	145.753
4.032	143.153
4.033	140.584
4.034	138.096
4.035	135.732
4.036	133.528
4.037	131.512
4.038	129.706
4.039	128.122
4.04	126.769
4.041	125.645
4.042	124.747
4.043	124.068
4.044	123.598
4.045	123.323
4.046	123.229
4.047	123.305
4.048	123.534
4.049	123.903
4.05	124.398
4.051	125.003
4.052	125.703
4.053	126.48
4.054	127.316
4.055	128.188
4.056	129.072
4.057	129.94
4.058	130.762
4.059	131.504
4.06	132.13
4.061	132.603
4.062	132.883
4.063	132.933
4.064	132.715
4.065	132.197
4.066	131.35
4.067	130.147
4.068	128.574
4.069	126.62
4.07	124.283
4.071	121.572
4.072	118.501
4.073	115.097
4.074	111.391
4.075	107.423
4.076	103.241
4.077	98.8959
4.078	94.4428
4.079	89.9389
4.08	85.4425
4.081	81.0103
4.082	76.6979
4.083	72.5559
4.084	68.6308
4.085	64.9631
4.086	61.5869
4.087	58.5291
4.088	55.8094
4.089	53.4395
4.09	51.4238
4.091	49.7599
4.092	48.4384
4.093	47.4439
4.094	46.7564
4.095	46.3502
4.096	46.1976
4.097	46.267
4.098	46.526
4.099	46.9409
4.1	47.4785
4.101	48.106
4.102	48.7924
4.103	49.5087
4.104	50.2278
4.105	50.9267
4.106	51.5839
4.107	52.1812
4.108	52.704
4.109	53.1404
4.11	53.4801
4.111	53.7156
4.112	53.8429
4.113	53.8573
4.114	53.7574
4.115	53.5424
4.116	53.2127
4.117	52.7693
4.118	52.214
4.119	51.5501
4.12	50.7802
4.121	49.9094
4.122	48.9428
4.123	47.8866
4.124	46.7481
4.125	45.5353
4.126	44.2593
4.127	42.9306
4.128	41.562
4.129	40.1665
4.13	38.7596
4.131	37.3557
4.132	35.972
4.133	34.6237
4.134	33.3271
4.135	32.0974
4.136	30.9483
4.137	29.8924
4.138	28.9399
4.139	28.099
4.14	27.3747
4.141	26.7693
4.142	26.2808
4.143	25.9042
4.144	25.6321
4.145	25.4521
4.146	25.3493
4.147	25.3059
4.148	25.3017
4.149	25.3139
4.15	25.3201
4.151	25.2953
4.152	25.2163
4.153	25.0594
4.154	24.804
4.155	24.4306
4.156	23.9235
4.157	23.2712
4.158	22.465
4.159	21.5019
4.16	20.3824
4.161	19.1131
4.162	17.7034
4.163	16.1687
4.164	14.5267
4.165	12.7985
4.166	11.0084
4.167	9.18123
4.168	7.34319
4.169	5.52057
4.17	3.73811
4.171	2.0196
4.172	0.386568
4.173	-1.14332
4.174	-2.55431
4.175	-3.83483
4.176	-4.97719
4.177	-5.97654
4.178	-6.83226
4.179	-7.54627
4.18	-8.12211
4.181	-8.56716
4.182	-8.88882
4.183	-9.09576
4.184	-9.19698
4.185	-9.20019
4.186	-9.11279
4.187	-8.93991
4.188	-8.68509
4.189	-8.34871
4.19	-7.92947
4.191	-7.42163
4.192	-6.81722
4.193	-6.1046
4.194	-5.26951
4.195	-4.2938
4.196	-3.15652
4.197	-1.83371
4.198	-0.298522
4.199	1.47911
4.2	3.53085
4.201	5.89203
4.202	8.59961
4.203	11.6925
4.204	15.2118
4.205	19.2005
4.206	23.7015
4.207	28.7584
4.208	34.4158
4.209	40.7159
4.21	47.6999
4.211	55.4042
4.212	63.8621
4.213	73.1009
4.214	83.1398
4.215	93.9888
4.216	105.648
4.217	118.105
4.218	131.333
4.219	145.29
4.22	159.921
4.221	175.151
4.222	190.89
4.223	207.031
4.224	223.448
4.225	240.009
4.226	256.555
4.227	272.927
4.228	288.955
4.229	304.456
4.23	319.254
4.231	333.167
4.232	346.018
4.233	357.644
4.234	367.888
4.235	376.607
4.236	383.684
4.237	389.01
4.238	392.515
4.239	394.147
4.24	393.876
4.241	391.707
4.242	387.671
4.243	381.827
4.244	374.254
4.245	365.066
4.246	354.385
4.247	342.368
4.248	329.173
4.249	314.985
4.25	299.982
4.251	284.363
4.252	268.317
4.253	252.033
4.254	235.695
4.255	219.481
4.256	203.554
4.257	188.061
4.258	173.133
4.259	158.883
4.26	145.407
4.261	132.777
4.262	121.05
4.263	110.261
4.264	100.426
4.265	91.5472
4.266	83.6089
4.267	76.5832
4.268	70.4309
4.269	65.1035
4.27	60.5463
4.271	56.6986
4.272	53.4994
4.273	50.8853
4.274	48.795
4.275	47.1697
4.276	45.9547
4.277	45.0996
4.278	44.5604
4.279	44.2985
4.28	44.2812
4.281	44.4814
4.282	44.8772
4.283	45.4518
4.284	46.1909
4.285	47.0845
4.286	48.124
4.287	49.3011
4.288	50.6093
4.289	52.0398
4.29	53.5826
4.291	55.2265
4.292	56.9582
4.293	58.7609
4.294	60.6163
4.295	62.5039
4.296	64.401
4.297	66.2841
4.298	68.1289
4.299	69.911
4.3	71.6076
4.301	73.1967
4.302	74.6591
4.303	75.9785
4.304	77.1417
4.305	78.1407
4.306	78.9695
4.307	79.6282
4.308	80.1202
4.309	80.4528
4.31	80.6369
4.311	80.687
4.312	80.6195
4.313	80.4524
4.314	80.2063
4.315	79.9013
4.316	79.5585
4.317	79.1976
4.318	78.8387
4.319	78.4997
4.32	78.1979
4.321	77.9489
4.322	77.7664
4.323	77.6626
4.324	77.6478
4.325	77.732
4.326	77.9226
4.327	78.2265
4.328	78.6497
4.329	79.196
4.33	79.8702
4.331	80.6738
4.332	81.6093
4.333	82.6771
4.334	83.8769
4.335	85.2079
4.336	86.6671
4.337	88.2516
4.338	89.9579
4.339	91.7805
4.34	93.7159
4.341	95.7593
4.342	97.9068
4.343	100.156
4.344	102.508
4.345	104.964
4.346	107.529
4.347	110.213
4.348	113.03
4.349	115.998
4.35	119.139
4.351	122.482
4.352	126.058
4.353	129.901
4.354	134.051
4.355	138.548
4.356	143.429
4.357	148.734
4.358	154.498
4.359	160.75
4.36	167.511
4.361	174.796
4.362	182.608
4.363	190.933
4.364	199.75
4.365	209.022
4.366	218.697
4.367	228.704
4.368	238.969
4.369	249.393
4.37	259.874
4.371	270.304
4.372	280.563
4.373	290.531
4.374	300.09
4.375	309.129
4.376	317.535
4.377	325.225
4.378	332.108
4.379	338.12
4.38	343.22
4.381	347.378
4.382	350.585
4.383	352.857
4.384	354.226
4.385	354.743
4.386	354.467
4.387	353.48
4.388	351.854
4.389	349.688
4.39	347.069
4.391	344.081
4.392	340.807
4.393	337.31
4.394	333.657
4.395	329.884
4.396	326.031
4.397	322.105
4.398	318.104
4.399	314.015
4.4	309.808
4.401	305.446
4.402	300.884
4.403	296.074
4.404	290.964
4.405	285.507
4.406	279.658
4.407	273.384
4.408	266.662
4.409	259.48
4.41	251.84
4.411	243.754
4.412	235.256
4.413	226.384
4.414	217.191
4.415	207.746
4.416	198.117
4.417	188.388
4.418	178.638
4.419	168.956
4.42	159.42
4.421	150.117
4.422	141.124
4.423	132.512
4.424	124.349
4.425	116.695
4.426	109.601
4.427	103.115
4.428	97.2741
4.429	92.1134
4.43	87.662
4.431	83.9447
4.432	80.9839
4.433	78.7998
4.434	77.4116
4.435	76.8384
4.436	77.0987
4.437	78.2121
4.438	80.1973
4.439	83.0736
4.44	86.8589
4.441	91.5694
4.442	97.2179
4.443	103.812
4.444	111.355
4.445	119.841
4.446	129.254
4.447	139.566
4.448	150.738
4.449	162.715
4.45	175.427
4.451	188.788
4.452	202.693
4.453	217.022
4.454	231.642
4.455	246.398
4.456	261.13
4.457	275.663
4.458	289.815
4.459	303.401
4.46	316.234
4.461	328.132
4.462	338.919
4.463	348.438
4.464	356.538
4.465	363.096
4.466	368.01
4.467	371.204
4.468	372.632
4.469	372.276
4.47	370.155
4.471	366.307
4.472	360.813
4.473	353.769
4.474	345.306
4.475	335.566
4.476	324.713
4.477	312.924
4.478	300.386
4.479	287.28
4.48	273.793
4.481	260.104
4.482	246.381
4.483	232.775
4.484	219.422
4.485	206.447
4.486	193.938
4.487	181.977
4.488	170.616
4.489	159.891
4.49	149.817
4.491	140.391
4.492	131.599
4.493	123.41
4.494	115.787
4.495	108.685
4.496	102.058
4.497	95.8554
4.498	90.0302
4.499	84.5386
4.5	79.3422
4.501	74.4091
4.502	69.7143
4.503	65.2407
4.504	60.9798
4.505	56.929
4.506	53.0945
4.507	49.4862
4.508	46.1202
4.509	43.0151
4.51	40.1922
4.511	37.6732
4.512	35.4794
4.513	33.6305
4.514	32.143
4.515	31.0312
4.516	30.3033
4.517	29.9656
4.518	30.0167
4.519	30.4531
4.52	31.2648
4.521	32.4383
4.522	33.9576
4.523	35.8021
4.524	37.9492
4.525	40.375
4.526	43.0553
4.527	45.964
4.528	49.0778
4.529	52.3733
4.53	55.8297
4.531	59.4278
4.532	63.1518
4.533	66.9888
4.534	70.9283
4.535	74.9637
4.536	79.0916
4.537	83.3104
4.538	87.6228
4.539	92.0321
4.54	96.544
4.541	101.165
4.542	105.902
4.543	110.763
4.544	115.753
4.545	120.878
4.546	126.138
4.547	131.534
4.548	137.061
4.549	142.711
4.55	148.471
4.551	154.322
4.552	160.241
4.553	166.2
4.554	172.164
4.555	178.095
4.556	183.951
4.557	189.682
4.558	195.239
4.559	200.569
4.56	205.618
4.561	210.329
4.562	214.652
4.563	218.531
4.564	221.922
4.565	224.775
4.566	227.053
4.567	228.725
4.568	229.762
4.569	230.145
4.57	229.866
4.571	228.922
4.572	227.317
4.573	225.062
4.574	222.185
4.575	218.707
4.576	214.668
4.577	210.105
4.578	205.064
4.579	199.594
4.58	193.745
4.581	187.571
4.582	181.128
4.583	174.47
4.584	167.652
4.585	160.726
4.586	153.745
4.587	146.758
4.588	139.813
4.589	132.953
4.59	126.222
4.591	119.657
4.592	113.295
4.593	107.17
4.594	101.312
4.595	95.7487
4.596	90.5061
4.597	85.607
4.598	81.0713
4.599	76.9182
4.6	73.1633
4.601	69.8205
4.602	66.9014
4.603	64.415
4.604	62.3683
4.605	60.766
4.606	59.6105
4.607	58.9004
4.608	58.6331
4.609	58.802
4.61	59.3972
4.611	60.406
4.612	61.8113
4.613	63.5932
4.614	65.7265
4.615	68.1823
4.616	70.9269
4.617	73.9226
4.618	77.1266
4.619	80.4913
4.62	83.9656
4.621	87.4942
4.622	91.018
4.623	94.4753
4.624	97.8017
4.625	100.933
4.626	103.802
4.627	106.345
4.628	108.501
4.629	110.209
4.63	111.416
4.631	112.073
4.632	112.139
4.633	111.581
4.634	110.374
4.635	108.505
4.636	105.97
4.637	102.776
4.638	98.9396
4.639	94.4884
4.64	89.4614
4.641	83.9052
4.642	77.8747
4.643	71.4335
4.644	64.6504
4.645	57.598
4.646	50.3538
4.647	42.9952
4.648	35.6015
4.649	28.2494
4.65	21.0138
4.651	13.965
4.652	7.16838
4.653	0.683805
4.654	-5.4367
4.655	-11.1478
4.656	-16.4129
4.657	-21.2024
4.658	-25.4968
4.659	-29.2825
4.66	-32.5546
4.661	-35.3149
4.662	-37.572
4.663	-39.3397
4.664	-40.6353
4.665	-41.4814
4.666	-41.9007
4.667	-41.9187
4.668	-41.5601
4.669	-40.8483
4.67	-39.8049
4.671	-38.4483
4.672	-36.7924
4.673	-34.849
4.674	-32.6228
4.675	-30.1154
4.676	-27.3233
4.677	-24.2388
4.678	-20.8512
4.679	-17.1456
4.68	-13.108
4.681	-8.72108
4.682	-3.96979
4.683	1.15874
4.684	6.67513
4.685	12.5835
4.686	18.8843
4.687	25.5688
4.688	32.6218
4.689	40.019
4.69	47.7278
4.691	55.7073
4.692	63.9078
4.693	72.2731
4.694	80.74
4.695	89.241
4.696	97.7057
4.697	106.063
4.698	114.245
4.699	122.184
4.7	129.822
4.701	137.11
4.702	144.007
4.703	150.49
4.704	156.546
4.705	162.182
4.706	167.421
4.707	172.302
4.708	176.883
4.709	181.238
4.71	185.453
4.711	189.63
4.712	193.876
4.713	198.308
4.714	203.043
4.715	208.196
4.716	213.878
4.717	220.185
4.718	227.206
4.719	235.002
4.72	243.62
4.721	253.073
4.722	263.358
4.723	274.437
4.724	286.236
4.725	298.66
4.726	311.585
4.727	324.856
4.728	338.302
4.729	351.723
4.73	364.913
4.731	377.654
4.732	389.721
4.733	400.897
4.734	410.97
4.735	419.737
4.736	427.015
4.737	432.657
4.738	436.53
4.739	438.535
4.74	438.609
4.741	436.729
4.742	432.895
4.743	427.163
4.744	419.605
4.745	410.341
4.746	399.505
4.747	387.272
4.748	373.83
4.749	359.393
4.75	344.174
4.751	328.409
4.752	312.33
4.753	296.163
4.754	280.138
4.755	264.467
4.756	249.348
4.757	234.971
4.758	221.494
4.759	209.058
4.76	197.789
4.761	187.77
4.762	179.084
4.763	171.771
4.764	165.855
4.765	161.338
4.766	158.202
4.767	156.401
4.768	155.885
4.769	156.581
4.77	158.408
4.771	161.275
4.772	165.072
4.773	169.702
4.774	175.048
4.775	181.002
4.776	187.455
4.777	194.291
4.778	201.408
4.779	208.704
4.78	216.082
4.781	223.446
4.782	230.718
4.783	237.811
4.784	244.651
4.785	251.174
4.786	257.317
4.787	263.017
4.788	268.222
4.789	272.888
4.79	276.961
4.791	280.411
4.792	283.194
4.793	285.279
4.794	286.639
4.795	287.255
4.796	287.112
4.797	286.198
4.798	284.517
4.799	282.079
4.8	278.902
4.801	275.016
4.802	270.47
4.803	265.312
4.804	259.622
4.805	253.472
4.806	246.959
4.807	240.195
4.808	233.291
4.809	226.376
4.81	219.585
4.811	213.054
4.812	206.922
4.813	201.333
4.814	196.42
4.815	192.313
4.816	189.13
4.817	186.973
4.818	185.937
4.819	186.083
4.82	187.465
4.821	190.105
4.822	194
4.823	199.129
4.824	205.437
4.825	212.845
4.826	221.256
4.827	230.541
4.828	240.558
4.829	251.144
4.83	262.121
4.831	273.305
4.832	284.499
4.833	295.507
4.834	306.138
4.835	316.204
4.836	325.519
4.837	333.926
4.838	341.27
4.839	347.422
4.84	352.276
4.841	355.749
4.842	357.779
4.843	358.331
4.844	357.399
4.845	354.989
4.846	351.141
4.847	345.909
4.848	339.376
4.849	331.627
4.85	322.77
4.851	312.921
4.852	302.2
4.853	290.738
4.854	278.67
4.855	266.125
4.856	253.23
4.857	240.111
4.858	226.89
4.859	213.681
4.86	200.587
4.861	187.707
4.862	175.128
4.863	162.935
4.864	151.2
4.865	139.989
4.866	129.361
4.867	119.37
4.868	110.065
4.869	101.488
4.87	93.6825
4.871	86.6844
4.872	80.5289
4.873	75.249
4.874	70.8756
4.875	67.437
4.876	64.9595
4.877	63.4659
4.878	62.9759
4.879	63.5039
4.88	65.0582
4.881	67.6411
4.882	71.2465
4.883	75.8589
4.884	81.4528
4.885	87.9916
4.886	95.4271
4.887	103.699
4.888	112.733
4.889	122.445
4.89	132.739
4.891	143.508
4.892	154.637
4.893	166.003
4.894	177.478
4.895	188.937
4.896	200.245
4.897	211.282
4.898	221.926
4.899	232.07
4.9	241.617
4.901	250.482
4.902	258.599
4.903	265.915
4.904	272.411
4.905	278.071
4.906	282.908
4.907	286.95
4.908	290.249
4.909	292.869
4.91	294.887
4.911	296.397
4.912	297.497
4.913	298.297
4.914	298.898
4.915	299.416
4.916	299.95
4.917	300.603
4.918	301.461
4.919	302.606
4.92	304.105
4.921	306.013
4.922	308.374
4.923	311.212
4.924	314.544
4.925	318.371
4.926	322.687
4.927	327.475
4.928	332.704
4.929	338.345
4.93	344.359
4.931	350.701
4.932	357.334
4.933	364.211
4.934	371.291
4.935	378.523
4.936	385.869
4.937	393.286
4.938	400.73
4.939	408.16
4.94	415.53
4.941	422.794
4.942	429.904
4.943	436.799
4.944	443.432
4.945	449.724
4.946	455.614
4.947	461.028
4.948	465.877
4.949	470.087
4.95	473.564
4.951	476.221
4.952	477.979
4.953	478.753
4.954	478.474
4.955	477.073
4.956	474.508
4.957	470.739
4.958	465.758
4.959	459.573
4.96	452.204
4.961	443.705
4.962	434.155
4.963	423.641
4.964	412.291
4.965	400.228
4.966	387.612
4.967	374.607
4.968	361.382
4.969	348.119
4.97	334.988
4.971	322.171
4.972	309.825
4.973	298.107
4.974	287.149
4.975	277.066
4.976	267.951
4.977	259.876
4.978	252.879
4.979	246.981
4.98	242.171
4.981	238.42
4.982	235.666
4.983	233.837
4.984	232.838
4.985	232.556
4.986	232.867
4.987	233.65
4.988	234.761
4.989	236.072
4.99	237.445
4.991	238.763
4.992	239.905
4.993	240.769
4.994	241.261
4.995	241.315
4.996	240.876
4.997	239.9
4.998	238.378
4.999	236.312
5	233.716
5.001	230.638
5.002	227.124
5.003	223.252
5.004	219.1
5.005	214.763
5.006	210.346
5.007	205.955
5.008	201.704
5.009	197.706
5.01	194.078
5.011	190.923
5.012	188.348
5.013	186.446
5.014	185.306
5.015	184.998
5.016	185.584
5.017	187.104
5.018	189.591
5.019	193.049
5.02	197.472
5.021	202.831
5.022	209.078
5.023	216.149
5.024	223.958
5.025	232.404
5.026	241.366
5.027	250.716
5.028	260.308
5.029	269.992
5.03	279.605
5.031	288.988
5.032	297.984
5.033	306.431
5.034	314.185
5.035	321.105
5.036	327.069
5.037	331.97
5.038	335.726
5.039	338.267
5.04	339.549
5.041	339.553
5.042	338.279
5.043	335.753
5.044	332.016
5.045	327.127
5.046	321.169
5.047	314.232
5.048	306.412
5.049	297.823
5.05	288.573
5.051	278.78
5.052	268.554
5.053	258.004
5.054	247.239
5.055	236.353
5.056	225.436
5.057	214.569
5.058	203.825
5.059	193.27
5.06	182.958
5.061	172.934
5.062	163.237
5.063	153.905
5.064	144.963
5.065	136.431
5.066	128.326
5.067	120.66
5.068	113.442
5.069	106.677
5.07	100.365
5.071	94.5035
5.072	89.0874
5.073	84.1073
5.074	79.5514
5.075	75.4049
5.076	71.6491
5.077	68.2648
5.078	65.2288
5.079	62.5164
5.08	60.1028
5.081	57.9611
5.082	56.0646
5.083	54.3869
5.084	52.9026
5.085	51.5874
5.086	50.419
5.087	49.3769
5.088	48.4422
5.089	47.5999
5.09	46.8364
5.091	46.1398
5.092	45.5013
5.093	44.9132
5.094	44.3695
5.095	43.8647
5.096	43.3943
5.097	42.9534
5.098	42.5379
5.099	42.1424
5.1	41.7616
5.101	41.3882
5.102	41.0154
5.103	40.6356
5.104	40.2397
5.105	39.8197
5.106	39.3676
5.107	38.8753
5.108	38.3361
5.109	37.7461
5.11	37.1028
5.111	36.4065
5.112	35.6594
5.113	34.8699
5.114	34.0476
5.115	33.2076
5.116	32.3686
5.117	31.5527
5.118	30.787
5.119	30.1015
5.12	29.5305
5.121	29.1105
5.122	28.8808
5.123	28.883
5.124	29.16
5.125	29.7555
5.126	30.7127
5.127	32.0758
5.128	33.8859
5.129	36.1822
5.13	39.0013
5.131	42.3747
5.132	46.329
5.133	50.8853
5.134	56.0553
5.135	61.8445
5.136	68.2478
5.137	75.25
5.138	82.8242
5.139	90.9328
5.14	99.5238
5.141	108.535
5.142	117.89
5.143	127.5
5.144	137.267
5.145	147.08
5.146	156.823
5.147	166.37
5.148	175.592
5.149	184.358
5.15	192.538
5.151	200.006
5.152	206.641
5.153	212.334
5.154	216.987
5.155	220.513
5.156	222.851
5.157	223.95
5.158	223.779
5.159	222.334
5.16	219.623
5.161	215.686
5.162	210.567
5.163	204.338
5.164	197.088
5.165	188.915
5.166	179.929
5.167	170.252
5.168	160.011
5.169	149.335
5.17	138.357
5.171	127.207
5.172	116.012
5.173	104.894
5.174	93.9698
5.175	83.3458
5.176	73.1224
5.177	63.3888
5.178	54.2256
5.179	45.7034
5.18	37.8834
5.181	30.8178
5.182	24.5488
5.183	19.1115
5.184	14.5318
5.185	10.8281
5.186	8.01125
5.187	6.08548
5.188	5.04788
5.189	4.88817
5.19	5.58933
5.191	7.12821
5.192	9.47397
5.193	12.5897
5.194	16.4309
5.195	20.946
5.196	26.0765
5.197	31.7571
5.198	37.9161
5.199	44.4759
5.2	51.3525
5.201	58.4585
5.202	65.7028
5.203	72.991
5.204	80.2294
5.205	87.3255
5.206	94.1883
5.207	100.732
5.208	106.881
5.209	112.564
5.21	117.726
5.211	122.322
5.212	126.326
5.213	129.725
5.214	132.526
5.215	134.757
5.216	136.462
5.217	137.706
5.218	138.573
5.219	139.157
5.22	139.576
5.221	139.956
5.222	140.428
5.223	141.126
5.224	142.195
5.225	143.763
5.226	145.957
5.227	148.885
5.228	152.646
5.229	157.303
5.23	162.909
5.231	169.482
5.232	177.006
5.233	185.437
5.234	194.706
5.235	204.708
5.236	215.305
5.237	226.349
5.238	237.656
5.239	249.037
5.24	260.286
5.241	271.197
5.242	281.56
5.243	291.177
5.244	299.864
5.245	307.459
5.246	313.81
5.247	318.808
5.248	322.373
5.249	324.448
5.25	325.02
5.251	324.103
5.252	321.746
5.253	318.021
5.254	313.033
5.255	306.906
5.256	299.777
5.257	291.794
5.258	283.121
5.259	273.91
5.26	264.317
5.261	254.488
5.262	244.559
5.263	234.651
5.264	224.866
5.265	215.295
5.266	206.007
5.267	197.053
5.268	188.469
5.269	180.281
5.27	172.498
5.271	165.123
5.272	158.154
5.273	151.576
5.274	145.386
5.275	139.578
5.276	134.144
5.277	129.083
5.278	124.407
5.279	120.121
5.28	116.249
5.281	112.807
5.282	109.827
5.283	107.336
5.284	105.361
5.285	103.931
5.286	103.067
5.287	102.784
5.288	103.091
5.289	103.986
5.29	105.447
5.291	107.451
5.292	109.958
5.293	112.902
5.294	116.217
5.295	119.823
5.296	123.621
5.297	127.508
5.298	131.375
5.299	135.11
5.3	138.597
5.301	141.72
5.302	144.381
5.303	146.482
5.304	147.94
5.305	148.687
5.306	148.673
5.307	147.866
5.308	146.26
5.309	143.866
5.31	140.713
5.311	136.864
5.312	132.381
5.313	127.359
5.314	121.899
5.315	116.112
5.316	110.119
5.317	104.046
5.318	98.0141
5.319	92.1497
5.32	86.5617
5.321	81.3432
5.322	76.5938
5.323	72.3811
5.324	68.7629
5.325	65.7796
5.326	63.4473
5.327	61.7674
5.328	60.7298
5.329	60.2976
5.33	60.4344
5.331	61.0871
5.332	62.1861
5.333	63.6722
5.334	65.4737
5.335	67.5196
5.336	69.7439
5.337	72.0852
5.338	74.4871
5.339	76.9036
5.34	79.2956
5.341	81.6346
5.342	83.9013
5.343	86.0871
5.344	88.1889
5.345	90.2137
5.346	92.1729
5.347	94.0839
5.348	95.9659
5.349	97.8397
5.35	99.7259
5.351	101.644
5.352	103.609
5.353	105.634
5.354	107.726
5.355	109.887
5.356	112.112
5.357	114.393
5.358	116.716
5.359	119.059
5.36	121.402
5.361	123.715
5.362	125.971
5.363	128.14
5.364	130.191
5.365	132.094
5.366	133.822
5.367	135.35
5.368	136.653
5.369	137.719
5.37	138.528
5.371	139.073
5.372	139.346
5.373	139.346
5.374	139.08
5.375	138.548
5.376	137.759
5.377	136.729
5.378	135.465
5.379	133.981
5.38	132.296
5.381	130.42
5.382	128.367
5.383	126.151
5.384	123.785
5.385	121.278
5.386	118.636
5.387	115.871
5.388	112.991
5.389	110.001
5.39	106.902
5.391	103.704
5.392	100.411
5.393	97.0289
5.394	93.5659
5.395	90.0315
5.396	86.4396
5.397	82.8024
5.398	79.1356
5.399	75.4621
5.4	71.8094
5.401	68.2005
5.402	64.6703
5.403	61.2522
5.404	57.9881
5.405	54.9193
5.406	52.0916
5.407	49.5533
5.408	47.3554
5.409	45.5498
5.41	44.1909
5.411	43.3332
5.412	43.0315
5.413	43.3406
5.414	44.3149
5.415	46.0067
5.416	48.4663
5.417	51.742
5.418	55.8772
5.419	60.9123
5.42	66.8801
5.421	73.8082
5.422	81.7156
5.423	90.6128
5.424	100.498
5.425	111.358
5.426	123.166
5.427	135.88
5.428	149.441
5.429	163.772
5.43	178.784
5.431	194.362
5.432	210.379
5.433	226.689
5.434	243.131
5.435	259.528
5.436	275.696
5.437	291.439
5.438	306.563
5.439	320.871
5.44	334.167
5.441	346.265
5.442	356.998
5.443	366.213
5.444	373.776
5.445	379.578
5.446	383.545
5.447	385.631
5.448	385.819
5.449	384.126
5.45	380.609
5.451	375.344
5.452	368.448
5.453	360.059
5.454	350.34
5.455	339.48
5.456	327.673
5.457	315.13
5.458	302.065
5.459	288.701
5.46	275.246
5.461	261.913
5.462	248.892
5.463	236.363
5.464	224.498
5.465	213.43
5.466	203.289
5.467	194.169
5.468	186.149
5.469	179.281
5.47	173.595
5.471	169.101
5.472	165.784
5.473	163.615
5.474	162.541
5.475	162.498
5.476	163.404
5.477	165.166
5.478	167.682
5.479	170.837
5.48	174.513
5.481	178.584
5.482	182.924
5.483	187.401
5.484	191.889
5.485	196.26
5.486	200.391
5.487	204.163
5.488	207.47
5.489	210.209
5.49	212.287
5.491	213.629
5.492	214.162
5.493	213.841
5.494	212.623
5.495	210.488
5.496	207.43
5.497	203.451
5.498	198.578
5.499	192.851
5.5	186.317
5.501	179.042
5.502	171.102
5.503	162.575
5.504	153.555
5.505	144.143
5.506	134.437
5.507	124.535
5.508	114.549
5.509	104.569
5.51	94.6992
5.511	85.0305
5.512	75.6472
5.513	66.6289
5.514	58.0456
5.515	49.9598
5.516	42.4248
5.517	35.4852
5.518	29.1771
5.519	23.528
5.52	18.5582
5.521	14.2821
5.522	10.7063
5.523	7.83387
5.524	5.66292
5.525	4.18766
5.526	3.40039
5.527	3.29081
5.528	3.84769
5.529	5.05816
5.53	6.90842
5.531	9.384
5.532	12.4688
5.533	16.1456
5.534	20.3952
5.535	25.196
5.536	30.5238
5.537	36.3493
5.538	42.6385
5.539	49.3531
5.54	56.4489
5.541	63.8744
5.542	71.572
5.543	79.4781
5.544	87.5219
5.545	95.6276
5.546	103.713
5.547	111.694
5.548	119.483
5.549	126.99
5.55	134.129
5.551	140.812
5.552	146.96
5.553	152.495
5.554	157.356
5.555	161.482
5.556	164.833
5.557	167.37
5.558	169.079
5.559	169.953
5.56	170.003
5.561	169.254
5.562	167.74
5.563	165.513
5.564	162.632
5.565	159.164
5.566	155.187
5.567	150.785
5.568	146.038
5.569	141.035
5.57	135.863
5.571	130.599
5.572	125.325
5.573	120.111
5.574	115.022
5.575	110.115
5.576	105.438
5.577	101.031
5.578	96.9235
5.579	93.1385
5.58	89.6889
5.581	86.5813
5.582	83.8143
5.583	81.3811
5.584	79.2696
5.585	77.4624
5.586	75.9396
5.587	74.678
5.588	73.6523
5.589	72.8358
5.59	72.2008
5.591	71.7211
5.592	71.3695
5.593	71.1205
5.594	70.9492
5.595	70.8342
5.596	70.7561
5.597	70.6983
5.598	70.6478
5.599	70.5954
5.6	70.537
5.601	70.4711
5.602	70.403
5.603	70.3416
5.604	70.3014
5.605	70.3011
5.606	70.365
5.607	70.5206
5.608	70.7992
5.609	71.2359
5.61	71.8666
5.611	72.7301
5.612	73.8634
5.613	75.3037
5.614	77.0842
5.615	79.2365
5.616	81.785
5.617	84.7484
5.618	88.1385
5.619	91.9563
5.62	96.1951
5.621	100.836
5.622	105.851
5.623	111.199
5.624	116.829
5.625	122.678
5.626	128.675
5.627	134.737
5.628	140.776
5.629	146.697
5.63	152.398
5.631	157.781
5.632	162.744
5.633	167.18
5.634	171
5.635	174.109
5.636	176.428
5.637	177.882
5.638	178.417
5.639	177.978
5.64	176.537
5.641	174.068
5.642	170.573
5.643	166.059
5.644	160.552
5.645	154.095
5.646	146.734
5.647	138.543
5.648	129.596
5.649	119.983
5.65	109.8
5.651	99.1555
5.652	88.1616
5.653	76.9386
5.654	65.6083
5.655	54.2953
5.656	43.1295
5.657	32.2265
5.658	21.7192
5.659	11.7192
5.66	2.33612
5.661	-6.32069
5.662	-14.1613
5.663	-21.1022
5.664	-27.0855
5.665	-32.0501
5.666	-35.9608
5.667	-38.8078
5.668	-40.5913
5.669	-41.3271
5.67	-41.0604
5.671	-39.8425
5.672	-37.7506
5.673	-34.8715
5.674	-31.3046
5.675	-27.1594
5.676	-22.5578
5.677	-17.6221
5.678	-12.4711
5.679	-7.22686
5.68	-1.99871
5.681	3.09769
5.682	7.96915
5.683	12.5321
5.684	16.7192
5.685	20.4692
5.686	23.7468
5.687	26.5263
5.688	28.7982
5.689	30.5752
5.69	31.867
5.691	32.7121
5.692	33.1491
5.693	33.2262
5.694	33.0077
5.695	32.5578
5.696	31.9344
5.697	31.2147
5.698	30.4724
5.699	29.7719
5.7	29.1806
5.701	28.7693
5.702	28.5861
5.703	28.6986
5.704	29.142
5.705	29.9647
5.706	31.1889
5.707	32.8406
5.708	34.9274
5.709	37.4492
5.71	40.3969
5.711	43.7433
5.712	47.4592
5.713	51.5029
5.714	55.8226
5.715	60.3522
5.716	65.0334
5.717	69.794
5.718	74.5594
5.719	79.2603
5.72	83.821
5.721	88.1764
5.722	92.2651
5.723	96.0398
5.724	99.4496
5.725	102.471
5.726	105.084
5.727	107.286
5.728	109.091
5.729	110.518
5.73	111.618
5.731	112.444
5.732	113.066
5.733	113.564
5.734	114.037
5.735	114.588
5.736	115.329
5.737	116.379
5.738	117.859
5.739	119.893
5.74	122.602
5.741	126.103
5.742	130.506
5.743	135.913
5.744	142.408
5.745	150.064
5.746	158.933
5.747	169.05
5.748	180.419
5.749	193.027
5.75	206.826
5.751	221.753
5.752	237.709
5.753	254.571
5.754	272.193
5.755	290.407
5.756	309.022
5.757	327.838
5.758	346.642
5.759	365.202
5.76	383.307
5.761	400.733
5.762	417.269
5.763	432.725
5.764	446.918
5.765	459.698
5.766	470.935
5.767	480.533
5.768	488.416
5.769	494.544
5.77	498.914
5.771	501.536
5.772	502.458
5.773	501.745
5.774	499.492
5.775	495.79
5.776	490.765
5.777	484.537
5.778	477.24
5.779	468.994
5.78	459.933
5.781	450.18
5.782	439.846
5.783	429.039
5.784	417.85
5.785	406.372
5.786	394.682
5.787	382.841
5.788	370.913
5.789	358.943
5.79	346.979
5.791	335.058
5.792	323.217
5.793	311.481
5.794	299.894
5.795	288.472
5.796	277.252
5.797	266.264
5.798	255.535
5.799	245.101
5.8	234.994
5.801	225.252
5.802	215.908
5.803	207.008
5.804	198.589
5.805	190.691
5.806	183.358
5.807	176.635
5.808	170.567
5.809	165.193
5.81	160.561
5.811	156.712
5.812	153.683
5.813	151.507
5.814	150.223
5.815	149.848
5.816	150.407
5.817	151.91
5.818	154.354
5.819	157.733
5.82	162.026
5.821	167.197
5.822	173.202
5.823	179.979
5.824	187.456
5.825	195.546
5.826	204.147
5.827	213.144
5.828	222.415
5.829	231.825
5.83	241.231
5.831	250.487
5.832	259.439
5.833	267.936
5.834	275.827
5.835	282.968
5.836	289.215
5.837	294.44
5.838	298.531
5.839	301.382
5.84	302.913
5.841	303.063
5.842	301.781
5.843	299.053
5.844	294.88
5.845	289.287
5.846	282.322
5.847	274.051
5.848	264.568
5.849	253.975
5.85	242.406
5.851	229.984
5.852	216.868
5.853	203.208
5.854	189.156
5.855	174.879
5.856	160.53
5.857	146.256
5.858	132.201
5.859	118.497
5.86	105.262
5.861	92.6025
5.862	80.6083
5.863	69.3557
5.864	58.9062
5.865	49.3049
5.866	40.5848
5.867	32.7651
5.868	25.8544
5.869	19.8499
5.87	14.7416
5.871	10.5109
5.872	7.134
5.873	4.58226
5.874	2.82423
5.875	1.82487
5.876	1.54756
5.877	1.95308
5.878	3.00225
5.879	4.65296
5.88	6.86279
5.881	9.5858
5.882	12.7754
5.883	16.3817
5.884	20.3522
5.885	24.6314
5.886	29.1613
5.887	33.8805
5.888	38.7265
5.889	43.6343
5.89	48.5373
5.891	53.3702
5.892	58.0684
5.893	62.5701
5.894	66.8172
5.895	70.7561
5.896	74.3409
5.897	77.5331
5.898	80.3027
5.899	82.6301
5.9	84.5051
5.901	85.928
5.902	86.91
5.903	87.4727
5.904	87.6456
5.905	87.4679
5.906	86.9852
5.907	86.2497
5.908	85.3162
5.909	84.2429
5.91	83.0877
5.911	81.9084
5.912	80.7587
5.913	79.6889
5.914	78.7439
5.915	77.9614
5.916	77.3721
5.917	76.9984
5.918	76.8551
5.919	76.9499
5.92	77.2808
5.921	77.8409
5.922	78.616
5.923	79.5868
5.924	80.7304
5.925	82.0202
5.926	83.428
5.927	84.9251
5.928	86.4836
5.929	88.0762
5.93	89.6783
5.931	91.269
5.932	92.83
5.933	94.348
5.934	95.8139
5.935	97.2233
5.936	98.5758
5.937	99.8763
5.938	101.134
5.939	102.362
5.94	103.578
5.941	104.803
5.942	106.062
5.943	107.383
5.944	108.797
5.945	110.339
5.946	112.045
5.947	113.955
5.948	116.109
5.949	118.549
5.95	121.319
5.951	124.46
5.952	128.013
5.953	132.017
5.954	136.506
5.955	141.508
5.956	147.043
5.957	153.124
5.958	159.754
5.959	166.916
5.96	174.591
5.961	182.74
5.962	191.307
5.963	200.223
5.964	209.405
5.965	218.753
5.966	228.16
5.967	237.503
5.968	246.658
5.969	255.492
5.97	263.865
5.971	271.656
5.972	278.73
5.973	284.976
5.974	290.289
5.975	294.574
5.976	297.764
5.977	299.809
5.978	300.673
5.979	300.345
5.98	298.839
5.981	296.188
5.982	292.445
5.983	287.676
5.984	281.971
5.985	275.427
5.986	268.161
5.987	260.291
5.988	251.947
5.989	243.261
5.99	234.366
5.991	225.401
5.992	216.492
5.993	207.769
5.994	199.354
5.995	191.363
5.996	183.907
5.997	177.078
5.998	170.967
5.999	165.648
6	161.183
6.001	157.623
6.002	154.999
6.003	153.331
6.004	152.619
6.005	152.847
6.006	153.983
6.007	155.975
6.008	158.75
6.009	162.226
6.01	166.302
6.011	170.863
6.012	175.775
6.013	180.904
6.014	186.106
6.015	191.229
6.016	196.126
6.017	200.653
6.018	204.668
6.019	208.04
6.02	210.664
6.021	212.435
6.022	213.274
6.023	213.129
6.024	211.965
6.025	209.768
6.026	206.555
6.027	202.36
6.028	197.242
6.029	191.276
6.03	184.564
6.031	177.207
6.032	169.337
6.033	161.078
6.034	152.571
6.035	143.949
6.036	135.356
6.037	126.922
6.038	118.776
6.039	111.03
6.04	103.8
6.041	97.1726
6.042	91.231
6.043	86.0392
6.044	81.6485
6.045	78.0919
6.046	75.3879
6.047	73.5386
6.048	72.5318
6.049	72.3416
6.05	72.9274
6.051	74.2375
6.052	76.2092
6.053	78.7699
6.054	81.839
6.055	85.3307
6.056	89.1542
6.057	93.2166
6.058	97.4232
6.059	101.683
6.06	105.906
6.061	110.01
6.062	113.917
6.063	117.561
6.064	120.882
6.065	123.832
6.066	126.378
6.067	128.494
6.068	130.168
6.069	131.403
6.07	132.208
6.071	132.604
6.072	132.623
6.073	132.301
6.074	131.682
6.075	130.811
6.076	129.738
6.077	128.51
6.078	127.174
6.079	125.772
6.08	124.343
6.081	122.917
6.082	121.519
6.083	120.166
6.084	118.868
6.085	117.626
6.086	116.434
6.087	115.28
6.088	114.148
6.089	113.012
6.09	111.854
6.091	110.64
6.092	109.349
6.093	107.95
6.094	106.423
6.095	104.748
6.096	102.907
6.097	100.887
6.098	98.6896
6.099	96.3078
6.1	93.7584
6.101	91.0482
6.102	88.1996
6.103	85.2375
6.104	82.1928
6.105	79.1003
6.106	75.999
6.107	72.9299
6.108	69.9373
6.109	67.0643
6.11	64.3557
6.111	61.8538
6.112	59.5996
6.113	57.6292
6.114	55.9759
6.115	54.6665
6.116	53.722
6.117	53.1562
6.118	52.9746
6.119	53.1738
6.12	53.7423
6.121	54.6587
6.122	55.893
6.123	57.4049
6.124	59.1475
6.125	61.0639
6.126	63.0922
6.127	65.1642
6.128	67.2079
6.129	69.1491
6.13	70.9132
6.131	72.428
6.132	73.625
6.133	74.4418
6.134	74.8255
6.135	74.7314
6.136	74.1282
6.137	72.9974
6.138	71.3355
6.139	69.1533
6.14	66.4781
6.141	63.3512
6.142	59.829
6.143	55.982
6.144	51.8907
6.145	47.6478
6.146	43.3525
6.147	39.1102
6.148	35.0289
6.149	31.2179
6.15	27.7831
6.151	24.8278
6.152	22.447
6.153	20.7275
6.154	19.7461
6.155	19.5665
6.156	20.24
6.157	21.8037
6.158	24.2799
6.159	27.6754
6.16	31.9839
6.161	37.1819
6.162	43.2336
6.163	50.0877
6.164	57.6819
6.165	65.9402
6.166	74.776
6.167	84.0925
6.168	93.7847
6.169	103.74
6.17	113.838
6.171	123.955
6.172	133.966
6.173	143.741
6.174	153.15
6.175	162.07
6.176	170.383
6.177	177.968
6.178	184.72
6.179	190.539
6.18	195.346
6.181	199.063
6.182	201.635
6.183	203.023
6.184	203.197
6.185	202.156
6.186	199.907
6.187	196.483
6.188	191.922
6.189	186.292
6.19	179.664
6.191	172.129
6.192	163.783
6.193	154.738
6.194	145.108
6.195	135.006
6.196	124.559
6.197	113.885
6.198	103.103
6.199	92.3262
6.2	81.6616
6.201	71.2098
6.202	61.0633
6.203	51.304
6.204	42.0058
6.205	33.2317
6.206	25.0353
6.207	17.4611
6.208	10.5447
6.209	4.31362
6.21	-1.21144
6.211	-6.01767
6.212	-10.0964
6.213	-13.4447
6.214	-16.0633
6.215	-17.9566
6.216	-19.1311
6.217	-19.5958
6.218	-19.3612
6.219	-18.4399
6.22	-16.8448
6.221	-14.59
6.222	-11.6912
6.223	-8.16485
6.224	-4.02956
6.225	0.695373
6.226	5.98811
6.227	11.8252
6.228	18.1783
6.229	25.0183
6.23	32.3107
6.231	40.017
6.232	48.0951
6.233	56.4965
6.234	65.169
6.235	74.0549
6.236	83.0913
6.237	92.2102
6.238	101.339
6.239	110.403
6.24	119.322
6.241	128.017
6.242	136.406
6.243	144.409
6.244	151.949
6.245	158.95
6.246	165.344
6.247	171.072
6.248	176.083
6.249	180.334
6.25	183.793
6.251	186.45
6.252	188.294
6.253	189.343
6.254	189.614
6.255	189.15
6.256	187.997
6.257	186.215
6.258	183.87
6.259	181.046
6.26	177.821
6.261	174.277
6.262	170.498
6.263	166.567
6.264	162.56
6.265	158.546
6.266	154.584
6.267	150.726
6.268	147.009
6.269	143.459
6.27	140.09
6.271	136.902
6.272	133.886
6.273	131.02
6.274	128.276
6.275	125.618
6.276	123.004
6.277	120.392
6.278	117.739
6.279	115.002
6.28	112.146
6.281	109.138
6.282	105.956
6.283	102.585
6.284	99.0225
6.285	95.2738
6.286	91.356
6.287	87.2969
6.288	83.134
6.289	78.9129
6.29	74.6877
6.291	70.5177
6.292	66.4659
6.293	62.5987
6.294	58.981
6.295	55.678
6.296	52.749
6.297	50.249
6.298	48.2246
6.299	46.7134
6.3	45.7439
6.301	45.3319
6.302	45.481
6.303	46.1825
6.304	47.4161
6.305	49.1478
6.306	51.3329
6.307	53.9152
6.308	56.8307
6.309	60.0058
6.31	63.3641
6.311	66.8223
6.312	70.2995
6.313	73.7134
6.314	76.9859
6.315	80.0453
6.316	82.8281
6.317	85.2789
6.318	87.3551
6.319	89.0267
6.32	90.276
6.321	91.0999
6.322	91.5077
6.323	91.5222
6.324	91.1771
6.325	90.5177
6.326	89.5961
6.327	88.4727
6.328	87.2114
6.329	85.8776
6.33	84.5386
6.331	83.2577
6.332	82.0958
6.333	81.1076
6.334	80.3409
6.335	79.8352
6.336	79.6228
6.337	79.7256
6.338	80.1571
6.339	80.9229
6.34	82.0202
6.341	83.4389
6.342	85.1636
6.343	87.1726
6.344	89.4412
6.345	91.9418
6.346	94.6449
6.347	97.5209
6.348	100.538
6.349	103.667
6.35	106.884
6.351	110.16
6.352	113.475
6.353	116.805
6.354	120.131
6.355	123.439
6.356	126.716
6.357	129.94
6.358	133.108
6.359	136.205
6.36	139.22
6.361	142.134
6.362	144.941
6.363	147.621
6.364	150.159
6.365	152.531
6.366	154.715
6.367	156.685
6.368	158.414
6.369	159.875
6.37	161.03
6.371	161.851
6.372	162.307
6.373	162.363
6.374	161.99
6.375	161.167
6.376	159.869
6.377	158.079
6.378	155.79
6.379	153.004
6.38	149.719
6.381	145.957
6.382	141.74
6.383	137.098
6.384	132.073
6.385	126.714
6.386	121.074
6.387	115.214
6.388	109.198
6.389	103.094
6.39	96.9682
6.391	90.8898
6.392	84.9232
6.393	79.1311
6.394	73.5697
6.395	68.2911
6.396	63.339
6.397	58.7497
6.398	54.5521
6.399	50.7664
6.4	47.4049
6.401	44.4724
6.402	41.9659
6.403	39.8766
6.404	38.1893
6.405	36.884
6.406	35.9373
6.407	35.3236
6.408	35.0135
6.409	34.9785
6.41	35.1883
6.411	35.6144
6.412	36.2285
6.413	37.0032
6.414	37.9136
6.415	38.9364
6.416	40.0495
6.417	41.2333
6.418	42.4688
6.419	43.7394
6.42	45.0286
6.421	46.321
6.422	47.6015
6.423	48.8557
6.424	50.0684
6.425	51.2253
6.426	52.3107
6.427	53.3094
6.428	54.2066
6.429	54.9868
6.43	55.635
6.431	56.1369
6.432	56.4791
6.433	56.6504
6.434	56.6398
6.435	56.4399
6.436	56.046
6.437	55.455
6.438	54.6681
6.439	53.6896
6.44	52.5267
6.441	51.1906
6.442	49.6957
6.443	48.0585
6.444	46.2992
6.445	44.4402
6.446	42.5045
6.447	40.5174
6.448	38.5042
6.449	36.49
6.45	34.5
6.451	32.5572
6.452	30.6838
6.453	28.9001
6.454	27.2233
6.455	25.6684
6.456	24.2478
6.457	22.9711
6.458	21.8445
6.459	20.8731
6.46	20.0588
6.461	19.4017
6.462	18.9001
6.463	18.5517
6.464	18.3531
6.465	18.3004
6.466	18.3901
6.467	18.6186
6.468	18.9839
6.469	19.4843
6.47	20.1199
6.471	20.8924
6.472	21.8049
6.473	22.8618
6.474	24.0691
6.475	25.4338
6.476	26.964
6.477	28.6677
6.478	30.5537
6.479	32.6282
6.48	34.8981
6.481	37.3666
6.482	40.0353
6.483	42.9013
6.484	45.9585
6.485	49.196
6.486	52.5977
6.487	56.1433
6.488	59.8066
6.489	63.5566
6.49	67.3583
6.491	71.1729
6.492	74.9579
6.493	78.669
6.494	82.2612
6.495	85.6896
6.496	88.9103
6.497	91.8824
6.498	94.5684
6.499	96.937
6.5	98.9605
6.501	100.619
6.502	101.898
6.503	102.793
6.504	103.301
6.505	103.431
6.506	103.194
6.507	102.608
6.508	101.694
6.509	100.479
6.51	98.9894
6.511	97.2545
6.512	95.304
6.513	93.1674
6.514	90.8737
6.515	88.4508
6.516	85.9251
6.517	83.3213
6.518	80.6632
6.519	77.9737
6.52	75.2744
6.521	72.5877
6.522	69.9357
6.523	67.3413
6.524	64.8281
6.525	62.4219
6.526	60.1504
6.527	58.0424
6.528	56.1285
6.529	54.4406
6.53	53.0116
6.531	51.8753
6.532	51.0643
6.533	50.6105
6.534	50.5443
6.535	50.8914
6.536	51.6745
6.537	52.9113
6.538	54.6125
6.539	56.7831
6.54	59.419
6.541	62.5096
6.542	66.0353
6.543	69.9679
6.544	74.2706
6.545	78.8988
6.546	83.8011
6.547	88.9197
6.548	94.1909
6.549	99.5479
6.55	104.921
6.551	110.24
6.552	115.436
6.553	120.44
6.554	125.19
6.555	129.627
6.556	133.702
6.557	137.368
6.558	140.592
6.559	143.347
6.56	145.615
6.561	147.388
6.562	148.665
6.563	149.455
6.564	149.772
6.565	149.639
6.566	149.082
6.567	148.131
6.568	146.82
6.569	145.184
6.57	143.258
6.571	141.079
6.572	138.68
6.573	136.094
6.574	133.352
6.575	130.482
6.576	127.509
6.577	124.456
6.578	121.344
6.579	118.19
6.58	115.01
6.581	111.817
6.582	108.624
6.583	105.442
6.584	102.282
6.585	99.1536
6.586	96.0652
6.587	93.027
6.588	90.0482
6.589	87.1382
6.59	84.3069
6.591	81.5639
6.592	78.92
6.593	76.3859
6.594	73.9727
6.595	71.6931
6.596	69.5591
6.597	67.5845
6.598	65.7847
6.599	64.1745
6.6	62.7722
6.601	61.5961
6.602	60.6671
6.603	60.0067
6.604	59.6388
6.605	59.5884
6.606	59.8801
6.607	60.5408
6.608	61.5961
6.609	63.0713
6.61	64.9894
6.611	67.3708
6.612	70.2314
6.613	73.5835
6.614	77.4332
6.615	81.7783
6.616	86.6115
6.617	91.9155
6.618	97.6652
6.619	103.826
6.62	110.356
6.621	117.202
6.622	124.307
6.623	131.604
6.624	139.022
6.625	146.483
6.626	153.91
6.627	161.22
6.628	168.333
6.629	175.169
6.63	181.651
6.631	187.709
6.632	193.275
6.633	198.288
6.634	202.694
6.635	206.45
6.636	209.515
6.637	211.867
6.638	213.482
6.639	214.35
6.64	214.468
6.641	213.836
6.642	212.47
6.643	210.384
6.644	207.606
6.645	204.162
6.646	200.09
6.647	195.427
6.648	190.214
6.649	184.503
6.65	178.337
6.651	171.774
6.652	164.868
6.653	157.672
6.654	150.246
6.655	142.647
6.656	134.934
6.657	127.169
6.658	119.408
6.659	111.71
6.66	104.132
6.661	96.7294
6.662	89.5559
6.663	82.6629
6.664	76.098
6.665	69.9058
6.666	64.1282
6.667	58.8021
6.668	53.9592
6.669	49.6272
6.67	45.8274
6.671	42.5755
6.672	39.8808
6.673	37.7458
6.674	36.1665
6.675	35.1317
6.676	34.6234
6.677	34.617
6.678	35.0807
6.679	35.9785
6.68	37.268
6.681	38.903
6.682	40.8348
6.683	43.0122
6.684	45.3837
6.685	47.8988
6.686	50.5093
6.687	53.1697
6.688	55.8409
6.689	58.4891
6.69	61.0868
6.691	63.6144
6.692	66.0601
6.693	68.42
6.694	70.6983
6.695	72.9052
6.696	75.0575
6.697	77.1774
6.698	79.2902
6.699	81.4245
6.7	83.6093
6.701	85.8721
6.702	88.2394
6.703	90.7343
6.704	93.3744
6.705	96.1732
6.706	99.1372
6.707	102.267
6.708	105.556
6.709	108.993
6.71	112.56
6.711	116.235
6.712	119.993
6.713	123.803
6.714	127.636
6.715	131.462
6.716	135.25
6.717	138.973
6.718	142.606
6.719	146.128
6.72	149.522
6.721	152.773
6.722	155.876
6.723	158.824
6.724	161.618
6.725	164.26
6.726	166.755
6.727	169.111
6.728	171.335
6.729	173.432
6.73	175.41
6.731	177.272
6.732	179.018
6.733	180.647
6.734	182.154
6.735	183.526
6.736	184.758
6.737	185.826
6.738	186.717
6.739	187.414
6.74	187.887
6.741	188.122
6.742	188.095
6.743	187.789
6.744	187.186
6.745	186.272
6.746	185.035
6.747	183.47
6.748	181.572
6.749	179.341
6.75	176.779
6.751	173.897
6.752	170.705
6.753	167.213
6.754	163.44
6.755	159.402
6.756	155.116
6.757	150.601
6.758	145.882
6.759	140.975
6.76	135.9
6.761	130.684
6.762	125.344
6.763	119.902
6.764	114.381
6.765	108.802
6.766	103.187
6.767	97.5594
6.768	91.9396
6.769	86.3512
6.77	80.8162
6.771	75.3554
6.772	69.9913
6.773	64.7429
6.774	59.6305
6.775	54.6713
6.776	49.8811
6.777	45.276
6.778	40.867
6.779	36.6652
6.78	32.679
6.781	28.9148
6.782	25.3776
6.783	22.0694
6.784	18.992
6.785	16.1452
6.786	13.5286
6.787	11.1404
6.788	8.97911
6.789	7.04434
6.79	5.33451
6.791	3.8509
6.792	2.59447
6.793	1.56909
6.794	0.779242
6.795	0.232326
6.796	-0.0628535
6.797	-0.0959512
6.798	0.145308
6.799	0.674518
6.8	1.50623
6.801	2.65533
6.802	4.13641
6.803	5.96401
6.804	8.15103
6.805	10.7069
6.806	13.6395
6.807	16.9521
6.808	20.6443
6.809	24.7095
6.81	29.1359
6.811	33.9055
6.812	38.9942
6.813	44.3699
6.814	49.9965
6.815	55.829
6.816	61.8194
6.817	67.912
6.818	74.0495
6.819	80.1703
6.82	86.2108
6.821	92.1073
6.822	97.7969
6.823	103.219
6.824	108.316
6.825	113.034
6.826	117.327
6.827	121.155
6.828	124.484
6.829	127.29
6.83	129.556
6.831	131.276
6.832	132.45
6.833	133.087
6.834	133.205
6.835	132.83
6.836	131.993
6.837	130.732
6.838	129.091
6.839	127.117
6.84	124.862
6.841	122.38
6.842	119.727
6.843	116.958
6.844	114.129
6.845	111.295
6.846	108.508
6.847	105.816
6.848	103.263
6.849	100.89
6.85	98.7278
6.851	96.8037
6.852	95.1362
6.853	93.7359
6.854	92.606
6.855	91.7407
6.856	91.1256
6.857	90.7388
6.858	90.5511
6.859	90.5263
6.86	90.6231
6.861	90.7953
6.862	90.9945
6.863	91.1703
6.864	91.2728
6.865	91.2539
6.866	91.0691
6.867	90.6787
6.868	90.0498
6.869	89.1568
6.87	87.9826
6.871	86.5199
6.872	84.7706
6.873	82.7458
6.874	80.4666
6.875	77.9621
6.876	75.2693
6.877	72.4322
6.878	69.4984
6.879	66.5199
6.88	63.5508
6.881	60.643
6.882	57.8483
6.883	55.2143
6.884	52.7828
6.885	50.59
6.886	48.6632
6.887	47.0222
6.888	45.6767
6.889	44.6282
6.89	43.8676
6.891	43.3785
6.892	43.1346
6.893	43.1041
6.894	43.2474
6.895	43.5209
6.896	43.8779
6.897	44.2696
6.898	44.6465
6.899	44.9611
6.9	45.1671
6.901	45.2243
6.902	45.0954
6.903	44.751
6.904	44.1674
6.905	43.329
6.906	42.2272
6.907	40.8628
6.908	39.2426
6.909	37.3821
6.91	35.303
6.911	33.0341
6.912	30.608
6.913	28.0627
6.914	25.4396
6.915	22.7825
6.916	20.135
6.917	17.5424
6.918	15.0472
6.919	12.6912
6.92	10.5129
6.921	8.54659
6.922	6.82166
6.923	5.36407
6.924	4.19344
6.925	3.32391
6.926	2.76542
6.927	2.52121
6.928	2.58997
6.929	2.96658
6.93	3.64107
6.931	4.59994
6.932	5.82744
6.933	7.30559
6.934	9.01446
6.935	10.9341
6.936	13.0437
6.937	15.3236
6.938	17.7545
6.939	20.3178
6.94	22.9974
6.941	25.7786
6.942	28.6478
6.943	31.5945
6.944	34.6083
6.945	37.6816
6.946	40.8075
6.947	43.9814
6.948	47.1986
6.949	50.4566
6.95	53.7526
6.951	57.0852
6.952	60.4534
6.953	63.8567
6.954	67.2956
6.955	70.7706
6.956	74.2828
6.957	77.8342
6.958	81.4264
6.959	85.063
6.96	88.7458
6.961	92.4781
6.962	96.2632
6.963	100.103
6.964	103.998
6.965	107.95
6.966	111.957
6.967	116.016
6.968	120.12
6.969	124.259
6.97	128.423
6.971	132.592
6.972	136.748
6.973	140.866
6.974	144.917
6.975	148.868
6.976	152.685
6.977	156.33
6.978	159.763
6.979	162.942
6.98	165.828
6.981	168.382
6.982	170.566
6.983	172.351
6.984	173.71
6.985	174.621
6.986	175.068
6.987	175.049
6.988	174.572
6.989	173.644
6.99	172.286
6.991	170.533
6.992	168.421
6.993	165.996
6.994	163.31
6.995	160.419
6.996	157.382
6.997	154.259
6.998	151.111
6.999	147.995
7	144.965
7.001	142.07
7.002	139.353
7.003	136.846
7.004	134.577
7.005	132.563
7.006	130.811
7.007	129.322
7.008	128.086
7.009	127.086
7.01	126.301
7.011	125.701
7.012	125.254
7.013	124.925
7.014	124.677
7.015	124.475
7.016	124.285
7.017	124.074
7.018	123.816
7.019	123.488
7.02	123.073
7.021	122.558
7.022	121.939
7.023	121.216
7.024	120.395
7.025	119.486
7.026	118.505
7.027	117.47
7.028	116.404
7.029	115.327
7.03	114.264
7.031	113.238
7.032	112.271
7.033	111.381
7.034	110.585
7.035	109.897
7.036	109.325
7.037	108.875
7.038	108.547
7.039	108.338
7.04	108.241
7.041	108.246
7.042	108.336
7.043	108.495
7.044	108.704
7.045	108.94
7.046	109.181
7.047	109.402
7.048	109.582
7.049	109.695
7.05	109.719
7.051	109.634
7.052	109.421
7.053	109.061
7.054	108.542
7.055	107.853
7.056	106.986
7.057	105.937
7.058	104.707
7.059	103.301
7.06	101.727
7.061	99.9974
7.062	98.1305
7.063	96.1462
7.064	94.0675
7.065	91.9219
7.066	89.7375
7.067	87.5437
7.068	85.3721
7.069	83.2529
7.07	81.215
7.071	79.2866
7.072	77.4926
7.073	75.8551
7.074	74.3927
7.075	73.1192
7.076	72.0443
7.077	71.1738
7.078	70.5084
7.079	70.045
7.08	69.7754
7.081	69.6893
7.082	69.7725
7.083	70.0077
7.084	70.3766
7.085	70.8583
7.086	71.4316
7.087	72.0746
7.088	72.7651
7.089	73.4817
7.09	74.2037
7.091	74.9113
7.092	75.5864
7.093	76.2124
7.094	76.7751
7.095	77.2622
7.096	77.6636
7.097	77.9733
7.098	78.1873
7.099	78.3062
7.1	78.3332
7.101	78.276
7.102	78.1472
7.103	77.9621
7.104	77.7413
7.105	77.5093
7.106	77.2943
7.107	77.1276
7.108	77.0427
7.109	77.0755
7.11	77.2612
7.111	77.6353
7.112	78.231
7.113	79.0774
7.114	80.1986
7.115	81.6138
7.116	83.3326
7.117	85.3567
7.118	87.678
7.119	90.278
7.12	93.1272
7.121	96.1867
7.122	99.4062
7.123	102.727
7.124	106.082
7.125	109.398
7.126	112.6
7.127	115.607
7.128	118.341
7.129	120.725
7.13	122.688
7.131	124.167
7.132	125.105
7.133	125.459
7.134	125.197
7.135	124.301
7.136	122.766
7.137	120.601
7.138	117.827
7.139	114.479
7.14	110.603
7.141	106.256
7.142	101.5
7.143	96.4052
7.144	91.046
7.145	85.4987
7.146	79.8397
7.147	74.144
7.148	68.483
7.149	62.9238
7.15	57.5286
7.151	52.3509
7.152	47.438
7.153	42.83
7.154	38.5578
7.155	34.6452
7.156	31.1076
7.157	27.9537
7.158	25.1841
7.159	22.794
7.16	20.7719
7.161	19.1019
7.162	17.7625
7.163	16.7281
7.164	15.9711
7.165	15.4595
7.166	15.16
7.167	15.037
7.168	15.0537
7.169	15.1735
7.17	15.3589
7.171	15.5723
7.172	15.7783
7.173	15.9412
7.174	16.0276
7.175	16.0064
7.176	15.8483
7.177	15.5273
7.178	15.0193
7.179	14.3056
7.18	13.3689
7.181	12.1973
7.182	10.7815
7.183	9.11729
7.184	7.20373
7.185	5.04402
7.186	2.64589
7.187	0.0202442
7.188	-2.81748
7.189	-5.84833
7.19	-9.05013
7.191	-12.3965
7.192	-15.8596
7.193	-19.4062
7.194	-23.0022
7.195	-26.6112
7.196	-30.1934
7.197	-33.7085
7.198	-37.1147
7.199	-40.3689
7.2	-43.428
7.201	-46.25
7.202	-48.7927
7.203	-51.0161
7.204	-52.883
7.205	-54.3576
7.206	-55.4091
7.207	-56.0109
7.208	-56.1401
7.209	-55.7805
7.21	-54.9206
7.211	-53.5556
7.212	-51.6873
7.213	-49.3233
7.214	-46.4778
7.215	-43.1719
7.216	-39.4316
7.217	-35.2892
7.218	-30.7828
7.219	-25.9544
7.22	-20.8506
7.221	-15.5212
7.222	-10.0196
7.223	-4.40039
7.224	1.27892
7.225	6.96112
7.226	12.5874
7.227	18.1012
7.228	23.4457
7.229	28.5665
7.23	33.411
7.231	37.9309
7.232	42.081
7.233	45.821
7.234	49.1157
7.235	51.9361
7.236	54.2596
7.237	56.0713
7.238	57.3618
7.239	58.1321
7.24	58.3888
7.241	58.1488
7.242	57.4357
7.243	56.2808
7.244	54.722
7.245	52.8049
7.246	50.579
7.247	48.0996
7.248	45.4232
7.249	42.6109
7.25	39.722
7.251	36.8156
7.252	33.9492
7.253	31.1758
7.254	28.544
7.255	26.0974
7.256	23.8718
7.257	21.8962
7.258	20.1922
7.259	18.7735
7.26	17.6462
7.261	16.8085
7.262	16.2526
7.263	15.964
7.264	15.9226
7.265	16.1051
7.266	16.4839
7.267	17.0296
7.268	17.7121
7.269	18.5006
7.27	19.3647
7.271	20.2767
7.272	21.2108
7.273	22.1443
7.274	23.0572
7.275	23.9338
7.276	24.7622
7.277	25.5344
7.278	26.2458
7.279	26.8956
7.28	27.4868
7.281	28.0251
7.282	28.5183
7.283	28.9778
7.284	29.4158
7.285	29.8454
7.286	30.2818
7.287	30.74
7.288	31.2346
7.289	31.7796
7.29	32.3875
7.291	33.0701
7.292	33.8361
7.293	34.6922
7.294	35.6417
7.295	36.6848
7.296	37.8188
7.297	39.037
7.298	40.3287
7.299	41.6803
7.3	43.0749
7.301	44.4926
7.302	45.9107
7.303	47.3053
7.304	48.6513
7.305	49.9226
7.306	51.0935
7.307	52.1401
7.308	53.0402
7.309	53.7738
7.31	54.3246
7.311	54.6809
7.312	54.8335
7.313	54.7802
7.314	54.5209
7.315	54.0623
7.316	53.4152
7.317	52.5932
7.318	51.6154
7.319	50.5022
7.32	49.2783
7.321	47.9685
7.322	46.6003
7.323	45.1999
7.324	43.7934
7.325	42.4065
7.326	41.0639
7.327	39.786
7.328	38.5925
7.329	37.5
7.33	36.5222
7.331	35.6693
7.332	34.9496
7.333	34.3673
7.334	33.9254
7.335	33.6228
7.336	33.4573
7.337	33.4248
7.338	33.519
7.339	33.732
7.34	34.0559
7.341	34.4807
7.342	34.9961
7.343	35.5916
7.344	36.2561
7.345	36.9781
7.346	37.7465
7.347	38.5498
7.348	39.3769
7.349	40.2182
7.35	41.062
7.351	41.9001
7.352	42.724
7.353	43.5254
7.354	44.2988
7.355	45.0398
7.356	45.7452
7.357	46.4132
7.358	47.0443
7.359	47.6407
7.36	48.2057
7.361	48.7452
7.362	49.2657
7.363	49.7744
7.364	50.2805
7.365	50.7921
7.366	51.3188
7.367	51.8683
7.368	52.4479
7.369	53.0646
7.37	53.7217
7.371	54.4229
7.372	55.169
7.373	55.9585
7.374	56.7882
7.375	57.653
7.376	58.5456
7.377	59.4582
7.378	60.3811
7.379	61.3037
7.38	62.2156
7.381	63.1064
7.382	63.9656
7.383	64.7828
7.384	65.5495
7.385	66.2577
7.386	66.9001
7.387	67.4701
7.388	67.963
7.389	68.3744
7.39	68.7002
7.391	68.938
7.392	69.0845
7.393	69.1382
7.394	69.0961
7.395	68.9573
7.396	68.7204
7.397	68.3846
7.398	67.9496
7.399	67.4168
7.4	66.7882
7.401	66.0672
7.402	65.26
7.403	64.374
7.404	63.4193
7.405	62.4078
7.406	61.3551
7.407	60.2783
7.408	59.1963
7.409	58.1305
7.41	57.1041
7.411	56.1398
7.412	55.2616
7.413	54.4933
7.414	53.8567
7.415	53.3721
7.416	53.0575
7.417	52.928
7.418	52.9945
7.419	53.2638
7.42	53.7394
7.421	54.4193
7.422	55.2982
7.423	56.3654
7.424	57.6073
7.425	59.0074
7.426	60.545
7.427	62.1989
7.428	63.9457
7.429	65.7629
7.43	67.626
7.431	69.5138
7.432	71.4055
7.433	73.2831
7.434	75.1308
7.435	76.9364
7.436	78.6899
7.437	80.3859
7.438	82.0206
7.439	83.5929
7.44	85.1051
7.441	86.5594
7.442	87.9608
7.443	89.3143
7.444	90.6244
7.445	91.8946
7.446	93.1285
7.447	94.3278
7.448	95.491
7.449	96.6157
7.45	97.6976
7.451	98.7291
7.452	99.7024
7.453	100.607
7.454	101.431
7.455	102.164
7.456	102.793
7.457	103.307
7.458	103.696
7.459	103.951
7.46	104.065
7.461	104.035
7.462	103.857
7.463	103.532
7.464	103.064
7.465	102.457
7.466	101.719
7.467	100.86
7.468	99.8904
7.469	98.8233
7.47	97.6713
7.471	96.4473
7.472	95.1661
7.473	93.8397
7.474	92.4823
7.475	91.106
7.476	89.7233
7.477	88.3461
7.478	86.9865
7.479	85.6558
7.48	84.367
7.481	83.133
7.482	81.9672
7.483	80.8859
7.484	79.9049
7.485	79.0424
7.486	78.3194
7.487	77.7574
7.488	77.3798
7.489	77.2114
7.49	77.2773
7.491	77.6041
7.492	78.2175
7.493	79.1424
7.494	80.4017
7.495	82.0164
7.496	84.0035
7.497	86.3763
7.498	89.1427
7.499	92.3053
