0.98	-0.00678928
0.981	-0.0117877
0.982	-0.0200594
0.983	-0.033456
0.984	-0.0546923
0.985	-0.0876301
0.986	-0.137616
0.987	-0.211809
0.988	-0.319529
0.989	-0.472445
0.99	-0.684672
0.991	-0.97251
0.992	-1.35394
0.993	-1.84753
0.994	-2.471
0.995	-3.23948
0.996	-4.16276
0.997	-5.24381
0.998	-6.47582
0.999	-7.84126
1	-9.31105
1.001	-10.8462
1.002	-12.4004
1.003	-13.9244
1.004	-15.375
1.005	-16.7216
1.006	-17.9587
1.007	-19.1171
1.008	-20.2739
1.009	-21.5641
1.01	-23.1917
1.011	-25.4314
1.012	-28.6319
1.013	-33.2114
1.014	-39.6444
1.015	-48.4398
1.016	-60.11
1.017	-75.1301
1.018	-93.8867
1.019	-116.623
1.02	-143.384
1.021	-173.959
1.022	-207.849
1.023	-244.241
1.024	-282.019
1.025	-319.802
1.026	-356.016
1.027	-388.994
1.028	-417.096
1.029	-438.843
1.03	-453.038
1.031	-458.878
1.032	-456.022
1.033	-444.626
1.034	-425.323
1.035	-399.169
1.036	-367.541
1.037	-332.02
1.038	-294.261
1.039	-255.865
1.04	-218.272
1.041	-182.681
1.042	-150.002
1.043	-120.84
1.044	-95.5063
1.045	-74.0565
1.046	-56.3381
1.047	-42.0484
1.048	-30.7896
1.049	-22.119
1.05	-15.5895
1.051	-10.7793
1.052	-7.31177
1.053	-4.86467
1.054	-3.17315
1.055	-2.02665
1.056	-1.26284
1.057	-0.759623
1.058	-0.426877
1.059	-0.198369
1.06	-0.02451
1.061	0.13405
1.062	0.311963
1.063	0.544034
1.064	0.869536
1.065	1.33611
1.066	2.00329
1.067	2.9455
1.068	4.25437
1.069	6.03994
1.07	8.43039
1.071	11.5692
1.072	15.6103
1.073	20.71
1.074	27.0153
1.075	34.6496
1.076	43.6967
1.077	54.1824
1.078	66.0588
1.079	79.1882
1.08	93.3365
1.081	108.169
1.082	123.258
1.083	138.098
1.084	152.132
1.085	164.784
1.086	175.497
1.087	183.774
1.088	189.217
1.089	191.556
1.09	190.674
1.091	186.616
1.092	179.584
1.093	169.92
1.094	158.082
1.095	144.604
1.096	130.059
1.097	115.016
1.098	100.01
1.099	85.5027
1.1	71.8756
1.101	59.4077
1.102	48.28
1.103	38.579
1.104	30.3106
1.105	23.4152
1.106	17.7854
1.107	13.2828
1.108	9.75374
1.109	7.04236
1.11	4.99949
1.111	3.48973
1.112	2.39508
1.113	1.61625
1.114	1.0724
1.115	0.699624
1.116	0.448781
1.117	0.28305
1.118	0.175531
1.119	0.10703
1.12	0.0641677
1.121	0.0378258
1.122	0.0219241
1.123	0.0124944
1.124	0.00700108
1.125	0.00385728
1.126	0.00208956
1.127	0.00111299
1.128	0.000582891
1.129	0.000300152
1.13	0.00015197
1.131	7.56541e-05
1.132	3.70311e-05
1.133	1.78214e-05
1.134	8.43115e-06
1.135	3.91779e-06
1.136	1.78061e-06
1.137	7.74328e-07
1.138	2.82892e-07
1.139	-8.45678e-09
1.14	-2.89741e-07
1.141	-7.35872e-07
1.142	-1.60382e-06
1.143	-3.36447e-06
1.144	-6.92806e-06
1.145	-1.40563e-05
1.146	-2.81195e-05
1.147	-5.54736e-05
1.148	-0.000107924
1.149	-0.000207065
1.15	-0.000391786
1.151	-0.000731054
1.152	-0.00134526
1.153	-0.00244128
1.154	-0.00436903
1.155	-0.00771097
1.156	-0.0134211
1.157	-0.023037
1.158	-0.0389958
1.159	-0.0650977
1.16	-0.107169
1.161	-0.173993
1.162	-0.278578
1.163	-0.439866
1.164	-0.684935
1.165	-1.0518
1.166	-1.59285
1.167	-2.37888
1.168	-3.50368
1.169	-5.08901
1.17	-7.28952
1.171	-10.2973
1.172	-14.3449
1.173	-19.7075
1.174	-26.7005
1.175	-35.6752
1.176	-47.0075
1.177	-61.0837
1.178	-78.2779
1.179	-98.9259
1.18	-123.292
1.181	-151.536
1.182	-183.677
1.183	-219.558
1.184	-258.821
1.185	-300.888
1.186	-344.96
1.187	-390.02
1.188	-434.872
1.189	-478.181
1.19	-518.535
1.191	-554.525
1.192	-584.817
1.193	-608.24
1.194	-623.859
1.195	-631.035
1.196	-629.472
1.197	-619.235
1.198	-600.746
1.199	-574.755
1.2	-542.288
1.201	-504.584
1.202	-463.013
1.203	-418.995
1.204	-373.921
1.205	-329.085
1.206	-285.623
1.207	-244.474
1.208	-206.361
1.209	-171.783
1.21	-141.023
1.211	-114.17
1.212	-91.1537
1.213	-71.7712
1.214	-55.7292
1.215	-42.6748
1.216	-32.2267
1.217	-24.0003
1.218	-17.6268
1.219	-12.7669
1.22	-9.11921
1.221	-6.42363
1.222	-4.46233
1.223	-3.05702
1.224	-2.06534
1.225	-1.37607
1.226	-0.904161
1.227	-0.58588
1.228	-0.374391
1.229	-0.235939
1.23	-0.146632
1.231	-0.0898699
1.232	-0.0543197
1.233	-0.0323784
1.234	-0.0190331
1.235	-0.0110336
1.236	-0.00630792
1.237	-0.00355638
1.238	-0.00197736
1.239	-0.00108423
1.24	-0.000586289
1.241	-0.000312649
1.242	-0.000164422
1.243	-8.52747e-05
1.244	-4.36148e-05
1.245	-2.19991e-05
1.246	-1.09429e-05
1.247	-5.36803e-06
1.248	-2.59688e-06
1.249	-1.23891e-06
1.25	-5.82843e-07
1.251	-2.70315e-07
1.252	-1.23428e-07
1.253	-5.51208e-08
1.254	-2.32771e-08
1.255	-7.52515e-09
1.256	2.45473e-09
1.257	1.30319e-08
1.258	3.03375e-08
1.259	6.35289e-08
1.26	1.29183e-07
1.261	2.58711e-07
1.262	5.11707e-07
1.263	1.00016e-06
1.264	1.93201e-06
1.265	3.6885e-06
1.266	6.95974e-06
1.267	1.29791e-05
1.268	2.3922e-05
1.269	4.35768e-05
1.27	7.84544e-05
1.271	0.0001396
1.272	0.000245501
1.273	0.000426705
1.274	0.000733004
1.275	0.00124449
1.276	0.00208823
1.277	0.00346313
1.278	0.0056763
1.279	0.0091953
1.28	0.0147221
1.281	0.0232959
1.282	0.0364328
1.283	0.056313
1.284	0.0860263
1.285	0.129884
1.286	0.193814
1.287	0.285838
1.288	0.416637
1.289	0.600206
1.29	0.85457
1.291	1.20254
1.292	1.67246
1.293	2.29886
1.294	3.12304
1.295	4.1932
1.296	5.56439
1.297	7.29783
1.298	9.45967
1.299	12.1188
1.3	15.3444
1.301	19.2018
1.302	23.7487
1.303	29.0297
1.304	35.0711
1.305	41.8754
1.306	49.4167
1.307	57.6358
1.308	66.4381
1.309	75.6908
1.31	85.2264
1.311	94.8444
1.312	104.316
1.313	113.395
1.314	121.828
1.315	129.359
1.316	135.755
1.317	140.805
1.318	144.339
1.319	146.235
1.32	146.429
1.321	144.912
1.322	141.738
1.323	137.017
1.324	130.907
1.325	123.612
1.326	115.361
1.327	106.405
1.328	96.9998
1.329	87.3941
1.33	77.8217
1.331	68.489
1.332	59.5726
1.333	51.2126
1.334	43.5121
1.335	36.5382
1.336	30.3242
1.337	24.8734
1.338	20.1644
1.339	16.1563
1.34	12.7938
1.341	10.013
1.342	7.74516
1.343	5.9211
1.344	4.47382
1.345	3.34087
1.346	2.46571
1.347	1.79859
1.348	1.29666
1.349	0.923895
1.35	0.650615
1.351	0.452825
1.352	0.311487
1.353	0.211765
1.354	0.142289
1.355	0.0944919
1.356	0.0620178
1.357	0.0402289
1.358	0.0257895
1.359	0.016338
1.36	0.0102259
1.361	0.00631898
1.362	0.00384734
1.363	0.00229436
1.364	0.00131608
1.365	0.000683141
1.366	0.000239104
1.367	-0.000130109
1.368	-0.000519585
1.369	-0.00102524
1.37	-0.001763
1.371	-0.00289022
1.372	-0.00463222
1.373	-0.00731708
1.374	-0.0114222
1.375	-0.0176374
1.376	-0.0269475
1.377	-0.0407427
1.378	-0.0609616
1.379	-0.0902651
1.38	-0.132269
1.381	-0.191808
1.382	-0.275263
1.383	-0.390927
1.384	-0.54943
1.385	-0.764195
1.386	-1.05186
1.387	-1.43277
1.388	-1.93133
1.389	-2.57633
1.39	-3.40096
1.391	-4.44288
1.392	-5.74349
1.393	-7.34745
1.394	-9.30125
1.395	-11.6514
1.396	-14.4429
1.397	-17.7152
1.398	-21.5007
1.399	-25.8201
1.4	-30.6795
1.401	-36.0672
1.402	-41.9483
1.403	-48.2657
1.404	-54.9357
1.405	-61.8469
1.406	-68.8633
1.407	-75.8234
1.408	-82.5458
1.409	-88.8327
1.41	-94.4778
1.411	-99.273
1.412	-103.014
1.413	-105.515
1.414	-106.607
1.415	-106.16
1.416	-104.073
1.417	-100.289
1.418	-94.7984
1.419	-87.6334
1.42	-78.8777
1.421	-68.652
1.422	-57.1208
1.423	-44.4794
1.424	-30.9504
1.425	-16.777
1.426	-2.21321
1.427	12.4823
1.428	27.0509
1.429	41.246
1.43	54.8321
1.431	67.5948
1.432	79.3437
1.433	89.9115
1.434	99.163
1.435	106.992
1.436	113.324
1.437	118.117
1.438	121.362
1.439	123.079
1.44	123.321
1.441	122.165
1.442	119.716
1.443	116.098
1.444	111.456
1.445	105.944
1.446	99.7279
1.447	92.9759
1.448	85.8524
1.449	78.5181
1.45	71.1218
1.451	63.7971
1.452	56.6601
1.453	49.8068
1.454	43.3112
1.455	37.2254
1.456	31.5789
1.457	26.3802
1.458	21.6178
1.459	17.2621
1.46	13.2681
1.461	9.57748
1.462	6.1213
1.463	2.82286
1.464	-0.399743
1.465	-3.63086
1.466	-6.95445
1.467	-10.4513
1.468	-14.1963
1.469	-18.2555
1.47	-22.6838
1.471	-27.5213
1.472	-32.7917
1.473	-38.4992
1.474	-44.6281
1.475	-51.1391
1.476	-57.9712
1.477	-65.0396
1.478	-72.2405
1.479	-79.4497
1.48	-86.5304
1.481	-93.3315
1.482	-99.7004
1.483	-105.483
1.484	-110.534
1.485	-114.72
1.486	-117.928
1.487	-120.068
1.488	-121.08
1.489	-120.935
1.49	-119.639
1.491	-117.227
1.492	-113.768
1.493	-109.357
1.494	-104.115
1.495	-98.1788
1.496	-91.6975
1.497	-84.8265
1.498	-77.7225
1.499	-70.5334
1.5	-63.3996
1.501	-56.443
1.502	-49.7706
1.503	-43.4681
1.504	-37.6025
1.505	-32.218
1.506	-27.342
1.507	-22.9835
1.508	-19.1368
1.509	-15.7839
1.51	-12.8969
1.511	-10.4415
1.512	-8.37845
1.513	-6.66645
1.514	-5.2642
1.515	-4.1314
1.516	-3.23055
1.517	-2.52729
1.518	-1.99128
1.519	-1.5963
1.52	-1.32032
1.521	-1.14537
1.522	-1.05725
1.523	-1.04514
1.524	-1.10123
1.525	-1.2202
1.526	-1.39871
1.527	-1.63496
1.528	-1.92815
1.529	-2.27802
1.53	-2.68439
1.531	-3.14675
1.532	-3.66381
1.533	-4.23321
1.534	-4.85123
1.535	-5.51251
1.536	-6.21002
1.537	-6.93484
1.538	-7.67655
1.539	-8.42286
1.54	-9.16033
1.541	-9.87454
1.542	-10.5506
1.543	-11.1733
1.544	-11.7286
1.545	-12.2026
1.546	-12.5838
1.547	-12.8623
1.548	-13.0308
1.549	-13.0849
1.55	-13.0231
1.551	-12.8468
1.552	-12.5606
1.553	-12.1717
1.554	-11.6894
1.555	-11.1254
1.556	-10.4923
1.557	-9.80372
1.558	-9.07287
1.559	-8.31274
1.56	-7.53438
1.561	-6.74705
1.562	-5.9567
1.563	-5.16567
1.564	-4.3716
1.565	-3.5666
1.566	-2.73613
1.567	-1.85796
1.568	-0.900699
1.569	0.177691
1.57	1.43166
1.571	2.93007
1.572	4.75829
1.573	7.02068
1.574	9.84251
1.575	13.3726
1.576	17.785
1.577	23.2806
1.578	30.0876
1.579	38.4613
1.58	48.6826
1.581	61.0537
1.582	75.8959
1.583	93.5374
1.584	114.307
1.585	138.524
1.586	166.48
1.587	198.424
1.588	234.549
1.589	274.967
1.59	319.7
1.591	368.654
1.592	421.612
1.593	478.214
1.594	537.959
1.595	600.199
1.596	664.132
1.597	728.848
1.598	793.29
1.599	856.343
1.6	916.813
1.601	973.489
1.602	1025.18
1.603	1070.74
1.604	1109.15
1.605	1139.5
1.606	1161.05
1.607	1173.3
1.608	1175.94
1.609	1168.9
1.61	1152.36
1.611	1126.73
1.612	1092.61
1.613	1050.82
1.614	1002.33
1.615	948.223
1.616	889.668
1.617	827.872
1.618	764.04
1.619	699.336
1.62	634.863
1.621	571.587
1.622	510.398
1.623	452.014
1.624	397.02
1.625	345.852
1.626	298.804
1.627	256.035
1.628	217.586
1.629	183.392
1.63	153.302
1.631	127.096
1.632	104.505
1.633	85.2243
1.634	68.932
1.635	55.2996
1.636	44.0067
1.637	34.7479
1.638	27.2419
1.639	21.239
1.64	16.5276
1.641	12.9414
1.642	10.368
1.643	8.75881
1.644	8.13981
1.645	8.62396
1.646	10.4219
1.647	13.8496
1.648	19.3293
1.649	27.38
1.65	38.5954
1.651	53.6066
1.652	73.0269
1.653	97.3894
1.654	127.063
1.655	162.178
1.656	202.543
1.657	247.572
1.658	296.241
1.659	347.063
1.66	398.103
1.661	447.049
1.662	491.345
1.663	528.363
1.664	555.646
1.665	571.162
1.666	573.548
1.667	562.314
1.668	537.936
1.669	501.861
1.67	456.357
1.671	404.279
1.672	348.754
1.673	292.848
1.674	239.275
1.675	190.173
1.676	146.988
1.677	110.456
1.678	80.6844
1.679	57.2804
1.68	39.5163
1.681	26.4879
1.682	17.2494
1.683	10.9124
1.684	6.7058
1.685	4.00259
1.686	2.32044
1.687	1.30653
1.688	0.714445
1.689	0.379413
1.69	0.195674
1.691	0.0979998
1.692	0.0476632
1.693	0.0225111
1.694	0.0103244
1.695	0.00459811
1.696	0.00198857
1.697	0.000835107
1.698	0.000340551
1.699	0.000134853
1.7	5.18531e-05
1.701	1.93608e-05
1.702	7.01947e-06
1.703	2.47126e-06
1.704	8.44823e-07
1.705	2.80441e-07
1.706	9.03958e-08
1.707	2.82933e-08
1.708	8.59902e-09
1.709	2.53772e-09
1.71	7.27226e-10
1.711	2.02359e-10
1.712	5.46769e-11
1.713	1.43455e-11
1.714	3.65471e-12
1.715	9.04106e-13
1.716	2.17184e-13
1.717	5.0682e-14
1.718	1.15795e-14
1.719	2.96463e-15
1.72	2.32837e-15
1.721	7.18569e-15
1.722	2.72812e-14
1.723	1.02395e-13
1.724	3.74908e-13
1.725	1.33813e-12
1.726	4.65572e-12
1.727	1.57899e-11
1.728	5.22015e-11
1.729	1.68229e-10
1.73	5.28475e-10
1.731	1.61832e-09
1.732	4.83073e-09
1.733	1.40562e-08
1.734	3.9869e-08
1.735	1.10233e-07
1.736	2.97099e-07
1.737	7.80544e-07
1.738	1.99898e-06
1.739	4.9903e-06
1.74	1.21439e-05
1.741	2.88068e-05
1.742	6.66107e-05
1.743	0.000150143
1.744	0.000329894
1.745	0.000706567
1.746	0.00147518
1.747	0.00300225
1.748	0.00595607
1.749	0.0115181
1.75	0.0217126
1.751	0.0398983
1.752	0.0714673
1.753	0.124787
1.754	0.212394
1.755	0.352392
1.756	0.569925
1.757	0.898514
1.758	1.38082
1.759	2.06853
1.76	3.02062
1.761	4.29974
1.762	5.96616
1.763	8.06983
1.764	10.6399
1.765	13.675
1.766	17.1325
1.767	20.9232
1.768	24.9084
1.769	28.905
1.77	32.6972
1.771	36.0544
1.772	38.754
1.773	40.6055
1.774	41.4728
1.775	41.2906
1.776	40.0729
1.777	37.9107
1.778	34.9608
1.779	31.4276
1.78	27.5393
1.781	23.5235
1.782	19.5868
1.783	15.8977
1.784	12.5782
1.785	9.7008
1.786	7.29308
1.787	5.34473
1.788	3.81808
1.789	2.65876
1.79	1.80476
1.791	1.1942
1.792	0.770267
1.793	0.484297
1.794	0.296823
1.795	0.177335
1.796	0.103275
1.797	0.0586288
1.798	0.0324442
1.799	0.0175014
1.8	0.00920289
1.801	0.00471725
1.802	0.00235717
1.803	0.00114855
1.804	0.000546391
1.805	0.00025525
1.806	0.00012025
1.807	6.35517e-05
1.808	4.90561e-05
1.809	6.40516e-05
1.81	0.000111021
1.811	0.000205841
1.812	0.000380572
1.813	0.000690265
1.814	0.00122391
1.815	0.00211992
1.816	0.00358642
1.817	0.00592596
1.818	0.00956334
1.819	0.0150735
1.82	0.0232044
1.821	0.0348885
1.822	0.0512325
1.823	0.0734788
1.824	0.102927
1.825	0.140817
1.826	0.188161
1.827	0.245559
1.828	0.312996
1.829	0.389648
1.83	0.473761
1.831	0.5626
1.832	0.652519
1.833	0.739161
1.834	0.817784
1.835	0.883675
1.836	0.932601
1.837	0.961288
1.838	0.967757
1.839	0.951543
1.84	0.913791
1.841	0.857066
1.842	0.785125
1.843	0.702449
1.844	0.613823
1.845	0.523872
1.846	0.436676
1.847	0.355507
1.848	0.282676
1.849	0.219524
1.85	0.166506
1.851	0.123347
1.852	0.0892446
1.853	0.0630649
1.854	0.0435258
1.855	0.02934
1.856	0.0193165
1.857	0.0124213
1.858	0.00780235
1.859	0.00478938
1.86	0.00287781
1.861	0.00170378
1.862	0.0010188
1.863	0.000668525
1.864	0.000580596
1.865	0.000766721
1.866	0.00134635
1.867	0.00260369
1.868	0.00509664
1.869	0.00984691
1.87	0.0186534
1.871	0.034588
1.872	0.0627506
1.873	0.111377
1.874	0.193393
1.875	0.328512
1.876	0.545921
1.877	0.88751
1.878	1.4115
1.879	2.19612
1.88	3.34269
1.881	4.97739
1.882	7.25059
1.883	10.3326
1.884	14.405
1.885	19.6463
1.886	26.213
1.887	34.2149
1.888	43.6899
1.889	54.5774
1.89	66.6973
1.891	79.7392
1.892	93.2608
1.893	106.707
1.894	119.441
1.895	130.791
1.896	140.11
1.897	146.833
1.898	150.538
1.899	150.986
1.9	148.145
1.901	142.203
1.902	133.534
1.903	122.672
1.904	110.245
1.905	96.9265
1.906	83.3661
1.907	70.1459
1.908	57.7404
1.909	46.4969
1.91	36.6298
1.911	28.23
1.912	21.2839
1.913	15.6985
1.914	11.3275
1.915	7.99598
1.916	5.52172
1.917	3.7303
1.918	2.46535
1.919	1.59397
1.92	1.0082
1.921	0.623846
1.922	0.37764
1.923	0.223636
1.924	0.12956
1.925	0.073429
1.926	0.0407124
1.927	0.0220827
1.928	0.0117178
1.929	0.00608281
1.93	0.00308906
1.931	0.00153467
1.932	0.00074588
1.933	0.000354642
1.934	0.000164959
1.935	7.50631e-05
1.936	3.34152e-05
1.937	1.45521e-05
1.938	6.19983e-06
1.939	2.58399e-06
1.94	1.05359e-06
1.941	4.20259e-07
1.942	1.63994e-07
1.943	6.26048e-08
1.944	2.33802e-08
1.945	8.54192e-09
1.946	3.05301e-09
1.947	1.06745e-09
1.948	3.6499e-10
1.949	1.2169e-10
1.95	3.84806e-11
1.951	8.29587e-12
1.952	-9.12706e-12
1.953	-3.62746e-11
1.954	-1.04602e-10
1.955	-2.8801e-10
1.956	-7.75488e-10
1.957	-2.04705e-09
1.958	-5.29895e-09
1.959	-1.34514e-08
1.96	-3.34863e-08
1.961	-8.175e-08
1.962	-1.95715e-07
1.963	-4.595e-07
1.964	-1.05796e-06
1.965	-2.38875e-06
1.966	-5.2893e-06
1.967	-1.14855e-05
1.968	-2.44581e-05
1.969	-5.10769e-05
1.97	-0.000104606
1.971	-0.000210093
1.972	-0.00041381
1.973	-0.000799328
1.974	-0.00151421
1.975	-0.00281313
1.976	-0.00512552
1.977	-0.00915882
1.978	-0.0160508
1.979	-0.0275881
1.98	-0.0465074
1.981	-0.076897
1.982	-0.124709
1.983	-0.198383
1.984	-0.309564
1.985	-0.473867
1.986	-0.711626
1.987	-1.04851
1.988	-1.51586
1.989	-2.15059
1.99	-2.99453
1.991	-4.09297
1.992	-5.49247
1.993	-7.23785
1.994	-9.36861
1.995	-11.915
1.996	-14.894
1.997	-18.3061
1.998	-22.1329
1.999	-26.3358
2	-30.8573
2.001	-35.622
2.002	-40.5408
2.003	-45.5143
2.004	-50.4374
2.005	-55.2025
2.006	-59.7028
2.007	-63.8334
2.008	-67.4929
2.009	-70.5833
2.01	-73.0109
2.011	-74.691
2.012	-75.5467
2.013	-75.5178
2.014	-74.5668
2.015	-72.682
2.016	-69.89
2.017	-66.2509
2.018	-61.8666
2.019	-56.8718
2.02	-51.43
2.021	-45.7224
2.022	-39.936
2.023	-34.2493
2.024	-28.8232
2.025	-23.7902
2.026	-19.248
2.027	-15.2582
2.028	-11.8462
2.029	-9.00707
2.03	-6.71007
2.031	-4.9077
2.032	-3.54266
2.033	-2.55511
2.034	-1.88882
2.035	-1.49539
2.036	-1.33723
2.037	-1.38883
2.038	-1.63668
2.039	-2.0778
2.04	-2.71714
2.041	-3.56424
2.042	-4.62862
2.043	-5.91501
2.044	-7.4183
2.045	-9.11809
2.046	-10.9744
2.047	-12.9244
2.048	-14.8814
2.049	-16.7363
2.05	-18.3621
2.051	-19.6212
2.052	-20.3768
2.053	-20.5037
2.054	-19.9052
2.055	-18.5219
2.056	-16.3464
2.057	-13.423
2.058	-9.8554
2.059	-5.79933
2.06	-1.44843
2.061	2.97397
2.062	7.24052
2.063	11.1367
2.064	14.477
2.065	17.1216
2.066	18.9878
2.067	20.0482
2.068	20.331
2.069	19.914
2.07	18.9094
2.071	17.4537
2.072	15.6902
2.073	13.7589
2.074	11.7858
2.075	9.87637
2.076	8.11166
2.077	6.54933
2.078	5.22534
2.079	4.15882
2.08	3.35712
2.081	2.82138
2.082	2.55156
2.083	2.55055
2.084	2.82697
2.085	3.39654
2.086	4.28182
2.087	5.5105
2.088	7.11211
2.089	9.11365
2.09	11.5341
2.091	14.3786
2.092	17.6329
2.093	21.2582
2.094	25.1879
2.095	29.3266
2.096	33.5513
2.097	37.7163
2.098	41.661
2.099	45.2192
2.1	48.2318
2.101	50.5586
2.102	52.0905
2.103	52.7581
2.104	52.5399
2.105	51.4637
2.106	49.6058
2.107	47.0859
2.108	44.0579
2.109	40.7
2.11	37.2013
2.111	33.7514
2.112	30.5284
2.113	27.6906
2.114	25.3686
2.115	23.6617
2.116	22.6348
2.117	22.3168
2.118	22.7016
2.119	23.7493
2.12	25.3877
2.121	27.5157
2.122	30.0071
2.123	32.7162
2.124	35.4835
2.125	38.1444
2.126	40.537
2.127	42.5125
2.128	43.9438
2.129	44.7339
2.13	44.8218
2.131	44.1866
2.132	42.8483
2.133	40.8648
2.134	38.327
2.135	35.3512
2.136	32.0695
2.137	28.6206
2.138	25.1407
2.139	21.7555
2.14	18.5748
2.141	15.6883
2.142	13.1645
2.143	11.0515
2.144	9.37829
2.145	8.15797
2.146	7.39079
2.147	7.06678
2.148	7.16743
2.149	7.66712
2.15	8.53317
2.151	9.7248
2.152	11.1925
2.153	12.8764
2.154	14.7053
2.155	16.5975
2.156	18.4611
2.157	20.1967
2.158	21.7016
2.159	22.8749
2.16	23.6229
2.161	23.8669
2.162	23.5492
2.163	22.6398
2.164	21.1422
2.165	19.097
2.166	16.5858
2.167	13.7306
2.168	10.6938
2.169	7.67424
2.17	4.90039
2.171	2.62371
2.172	1.1054
2.173	0.604113
2.174	1.36006
2.175	3.57808
2.176	7.41003
2.177	12.9378
2.178	20.1599
2.179	28.9822
2.18	39.2119
2.181	50.5615
2.182	62.6591
2.183	75.0667
2.184	87.304
2.185	98.8809
2.186	109.327
2.187	118.225
2.188	125.237
2.189	130.134
2.19	132.796
2.191	133.232
2.192	131.56
2.193	127.998
2.194	122.84
2.195	116.427
2.196	109.12
2.197	101.271
2.198	93.1983
2.199	85.173
2.2	77.4059
2.201	70.0435
2.202	63.1735
2.203	56.8327
2.204	51.017
2.205	45.6957
2.206	40.8234
2.207	36.3508
2.208	32.233
2.209	28.4344
2.21	24.9305
2.211	21.7082
2.212	18.7626
2.213	16.0938
2.214	13.703
2.215	11.5882
2.216	9.74102
2.217	8.14449
2.218	6.77131
2.219	5.58379
2.22	4.53454
2.221	3.56788
2.222	2.62315
2.223	1.63745
2.224	0.550048
2.225	-0.693445
2.226	-2.13633
2.227	-3.80672
2.228	-5.71393
2.229	-7.846
2.23	-10.1681
2.231	-12.6243
2.232	-15.1391
2.233	-17.6221
2.234	-19.9747
2.235	-22.0975
2.236	-23.8964
2.237	-25.2915
2.238	-26.2204
2.239	-26.6485
2.24	-26.5644
2.241	-25.9871
2.242	-24.9567
2.243	-23.5376
2.244	-21.8066
2.245	-19.8504
2.246	-17.7583
2.247	-15.6154
2.248	-13.499
2.249	-11.4733
2.25	-9.58885
2.251	-7.8803
2.252	-6.36785
2.253	-5.05856
2.254	-3.94806
2.255	-3.02305
2.256	-2.26379
2.257	-1.64585
2.258	-1.14197
2.259	-0.722847
2.26	-0.357704
2.261	-0.0140746
2.262	0.342858
2.263	0.751195
2.264	1.25365
2.265	1.89871
2.266	2.74176
2.267	3.84568
2.268	5.28073
2.269	7.12364
2.27	9.45542
2.271	12.3578
2.272	15.9085
2.273	20.1755
2.274	25.2097
2.275	31.0374
2.276	37.6537
2.277	45.0159
2.278	53.0395
2.279	61.5967
2.28	70.5189
2.281	79.6027
2.282	88.6222
2.283	97.3384
2.284	105.523
2.285	112.973
2.286	119.527
2.287	125.088
2.288	129.628
2.289	133.2
2.29	135.931
2.291	138.018
2.292	139.711
2.293	141.282
2.294	143.01
2.295	145.142
2.296	147.87
2.297	151.298
2.298	155.435
2.299	160.177
2.3	165.313
2.301	170.531
2.302	175.447
2.303	179.63
2.304	182.638
2.305	184.057
2.306	183.535
2.307	180.818
2.308	175.766
2.309	168.374
2.31	158.769
2.311	147.203
2.312	134.036
2.313	119.704
2.314	104.692
2.315	89.4984
2.316	74.6022
2.317	60.4327
2.318	47.3531
2.319	35.6391
2.32	25.4757
2.321	16.9585
2.322	10.1007
2.323	4.84455
2.324	1.07825
2.325	-1.34785
2.326	-2.60451
2.327	-2.86986
2.328	-2.3174
2.329	-1.10781
2.33	0.615681
2.331	2.72895
2.332	5.12637
2.333	7.71763
2.334	10.4246
2.335	13.1769
2.336	15.9092
2.337	18.5577
2.338	21.0596
2.339	23.3526
2.34	25.3765
2.341	27.0752
2.342	28.4
2.343	29.3117
2.344	29.7844
2.345	29.8069
2.346	29.3838
2.347	28.5358
2.348	27.2981
2.349	25.718
2.35	23.8519
2.351	21.7607
2.352	19.5065
2.353	17.1483
2.354	14.7383
2.355	12.3197
2.356	9.92457
2.357	7.57407
2.358	5.2778
2.359	3.03623
2.36	0.842866
2.361	-1.31354
2.362	-3.44489
2.363	-5.56138
2.364	-7.66838
2.365	-9.76374
2.366	-11.8366
2.367	-13.8664
2.368	-15.8233
2.369	-17.6691
2.37	-19.3597
2.371	-20.8474
2.372	-22.0847
2.373	-23.0273
2.374	-23.638
2.375	-23.8895
2.376	-23.7669
2.377	-23.2692
2.378	-22.4103
2.379	-21.218
2.38	-19.7328
2.381	-18.0057
2.382	-16.0951
2.383	-14.0635
2.384	-11.9741
2.385	-9.88641
2.386	-7.85427
2.387	-5.92183
2.388	-4.12195
2.389	-2.47325
2.39	-0.979756
2.391	0.371385
2.392	1.61038
2.393	2.78567
2.394	3.96513
2.395	5.23707
2.396	6.71094
2.397	8.51835
2.398	10.8135
2.399	13.773
2.4	17.5936
2.401	22.4903
2.402	28.6896
2.403	36.4224
2.404	45.913
2.405	57.3649
2.406	70.9452
2.407	86.7667
2.408	104.868
2.409	125.194
2.41	147.586
2.411	171.762
2.412	197.317
2.413	223.726
2.414	250.35
2.415	276.462
2.416	301.274
2.417	323.978
2.418	343.784
2.419	359.967
2.42	371.914
2.421	379.156
2.422	381.412
2.423	378.596
2.424	370.835
2.425	358.461
2.426	341.992
2.427	322.102
2.428	299.589
2.429	275.319
2.43	250.194
2.431	225.094
2.432	200.844
2.433	178.176
2.434	157.701
2.435	139.895
2.436	125.084
2.437	113.447
2.438	105.019
2.439	99.7021
2.44	97.2825
2.441	97.4451
2.442	99.7957
2.443	103.884
2.444	109.22
2.445	115.302
2.446	121.632
2.447	127.739
2.448	133.2
2.449	137.651
2.45	140.807
2.451	142.467
2.452	142.525
2.453	140.972
2.454	137.89
2.455	133.452
2.456	127.905
2.457	121.561
2.458	114.778
2.459	107.942
2.46	101.451
2.461	95.6978
2.462	91.0473
2.463	87.8264
2.464	86.305
2.465	86.6901
2.466	89.1117
2.467	93.6166
2.468	100.165
2.469	108.626
2.47	118.783
2.471	130.336
2.472	142.911
2.473	156.071
2.474	169.334
2.475	182.193
2.476	194.138
2.477	204.68
2.478	213.373
2.479	219.84
2.48	223.791
2.481	225.035
2.482	223.496
2.483	219.207
2.484	212.311
2.485	203.052
2.486	191.754
2.487	178.803
2.488	164.622
2.489	149.652
2.49	134.325
2.491	119.043
2.492	104.167
2.493	89.9963
2.494	76.7706
2.495	64.6602
2.496	53.7713
2.497	44.1502
2.498	35.7917
2.499	28.6478
2.5	22.6386
2.501	17.6617
2.502	13.6014
2.503	10.3369
2.504	7.74853
2.505	5.72221
2.506	4.15291
2.507	2.94616
2.508	2.01857
2.509	1.29735
2.51	0.719051
2.511	0.22786
2.512	-0.226382
2.513	-0.69028
2.514	-1.20892
2.515	-1.82772
2.516	-2.59391
2.517	-3.55772
2.518	-4.77286
2.519	-6.29643
2.52	-8.18826
2.521	-10.5091
2.522	-13.3183
2.523	-16.6708
2.524	-20.6128
2.525	-25.1778
2.526	-30.3813
2.527	-36.2169
2.528	-42.6514
2.529	-49.6221
2.53	-57.0337
2.531	-64.7603
2.532	-72.6453
2.533	-80.5045
2.534	-88.1347
2.535	-95.32
2.536	-101.844
2.537	-107.495
2.538	-112.085
2.539	-115.45
2.54	-117.47
2.541	-118.066
2.542	-117.212
2.543	-114.933
2.544	-111.298
2.545	-106.432
2.546	-100.485
2.547	-93.6464
2.548	-86.1182
2.549	-78.1105
2.55	-69.8327
2.551	-61.4813
2.552	-53.2339
2.553	-45.2455
2.554	-37.6399
2.555	-30.5137
2.556	-23.9357
2.557	-17.9479
2.558	-12.5697
2.559	-7.80198
2.56	-3.63062
2.561	-0.0313303
2.562	3.02731
2.563	5.58114
2.564	7.66806
2.565	9.32656
2.566	10.5952
2.567	11.5126
2.568	12.117
2.569	12.4472
2.57	12.5423
2.571	12.4427
2.572	12.1893
2.573	11.8242
2.574	11.3899
2.575	10.9287
2.576	10.4826
2.577	10.0921
2.578	9.79563
2.579	9.6287
2.58	9.62363
2.581	9.80913
2.582	10.2093
2.583	10.8438
2.584	11.7278
2.585	12.8714
2.586	14.2791
2.587	15.9501
2.588	17.8775
2.589	20.0473
2.59	22.4386
2.591	25.0217
2.592	27.758
2.593	30.5991
2.594	33.4869
2.595	36.3531
2.596	39.1196
2.597	41.7013
2.598	44.0067
2.599	45.9419
2.6	47.4144
2.601	48.3377
2.602	48.6362
2.603	48.2532
2.604	47.1508
2.605	45.3219
2.606	42.7919
2.607	39.6218
2.608	35.9136
2.609	31.8115
2.61	27.5018
2.611	23.2138
2.612	19.2174
2.613	15.8202
2.614	13.366
2.615	12.2237
2.616	12.7836
2.617	15.4523
2.618	20.6298
2.619	28.709
2.62	40.0482
2.621	54.9606
2.622	73.6906
2.623	96.3882
2.624	123.097
2.625	153.725
2.626	188.037
2.627	225.631
2.628	265.951
2.629	308.273
2.63	351.732
2.631	395.341
2.632	438.023
2.633	478.655
2.634	516.115
2.635	549.333
2.636	577.342
2.637	599.33
2.638	614.677
2.639	622.988
2.64	624.115
2.641	618.157
2.642	605.46
2.643	586.586
2.644	562.286
2.645	533.456
2.646	501.084
2.647	466.203
2.648	429.845
2.649	392.984
2.65	356.509
2.651	321.189
2.652	287.649
2.653	256.369
2.654	227.674
2.655	201.746
2.656	178.642
2.657	158.305
2.658	140.59
2.659	125.286
2.66	112.14
2.661	100.877
2.662	91.2147
2.663	82.8816
2.664	75.625
2.665	69.2232
2.666	63.4857
2.667	58.2567
2.668	53.4154
2.669	48.8703
2.67	44.561
2.671	40.4492
2.672	36.5163
2.673	32.7585
2.674	29.1816
2.675	25.7979
2.676	22.6218
2.677	19.6678
2.678	16.9479
2.679	14.4704
2.68	12.2386
2.681	10.2514
2.682	8.50265
2.683	6.98201
2.684	5.67543
2.685	4.56629
2.686	3.63602
2.687	2.86517
2.688	2.23409
2.689	1.72365
2.69	1.31573
2.691	0.99365
2.692	0.742376
2.693	0.548681
2.694	0.401139
2.695	0.290084
2.696	0.207469
2.697	0.146722
2.698	0.102555
2.699	0.0707795
2.7	0.0481235
2.701	0.0320619
2.702	0.020663
2.703	0.0124538
2.704	0.00630318
2.705	0.00132471
2.706	-0.00320614
2.707	-0.00792336
2.708	-0.0134222
2.709	-0.0203093
2.71	-0.02924
2.711	-0.0409391
2.712	-0.0562179
2.713	-0.075964
2.714	-0.101093
2.715	-0.132519
2.716	-0.171023
2.717	-0.217079
2.718	-0.270614
2.719	-0.33072
2.72	-0.395244
2.721	-0.460154
2.722	-0.518959
2.723	-0.562018
2.724	-0.575675
2.725	-0.541051
2.726	-0.433564
2.727	-0.221401
2.728	0.13472
2.729	0.682841
2.73	1.47943
2.731	2.58965
2.732	4.0874
2.733	6.05077
2.734	8.56523
2.735	11.7175
2.736	15.5897
2.737	20.2587
2.738	25.7913
2.739	32.2325
2.74	39.6072
2.741	47.9113
2.742	57.1056
2.743	67.1144
2.744	77.8213
2.745	89.0705
2.746	100.667
2.747	112.384
2.748	123.963
2.749	135.129
2.75	145.597
2.751	155.087
2.752	163.331
2.753	170.094
2.754	175.174
2.755	178.423
2.756	179.748
2.757	179.115
2.758	176.554
2.759	172.155
2.76	166.065
2.761	158.478
2.762	149.625
2.763	139.764
2.764	129.17
2.765	118.119
2.766	106.878
2.767	95.6972
2.768	84.8
2.769	74.3778
2.77	64.5877
2.771	55.5497
2.772	47.3489
2.773	40.0371
2.774	33.6373
2.775	28.1483
2.776	23.5503
2.777	19.8094
2.778	16.8833
2.779	14.7252
2.78	13.2873
2.781	12.5235
2.782	12.391
2.783	12.8507
2.784	13.8669
2.785	15.4064
2.786	17.4368
2.787	19.9243
2.788	22.8321
2.789	26.1177
2.79	29.7311
2.791	33.6143
2.792	37.6997
2.793	41.9107
2.794	46.1626
2.795	50.3642
2.796	54.4209
2.797	58.2371
2.798	61.7212
2.799	64.789
2.8	67.366
2.801	69.396
2.802	70.8382
2.803	71.6742
2.804	71.9083
2.805	71.5659
2.806	70.697
2.807	69.3682
2.808	67.6647
2.809	65.6864
2.81	63.5386
2.811	61.3327
2.812	59.1782
2.813	57.1788
2.814	55.427
2.815	54.0023
2.816	52.9663
2.817	52.3617
2.818	52.2114
2.819	52.5186
2.82	53.2674
2.821	54.4246
2.822	55.9451
2.823	57.7696
2.824	59.8369
2.825	62.0786
2.826	64.4311
2.827	66.8347
2.828	69.2408
2.829	71.6101
2.83	73.9185
2.831	76.1572
2.832	78.329
2.833	80.4521
2.834	82.5533
2.835	84.6648
2.836	86.8229
2.837	89.0575
2.838	91.3925
2.839	93.8382
2.84	96.3874
2.841	99.014
2.842	101.671
2.843	104.292
2.844	106.792
2.845	109.073
2.846	111.031
2.847	112.561
2.848	113.569
2.849	113.976
2.85	113.73
2.851	112.812
2.852	111.24
2.853	109.073
2.854	106.414
2.855	103.405
2.856	100.225
2.857	97.079
2.858	94.1902
2.859	91.7906
2.86	90.106
2.861	89.3429
2.862	89.6746
2.863	91.2347
2.864	94.1035
2.865	98.2993
2.866	103.778
2.867	110.431
2.868	118.082
2.869	126.501
2.87	135.41
2.871	144.488
2.872	153.399
2.873	161.79
2.874	169.323
2.875	175.682
2.876	180.59
2.877	183.822
2.878	185.219
2.879	184.688
2.88	182.214
2.881	177.856
2.882	171.744
2.883	164.069
2.884	155.077
2.885	145.055
2.886	134.316
2.887	123.184
2.888	111.979
2.889	101.008
2.89	90.5463
2.891	80.8299
2.892	72.0501
2.893	64.3485
2.894	57.8093
2.895	52.4679
2.896	48.309
2.897	45.2707
2.898	43.2527
2.899	42.124
2.9	41.7296
2.901	41.899
2.902	42.4569
2.903	43.2293
2.904	44.0507
2.905	44.7732
2.906	45.2734
2.907	45.4504
2.908	45.2384
2.909	44.601
2.91	43.533
2.911	42.0631
2.912	40.2446
2.913	38.1568
2.914	35.8959
2.915	33.5701
2.916	31.2929
2.917	29.1775
2.918	27.3261
2.919	25.8291
2.92	24.7567
2.921	24.1555
2.922	24.0472
2.923	24.427
2.924	25.2641
2.925	26.5047
2.926	28.0748
2.927	29.885
2.928	31.836
2.929	33.8236
2.93	35.7455
2.931	37.5057
2.932	39.0202
2.933	40.2207
2.934	41.0578
2.935	41.5033
2.936	41.5508
2.937	41.2158
2.938	40.5347
2.939	39.5628
2.94	38.3722
2.941	37.0487
2.942	35.6887
2.943	34.3969
2.944	33.2824
2.945	32.4575
2.946	32.0341
2.947	32.1231
2.948	32.8319
2.949	34.2642
2.95	36.5183
2.951	39.6869
2.952	43.8558
2.953	49.103
2.954	55.4977
2.955	63.0982
2.956	71.9504
2.957	82.0855
2.958	93.5149
2.959	106.231
2.96	120.199
2.961	135.356
2.962	151.609
2.963	168.827
2.964	186.843
2.965	205.453
2.966	224.416
2.967	243.452
2.968	262.253
2.969	280.483
2.97	297.791
2.971	313.819
2.972	328.209
2.973	340.624
2.974	350.755
2.975	358.331
2.976	363.141
2.977	365.031
2.978	363.922
2.979	359.808
2.98	352.763
2.981	342.933
2.982	330.539
2.983	315.86
2.984	299.227
2.985	281.012
2.986	261.609
2.987	241.422
2.988	220.853
2.989	200.287
2.99	180.078
2.991	160.547
2.992	141.97
2.993	124.575
2.994	108.54
2.995	93.9993
2.996	81.0386
2.997	69.7052
2.998	60.0117
2.999	51.9418
3	45.4569
3.001	40.5019
3.002	37.0101
3.003	34.9075
3.004	34.1163
3.005	34.556
3.006	36.1453
3.007	38.8016
3.008	42.4401
3.009	46.973
3.01	52.3078
3.011	58.3457
3.012	64.9807
3.013	72.0985
3.014	79.5767
3.015	87.2841
3.016	95.0849
3.017	102.837
3.018	110.396
3.019	117.62
3.02	124.371
3.021	130.515
3.022	135.933
3.023	140.516
3.024	144.174
3.025	146.832
3.026	148.436
3.027	148.95
3.028	148.359
3.029	146.67
3.03	143.905
3.031	140.109
3.032	135.341
3.033	129.676
3.034	123.206
3.035	116.033
3.036	108.274
3.037	100.049
3.038	91.4918
3.039	82.737
3.04	73.9243
3.041	65.1904
3.042	56.6701
3.043	48.4921
3.044	40.7752
3.045	33.6287
3.046	27.1441
3.047	21.3994
3.048	16.4565
3.049	12.3554
3.05	9.12114
3.051	6.76012
3.052	5.26028
3.053	4.59592
3.054	4.72686
3.055	5.60251
3.056	7.16099
3.057	9.3321
3.058	12.0421
3.059	15.2103
3.06	18.7558
3.061	22.5955
3.062	26.6472
3.063	30.8297
3.064	35.0667
3.065	39.2837
3.066	43.4164
3.067	47.4047
3.068	51.2015
3.069	54.7665
3.07	58.0757
3.071	61.1154
3.072	63.888
3.073	66.4081
3.074	68.7047
3.075	70.8182
3.076	72.7985
3.077	74.7025
3.078	76.5919
3.079	78.5288
3.08	80.5704
3.081	82.7677
3.082	85.1605
3.083	87.7758
3.084	90.6241
3.085	93.6978
3.086	96.9741
3.087	100.412
3.088	103.958
3.089	107.544
3.09	111.096
3.091	114.537
3.092	117.789
3.093	120.782
3.094	123.453
3.095	125.755
3.096	127.653
3.097	129.133
3.098	130.196
3.099	130.86
3.1	131.156
3.101	131.127
3.102	130.821
3.103	130.292
3.104	129.585
3.105	128.741
3.106	127.79
3.107	126.747
3.108	125.607
3.109	124.35
3.11	122.94
3.111	121.32
3.112	119.425
3.113	117.18
3.114	114.504
3.115	111.321
3.116	107.56
3.117	103.16
3.118	98.0777
3.119	92.2927
3.12	85.804
3.121	78.6359
3.122	70.8403
3.123	62.4904
3.124	53.6817
3.125	44.53
3.126	35.1647
3.127	25.7278
3.128	16.3641
3.129	7.22124
3.13	-1.55929
3.131	-9.84254
3.132	-17.5104
3.133	-24.4596
3.134	-30.6056
3.135	-35.8866
3.136	-40.2639
3.137	-43.7202
3.138	-46.2621
3.139	-47.9148
3.14	-48.7244
3.141	-48.7526
3.142	-48.0742
3.143	-46.7747
3.144	-44.9456
3.145	-42.6828
3.146	-40.0819
3.147	-37.2362
3.148	-34.2336
3.149	-31.1553
3.15	-28.0731
3.151	-25.049
3.152	-22.1342
3.153	-19.3693
3.154	-16.7835
3.155	-14.3964
3.156	-12.2176
3.157	-10.2481
3.158	-8.48152
3.159	-6.90484
3.16	-5.49943
3.161	-4.24197
3.162	-3.10535
3.163	-2.05921
3.164	-1.07053
3.165	-0.10392
3.166	0.877996
3.167	1.9145
3.168	3.04655
3.169	4.31664
3.17	5.76865
3.171	7.4476
3.172	9.39918
3.173	11.6694
3.174	14.3044
3.175	17.3491
3.176	20.8476
3.177	24.8421
3.178	29.3723
3.179	34.4762
3.18	40.1891
3.181	46.5451
3.182	53.5781
3.183	61.3213
3.184	69.8122
3.185	79.0905
3.186	89.2063
3.187	100.214
3.188	112.184
3.189	125.194
3.19	139.336
3.191	154.712
3.192	171.434
3.193	189.618
3.194	209.376
3.195	230.813
3.196	254.013
3.197	279.034
3.198	305.888
3.199	334.536
3.2	364.878
3.201	396.739
3.202	429.869
3.203	463.936
3.204	498.523
3.205	533.145
3.206	567.248
3.207	600.226
3.208	631.441
3.209	660.246
3.21	686.008
3.211	708.121
3.212	726.058
3.213	739.368
3.214	747.715
3.215	750.877
3.216	748.76
3.217	741.416
3.218	729.035
3.219	711.927
3.22	690.519
3.221	665.335
3.222	636.972
3.223	606.079
3.224	573.329
3.225	539.394
3.226	504.922
3.227	470.517
3.228	436.72
3.229	403.995
3.23	372.723
3.231	343.197
3.232	315.62
3.233	290.11
3.234	266.705
3.235	245.377
3.236	226.034
3.237	208.541
3.238	192.727
3.239	178.395
3.24	165.336
3.241	153.337
3.242	142.188
3.243	131.692
3.244	121.667
3.245	111.949
3.246	102.398
3.247	92.8985
3.248	83.3608
3.249	73.7175
3.25	63.932
3.251	53.9887
3.252	43.9003
3.253	33.7018
3.254	23.4536
3.255	13.2359
3.256	3.15231
3.257	-6.67577
3.258	-16.1102
3.259	-25.0016
3.26	-33.1869
3.261	-40.5029
3.262	-46.7826
3.263	-51.8654
3.264	-55.6065
3.265	-57.8736
3.266	-58.5612
3.267	-57.5956
3.268	-54.9357
3.269	-50.5808
3.27	-44.5726
3.271	-36.9963
3.272	-27.9844
3.273	-17.7073
3.274	-6.37773
3.275	5.75835
3.276	18.4295
3.277	31.344
3.278	44.1991
3.279	56.6926
3.28	68.5291
3.281	79.4361
3.282	89.1629
3.283	97.4984
3.284	104.271
3.285	109.355
3.286	112.674
3.287	114.203
3.288	113.964
3.289	112.027
3.29	108.502
3.291	103.536
3.292	97.3072
3.293	90.0121
3.294	81.8629
3.295	73.0776
3.296	63.8737
3.297	54.4577
3.298	45.0249
3.299	35.7479
3.3	26.7802
3.301	18.2447
3.302	10.241
3.303	2.83981
3.304	-3.91549
3.305	-10.004
3.306	-15.4306
3.307	-20.2169
3.308	-24.4015
3.309	-28.0358
3.31	-31.1785
3.311	-33.8954
3.312	-36.2508
3.313	-38.3114
3.314	-40.135
3.315	-41.7778
3.316	-43.2849
3.317	-44.6955
3.318	-46.0347
3.319	-47.3225
3.32	-48.5684
3.321	-49.7735
3.322	-50.9303
3.323	-52.0276
3.324	-53.0479
3.325	-53.9709
3.326	-54.7727
3.327	-55.429
3.328	-55.9158
3.329	-56.2066
3.33	-56.2765
3.331	-56.0998
3.332	-55.6507
3.333	-54.9044
3.334	-53.8327
3.335	-52.4076
3.336	-50.5993
3.337	-48.3789
3.338	-45.7134
3.339	-42.5731
3.34	-38.9291
3.341	-34.7574
3.342	-30.0378
3.343	-24.7598
3.344	-18.9227
3.345	-12.5426
3.346	-5.64428
3.347	1.72317
3.348	9.49791
3.349	17.5972
3.35	25.9206
3.351	34.3533
3.352	42.7635
3.353	51.0122
3.354	58.9516
3.355	66.4348
3.356	73.317
3.357	79.4618
3.358	84.7461
3.359	89.0673
3.36	92.3393
3.361	94.5027
3.362	95.5262
3.363	95.4033
3.364	94.1524
3.365	91.8188
3.366	88.4697
3.367	84.1918
3.368	79.0878
3.369	73.272
3.37	66.8656
3.371	59.9957
3.372	52.789
3.373	45.3701
3.374	37.8567
3.375	30.3602
3.376	22.9843
3.377	15.8216
3.378	8.95517
3.379	2.45807
3.38	-3.60676
3.381	-9.18549
3.382	-14.2335
3.383	-18.7148
3.384	-22.6011
3.385	-25.8722
3.386	-28.5152
3.387	-30.5249
3.388	-31.9032
3.389	-32.6595
3.39	-32.8098
3.391	-32.3777
3.392	-31.3928
3.393	-29.8912
3.394	-27.9143
3.395	-25.5079
3.396	-22.7218
3.397	-19.6081
3.398	-16.2208
3.399	-12.6133
3.4	-8.83933
3.401	-4.95003
3.402	-0.994457
3.403	2.98201
3.404	6.93726
3.405	10.8335
3.406	14.6366
3.407	18.3166
3.408	21.8474
3.409	25.2051
3.41	28.3697
3.411	31.3238
3.412	34.0517
3.413	36.5378
3.414	38.7717
3.415	40.7399
3.416	42.4333
3.417	43.8424
3.418	44.9606
3.419	45.78
3.42	46.2958
3.421	46.5022
3.422	46.3978
3.423	45.9801
3.424	45.2482
3.425	44.2007
3.426	42.8366
3.427	41.156
3.428	39.1573
3.429	36.8405
3.43	34.2023
3.431	31.2428
3.432	27.9587
3.433	24.3509
3.434	20.421
3.435	16.1729
3.436	11.6147
3.437	6.76253
3.438	1.6356
3.439	-3.73795
3.44	-9.31877
3.441	-15.0627
3.442	-20.9134
3.443	-26.8059
3.444	-32.6663
3.445	-38.4158
3.446	-43.9677
3.447	-49.2352
3.448	-54.1276
3.449	-58.5588
3.45	-62.4462
3.451	-65.7134
3.452	-68.2937
3.453	-70.1342
3.454	-71.1914
3.455	-71.438
3.456	-70.8588
3.457	-69.4569
3.458	-67.2453
3.459	-64.2529
3.46	-60.5165
3.461	-56.0877
3.462	-51.0235
3.463	-45.3888
3.464	-39.2537
3.465	-32.6928
3.466	-25.7825
3.467	-18.5998
3.468	-11.2243
3.469	-3.73554
3.47	3.78936
3.471	11.2701
3.472	18.6343
3.473	25.8025
3.474	32.7032
3.475	39.2649
3.476	45.421
3.477	51.1054
3.478	56.2588
3.479	60.829
3.48	64.7678
3.481	68.0358
3.482	70.6049
3.483	72.4542
3.484	73.5781
3.485	73.9781
3.486	73.6729
3.487	72.692
3.488	71.0781
3.489	68.8866
3.49	66.1841
3.491	63.0487
3.492	59.5662
3.493	55.8315
3.494	51.9441
3.495	48.0093
3.496	44.1292
3.497	40.4073
3.498	36.943
3.499	33.8276
3.5	31.1467
3.501	28.9711
3.502	27.3632
3.503	26.3669
3.504	26.0137
3.505	26.3152
3.506	27.2697
3.507	28.8545
3.508	31.0318
3.509	33.7486
3.51	36.9362
3.511	40.5131
3.512	44.3879
3.513	48.4589
3.514	52.6219
3.515	56.7684
3.516	60.7909
3.517	64.5869
3.518	68.0579
3.519	71.1171
3.52	73.6913
3.521	75.7175
3.522	77.152
3.523	77.9679
3.524	78.1538
3.525	77.7175
3.526	76.6851
3.527	75.0964
3.528	73.0087
3.529	70.488
3.53	67.6156
3.531	64.4781
3.532	61.1689
3.533	57.7847
3.534	54.4229
3.535	51.1806
3.536	48.1514
3.537	45.4245
3.538	43.0825
3.539	41.2007
3.54	39.8458
3.541	39.075
3.542	38.9354
3.543	39.4632
3.544	40.6831
3.545	42.6077
3.546	45.2375
3.547	48.5598
3.548	52.5476
3.549	57.1624
3.55	62.3496
3.551	68.0424
3.552	74.1607
3.553	80.6121
3.554	87.2914
3.555	94.0872
3.556	100.877
3.557	107.536
3.558	113.936
3.559	119.951
3.56	125.457
3.561	130.341
3.562	134.498
3.563	137.841
3.564	140.294
3.565	141.808
3.566	142.348
3.567	141.905
3.568	140.488
3.569	138.13
3.57	134.884
3.571	130.817
3.572	126.016
3.573	120.578
3.574	114.608
3.575	108.217
3.576	101.521
3.577	94.6264
3.578	87.6446
3.579	80.673
3.58	73.8033
3.581	67.1146
3.582	60.6763
3.583	54.5419
3.584	48.7559
3.585	43.3486
3.586	38.3399
3.587	33.7399
3.588	29.5502
3.589	25.7645
3.59	22.3711
3.591	19.3544
3.592	16.6953
3.593	14.3733
3.594	12.3671
3.595	10.6553
3.596	9.2169
3.597	8.03254
3.598	7.08323
3.599	6.3517
3.6	5.8215
3.601	5.4771
3.602	5.3039
3.603	5.28744
3.604	5.41332
3.605	5.66734
3.606	6.03462
3.607	6.5004
3.608	7.04916
3.609	7.66541
3.61	8.33307
3.611	9.03663
3.612	9.76068
3.613	10.4906
3.614	11.2128
3.615	11.9152
3.616	12.5872
3.617	13.2208
3.618	13.8094
3.619	14.3497
3.62	14.8403
3.621	15.2824
3.622	15.6796
3.623	16.0377
3.624	16.3646
3.625	16.6697
3.626	16.964
3.627	17.2596
3.628	17.57
3.629	17.9089
3.63	18.2913
3.631	18.7329
3.632	19.2502
3.633	19.8609
3.634	20.5843
3.635	21.4414
3.636	22.4557
3.637	23.6529
3.638	25.0622
3.639	26.7159
3.64	28.6497
3.641	30.9025
3.642	33.5162
3.643	36.5353
3.644	40.0052
3.645	43.9718
3.646	48.4794
3.647	53.569
3.648	59.2763
3.649	65.6278
3.65	72.6409
3.651	80.3204
3.652	88.6548
3.653	97.6146
3.654	107.152
3.655	117.198
3.656	127.663
3.657	138.434
3.658	149.379
3.659	160.348
3.66	171.172
3.661	181.672
3.662	191.658
3.663	200.94
3.664	209.325
3.665	216.632
3.666	222.693
3.667	227.358
3.668	230.503
3.669	232.034
3.67	231.891
3.671	230.048
3.672	226.521
3.673	221.358
3.674	214.653
3.675	206.525
3.676	197.13
3.677	186.649
3.678	175.285
3.679	163.25
3.68	150.77
3.681	138.07
3.682	125.367
3.683	112.87
3.684	100.77
3.685	89.2376
3.686	78.415
3.687	68.4222
3.688	59.3469
3.689	51.2492
3.69	44.1613
3.691	38.0856
3.692	33.0053
3.693	28.8753
3.694	25.6379
3.695	23.2158
3.696	21.5215
3.697	20.4611
3.698	19.9337
3.699	19.8398
3.7	20.0779
3.701	20.554
3.702	21.1777
3.703	21.8684
3.704	22.553
3.705	23.1691
3.706	23.6664
3.707	24.0037
3.708	24.1509
3.709	24.0895
3.71	23.8098
3.711	23.3115
3.712	22.6031
3.713	21.7002
3.714	20.6228
3.715	19.3964
3.716	18.0509
3.717	16.6167
3.718	15.1268
3.719	13.6137
3.72	12.1087
3.721	10.6423
3.722	9.24197
3.723	7.93324
3.724	6.73835
3.725	5.67641
3.726	4.76382
3.727	4.01374
3.728	3.43686
3.729	3.04137
3.73	2.83363
3.731	2.81796
3.732	2.99759
3.733	3.3742
3.734	3.94891
3.735	4.7218
3.736	5.69184
3.737	6.85741
3.738	8.2153
3.739	9.76085
3.74	11.4877
3.741	13.3872
3.742	15.4479
3.743	17.6552
3.744	19.9914
3.745	22.435
3.746	24.9609
3.747	27.5398
3.748	30.1399
3.749	32.7253
3.75	35.2578
3.751	37.6977
3.752	40.0037
3.753	42.135
3.754	44.0513
3.755	45.7148
3.756	47.0905
3.757	48.1471
3.758	48.8599
3.759	49.2072
3.76	49.1754
3.761	48.758
3.762	47.9523
3.763	46.7645
3.764	45.2065
3.765	43.2934
3.766	41.048
3.767	38.4959
3.768	35.6647
3.769	32.5851
3.77	29.2892
3.771	25.8098
3.772	22.1791
3.773	18.4288
3.774	14.5899
3.775	10.6928
3.776	6.76679
3.777	2.84086
3.778	-1.05631
3.779	-4.89573
3.78	-8.64765
3.781	-12.2808
3.782	-15.7633
3.783	-19.0595
3.784	-22.1328
3.785	-24.9447
3.786	-27.4527
3.787	-29.6154
3.788	-31.3874
3.789	-32.7265
3.79	-33.5885
3.791	-33.9299
3.792	-33.7122
3.793	-32.9009
3.794	-31.4645
3.795	-29.3798
3.796	-26.6284
3.797	-23.2029
3.798	-19.1019
3.799	-14.3348
3.8	-8.92192
3.801	-2.89042
3.802	3.72028
3.803	10.862
3.804	18.4777
3.805	26.5006
3.806	34.857
3.807	43.4664
3.808	52.2437
3.809	61.0958
3.81	69.9301
3.811	78.6504
3.812	87.1594
3.813	95.3623
3.814	103.166
3.815	110.481
3.816	117.227
3.817	123.325
3.818	128.71
3.819	133.325
3.82	137.124
3.821	140.074
3.822	142.153
3.823	143.356
3.824	143.689
3.825	143.173
3.826	141.844
3.827	139.748
3.828	136.944
3.829	133.503
3.83	129.505
3.831	125.036
3.832	120.188
3.833	115.057
3.834	109.737
3.835	104.325
3.836	98.9115
3.837	93.5805
3.838	88.4118
3.839	83.4712
3.84	78.8167
3.841	74.4939
3.842	70.5342
3.843	66.9553
3.844	63.7645
3.845	60.956
3.846	58.509
3.847	56.397
3.848	54.5815
3.849	53.0198
3.85	51.6637
3.851	50.4595
3.852	49.3589
3.853	48.3114
3.854	47.2719
3.855	46.1986
3.856	45.0616
3.857	43.8348
3.858	42.5034
3.859	41.0619
3.86	39.5126
3.861	37.8679
3.862	36.1477
3.863	34.3802
3.864	32.5984
3.865	30.8393
3.866	29.1418
3.867	27.5478
3.868	26.0971
3.869	24.8277
3.87	23.7739
3.871	22.9656
3.872	22.4266
3.873	22.1743
3.874	22.2195
3.875	22.5652
3.876	23.2075
3.877	24.1358
3.878	25.3323
3.879	26.7739
3.88	28.432
3.881	30.2742
3.882	32.2646
3.883	34.3658
3.884	36.5395
3.885	38.7482
3.886	40.9561
3.887	43.1301
3.888	45.242
3.889	47.2677
3.89	49.1908
3.891	51.0004
3.892	52.6919
3.893	54.2709
3.894	55.7469
3.895	57.1399
3.896	58.4728
3.897	59.777
3.898	61.0854
3.899	62.4353
3.9	63.8656
3.901	65.4124
3.902	67.112
3.903	68.9942
3.904	71.084
3.905	73.3991
3.906	75.9471
3.907	78.7267
3.908	81.7244
3.909	84.9171
3.91	88.2694
3.911	91.7379
3.912	95.2677
3.913	98.7962
3.914	102.257
3.915	105.575
3.916	108.68
3.917	111.497
3.918	113.958
3.919	116
3.92	117.567
3.921	118.612
3.922	119.105
3.923	119.024
3.924	118.362
3.925	117.127
3.926	115.339
3.927	113.032
3.928	110.251
3.929	107.051
3.93	103.497
3.931	99.6561
3.932	95.6023
3.933	91.4075
3.934	87.1452
3.935	82.8843
3.936	78.6888
3.937	74.6146
3.938	70.711
3.939	67.0182
3.94	63.566
3.941	60.3752
3.942	57.4569
3.943	54.8152
3.944	52.4445
3.945	50.3342
3.946	48.4682
3.947	46.8266
3.948	45.3871
3.949	44.126
3.95	43.021
3.951	42.0501
3.952	41.195
3.953	40.4384
3.954	39.7678
3.955	39.1755
3.956	38.6542
3.957	38.204
3.958	37.8252
3.959	37.5234
3.96	37.3048
3.961	37.1776
3.962	37.1505
3.963	37.2335
3.964	37.436
3.965	37.7664
3.966	38.2325
3.967	38.8393
3.968	39.5924
3.969	40.494
3.97	41.5442
3.971	42.7421
3.972	44.086
3.973	45.5703
3.974	47.1898
3.975	48.9376
3.976	50.8056
3.977	52.7844
3.978	54.8639
3.979	57.0332
3.98	59.28
3.981	61.5921
3.982	63.9567
3.983	66.3583
3.984	68.7845
3.985	71.2212
3.986	73.6538
3.987	76.0705
3.988	78.459
3.989	80.8106
3.99	83.1181
3.991	85.3768
3.992	87.587
3.993	89.751
3.994	91.8765
3.995	93.9754
3.996	96.0628
3.997	98.1569
3.998	100.28
3.999	102.455
4	104.705
4.001	107.056
4.002	109.526
4.003	112.133
4.004	114.89
4.005	117.8
4.006	120.862
4.007	124.064
4.008	127.387
4.009	130.8
4.01	134.266
4.011	137.739
4.012	141.166
4.013	144.491
4.014	147.654
4.015	150.594
4.016	153.255
4.017	155.58
4.018	157.524
4.019	159.046
4.02	160.118
4.021	160.723
4.022	160.857
4.023	160.525
4.024	159.748
4.025	158.556
4.026	156.992
4.027	155.102
4.028	152.945
4.029	150.578
4.03	148.065
4.031	145.468
4.032	142.846
4.033	140.255
4.034	137.746
4.035	135.361
4.036	133.138
4.037	131.105
4.038	129.283
4.039	127.684
4.04	126.316
4.041	125.179
4.042	124.269
4.043	123.579
4.044	123.098
4.045	122.812
4.046	122.708
4.047	122.774
4.048	122.993
4.049	123.352
4.05	123.836
4.051	124.429
4.052	125.117
4.053	125.882
4.054	126.705
4.055	127.564
4.056	128.434
4.057	129.289
4.058	130.098
4.059	130.827
4.06	131.441
4.061	131.904
4.062	132.175
4.063	132.219
4.064	131.998
4.065	131.48
4.066	130.636
4.067	129.442
4.068	127.88
4.069	125.942
4.07	123.625
4.071	120.938
4.072	117.896
4.073	114.523
4.074	110.85
4.075	106.92
4.076	102.777
4.077	98.4716
4.078	94.0588
4.079	89.5949
4.08	85.1369
4.081	80.7423
4.082	76.4637
4.083	72.3537
4.084	68.4569
4.085	64.8139
4.086	61.4584
4.087	58.4174
4.088	55.7103
4.089	53.3492
4.09	51.3389
4.091	49.677
4.092	48.3549
4.093	47.3576
4.094	46.6651
4.095	46.2533
4.096	46.0941
4.097	46.1571
4.098	46.4099
4.099	46.8197
4.1	47.3536
4.101	47.9791
4.102	48.6656
4.103	49.384
4.104	50.1079
4.105	50.8132
4.106	51.4791
4.107	52.0872
4.108	52.6226
4.109	53.0724
4.11	53.4268
4.111	53.6782
4.112	53.8207
4.113	53.8506
4.114	53.7653
4.115	53.5646
4.116	53.2478
4.117	52.8154
4.118	52.2699
4.119	51.6138
4.12	50.8498
4.121	49.9826
4.122	49.0185
4.123	47.9619
4.124	46.8223
4.125	45.607
4.126	44.327
4.127	42.9928
4.128	41.6185
4.129	40.2163
4.13	38.8022
4.131	37.3914
4.132	36.0001
4.133	34.6439
4.134	33.3391
4.135	32.1011
4.136	30.9434
4.137	29.8789
4.138	28.9166
4.139	28.0656
4.14	27.3309
4.141	26.7135
4.142	26.2124
4.143	25.8224
4.144	25.5353
4.145	25.3393
4.146	25.2195
4.147	25.1581
4.148	25.1352
4.149	25.1283
4.15	25.115
4.151	25.0703
4.152	24.9722
4.153	24.7968
4.154	24.5232
4.155	24.1337
4.156	23.6119
4.157	22.9474
4.158	22.1304
4.159	21.1593
4.16	20.0356
4.161	18.7633
4.162	17.3552
4.163	15.8238
4.164	14.188
4.165	12.4685
4.166	10.6893
4.167	8.87572
4.168	7.0531
4.169	5.24711
4.17	3.48273
4.171	1.78318
4.172	0.169184
4.173	-1.3411
4.174	-2.73281
4.175	-3.9947
4.176	-5.11897
4.177	-6.10154
4.178	-6.9412
4.179	-7.64026
4.18	-8.20325
4.181	-8.63649
4.182	-8.9481
4.183	-9.14669
4.184	-9.24084
4.185	-9.23891
4.186	-9.14773
4.187	-8.97285
4.188	-8.7173
4.189	-8.38183
4.19	-7.96449
4.191	-7.45983
4.192	-6.85974
4.193	-6.15247
4.194	-5.32343
4.195	-4.35427
4.196	-3.22421
4.197	-1.90866
4.198	-0.380623
4.199	1.38986
4.2	3.43533
4.201	5.79097
4.202	8.49406
4.203	11.5842
4.204	15.1027
4.205	19.0921
4.206	23.5966
4.207	28.66
4.208	34.3264
4.209	40.6387
4.21	47.6374
4.211	55.3599
4.212	63.8391
4.213	73.1019
4.214	83.1669
4.215	94.044
4.216	105.732
4.217	118.219
4.218	131.476
4.219	145.463
4.22	160.12
4.221	175.373
4.222	191.131
4.223	207.286
4.224	223.712
4.225	240.272
4.226	256.812
4.227	273.169
4.228	289.17
4.229	304.636
4.23	319.389
4.231	333.248
4.232	346.038
4.233	357.593
4.234	367.757
4.235	376.391
4.236	383.375
4.237	388.609
4.238	392.017
4.239	393.55
4.24	393.184
4.241	390.924
4.242	386.802
4.243	380.877
4.244	373.233
4.245	363.982
4.246	353.252
4.247	341.194
4.248	327.974
4.249	313.768
4.25	298.766
4.251	283.156
4.252	267.132
4.253	250.883
4.254	234.594
4.255	218.437
4.256	202.574
4.257	187.152
4.258	172.303
4.259	158.137
4.26	144.748
4.261	132.207
4.262	120.57
4.263	109.87
4.264	100.125
4.265	91.3323
4.266	83.4765
4.267	76.5305
4.268	70.4524
4.269	65.1946
4.27	60.7012
4.271	56.9123
4.272	53.7659
4.273	51.1983
4.274	49.1491
4.275	47.5594
4.276	46.3745
4.277	45.5451
4.278	45.0269
4.279	44.7821
4.28	44.7781
4.281	44.9886
4.282	45.3922
4.283	45.972
4.284	46.7154
4.285	47.6119
4.286	48.6525
4.287	49.8315
4.288	51.1415
4.289	52.5729
4.29	54.1179
4.291	55.7645
4.292	57.4994
4.293	59.3062
4.294	61.1661
4.295	63.0591
4.296	64.9622
4.297	66.8512
4.298	68.703
4.299	70.4923
4.3	72.1955
4.301	73.7904
4.302	75.2594
4.303	76.5845
4.304	77.752
4.305	78.7552
4.306	79.5864
4.307	80.2469
4.308	80.7395
4.309	81.0711
4.31	81.2527
4.311	81.2988
4.312	81.2258
4.313	81.0517
4.314	80.7963
4.315	80.4809
4.316	80.1258
4.317	79.7506
4.318	79.3755
4.319	79.0182
4.32	78.6951
4.321	78.4233
4.322	78.2155
4.323	78.0834
4.324	78.0378
4.325	78.0888
4.326	78.2439
4.327	78.51
4.328	78.8916
4.329	79.3957
4.33	80.0235
4.331	80.78
4.332	81.6661
4.333	82.6831
4.334	83.8315
4.335	85.1088
4.336	86.515
4.337	88.0469
4.338	89.6997
4.339	91.4705
4.34	93.3557
4.341	95.3492
4.342	97.4495
4.343	99.6538
4.344	101.963
4.345	104.378
4.346	106.906
4.347	109.555
4.348	112.34
4.349	115.277
4.35	118.39
4.351	121.707
4.352	125.26
4.353	129.081
4.354	133.211
4.355	137.687
4.356	142.551
4.357	147.838
4.358	153.583
4.359	159.817
4.36	166.561
4.361	173.828
4.362	181.619
4.363	189.926
4.364	198.725
4.365	207.977
4.366	217.631
4.367	227.619
4.368	237.862
4.369	248.267
4.37	258.731
4.371	269.142
4.372	279.384
4.373	289.339
4.374	298.887
4.375	307.916
4.376	316.32
4.377	324.005
4.378	330.89
4.379	336.911
4.38	342.021
4.381	346.195
4.382	349.426
4.383	351.728
4.384	353.133
4.385	353.689
4.386	353.459
4.387	352.521
4.388	350.957
4.389	348.854
4.39	346.303
4.391	343.386
4.392	340.186
4.393	336.771
4.394	333.199
4.395	329.513
4.396	325.743
4.397	321.899
4.398	317.981
4.399	313.972
4.4	309.843
4.401	305.555
4.402	301.061
4.403	296.313
4.404	291.259
4.405	285.85
4.406	280.044
4.407	273.807
4.408	267.114
4.409	259.953
4.41	252.326
4.411	244.248
4.412	235.75
4.413	226.872
4.414	217.672
4.415	208.212
4.416	198.568
4.417	188.819
4.418	179.048
4.419	169.342
4.42	159.783
4.421	150.458
4.422	141.442
4.423	132.81
4.424	124.627
4.425	116.956
4.426	109.848
4.427	103.347
4.428	97.4966
4.429	92.327
4.43	87.8691
4.431	84.1473
4.432	81.1832
4.433	78.9971
4.434	77.6085
4.435	77.0354
4.436	77.2963
4.437	78.4111
4.438	80.3982
4.439	83.2758
4.44	87.0635
4.441	91.7759
4.442	97.4271
4.443	104.026
4.444	111.573
4.445	120.065
4.446	129.484
4.447	139.807
4.448	150.99
4.449	162.982
4.45	175.711
4.451	189.091
4.452	203.019
4.453	217.375
4.454	232.023
4.455	246.812
4.456	261.577
4.457	276.145
4.458	290.334
4.459	303.957
4.46	316.828
4.461	328.763
4.462	339.587
4.463	349.139
4.464	357.272
4.465	363.857
4.466	368.796
4.467	372.01
4.468	373.454
4.469	373.11
4.47	370.994
4.471	367.15
4.472	361.651
4.473	354.6
4.474	346.124
4.475	336.369
4.476	325.499
4.477	313.691
4.478	301.129
4.479	288.001
4.48	274.49
4.481	260.778
4.482	247.029
4.483	233.4
4.484	220.028
4.485	207.031
4.486	194.504
4.487	182.526
4.488	171.151
4.489	160.412
4.49	150.325
4.491	140.888
4.492	132.086
4.493	123.887
4.494	116.255
4.495	109.145
4.496	102.509
4.497	96.2974
4.498	90.4629
4.499	84.962
4.5	79.7555
4.501	74.8126
4.502	70.1068
4.503	65.6228
4.504	61.3503
4.505	57.2895
4.506	53.4438
4.507	49.8256
4.508	46.4502
4.509	43.3364
4.51	40.5066
4.511	37.9811
4.512	35.7824
4.513	33.9304
4.514	32.4406
4.515	31.3279
4.516	30.6003
4.517	30.2639
4.518	30.3172
4.519	30.7567
4.52	31.5716
4.521	32.7493
4.522	34.2719
4.523	36.1187
4.524	38.2686
4.525	40.695
4.526	43.3749
4.527	46.282
4.528	49.3931
4.529	52.6834
4.53	56.133
4.531	59.7222
4.532	63.4359
4.533	67.2606
4.534	71.1871
4.535	75.2085
4.536	79.3213
4.537	83.5253
4.538	87.8224
4.539	92.2169
4.54	96.7152
4.541	101.325
4.542	106.051
4.543	110.904
4.544	115.889
4.545	121.011
4.546	126.273
4.547	131.673
4.548	137.208
4.549	142.871
4.55	148.646
4.551	154.516
4.552	160.457
4.553	166.442
4.554	172.435
4.555	178.398
4.556	184.287
4.557	190.054
4.558	195.648
4.559	201.015
4.56	206.101
4.561	210.851
4.562	215.21
4.563	219.125
4.564	222.548
4.565	225.434
4.566	227.742
4.567	229.44
4.568	230.502
4.569	230.907
4.57	230.646
4.571	229.715
4.572	228.121
4.573	225.877
4.574	223.003
4.575	219.529
4.576	215.489
4.577	210.924
4.578	205.878
4.579	200.401
4.58	194.544
4.581	188.362
4.582	181.908
4.583	175.239
4.584	168.409
4.585	161.472
4.586	154.48
4.587	147.482
4.588	140.526
4.589	133.658
4.59	126.917
4.591	120.344
4.592	113.976
4.593	107.846
4.594	101.983
4.595	96.4164
4.596	91.1721
4.597	86.2723
4.598	81.737
4.599	77.5861
4.6	73.8334
4.601	70.4946
4.602	67.5804
4.603	65.0998
4.604	63.0598
4.605	61.4651
4.606	60.3174
4.607	59.6162
4.608	59.3581
4.609	59.5364
4.61	60.1417
4.611	61.1606
4.612	62.5766
4.613	64.3689
4.614	66.5126
4.615	68.979
4.616	71.7347
4.617	74.7408
4.618	77.9553
4.619	81.3307
4.62	84.8155
4.621	88.3545
4.622	91.8878
4.623	95.3549
4.624	98.6914
4.625	101.831
4.626	104.71
4.627	107.262
4.628	109.425
4.629	111.14
4.63	112.353
4.631	113.014
4.632	113.083
4.633	112.526
4.634	111.319
4.635	109.447
4.636	106.907
4.637	103.704
4.638	99.8562
4.639	95.392
4.64	90.3462
4.641	84.7686
4.642	78.7138
4.643	72.2445
4.644	65.429
4.645	58.3411
4.646	51.0588
4.647	43.6592
4.648	36.2203
4.649	28.8231
4.65	21.5392
4.651	14.4409
4.652	7.59399
4.653	1.0588
4.654	-5.11166
4.655	-10.8724
4.656	-16.1857
4.657	-21.0219
4.658	-25.3599
4.659	-29.1878
4.66	-32.4992
4.661	-35.2956
4.662	-37.5852
4.663	-39.3814
4.664	-40.7021
4.665	-41.5695
4.666	-42.0061
4.667	-42.0381
4.668	-41.6894
4.669	-40.9842
4.67	-39.9439
4.671	-38.5882
4.672	-36.93
4.673	-34.9819
4.674	-32.7486
4.675	-30.2319
4.676	-27.4299
4.677	-24.3335
4.678	-20.9337
4.679	-17.2163
4.68	-13.1655
4.681	-8.76663
4.682	-4.00402
4.683	1.13512
4.684	6.66027
4.685	12.5766
4.686	18.8825
4.687	25.5701
4.688	32.6231
4.689	40.0185
4.69	47.7221
4.691	55.6938
4.692	63.8839
4.693	72.2361
4.694	80.6863
4.695	89.1692
4.696	97.6138
4.697	105.95
4.698	114.108
4.699	122.023
4.7	129.637
4.701	136.901
4.702	143.776
4.703	150.237
4.704	156.275
4.705	161.895
4.706	167.122
4.707	171.996
4.708	176.574
4.709	180.93
4.71	185.153
4.711	189.343
4.712	193.608
4.713	198.065
4.714	202.83
4.715	208.02
4.716	213.743
4.717	220.099
4.718	227.172
4.719	235.025
4.72	243.703
4.721	253.222
4.722	263.575
4.723	274.72
4.724	286.588
4.725	299.083
4.726	312.077
4.727	325.417
4.728	338.927
4.729	352.412
4.73	365.663
4.731	378.46
4.732	390.58
4.733	401.804
4.734	411.918
4.735	420.722
4.736	428.035
4.737	433.703
4.738	437.595
4.739	439.615
4.74	439.7
4.741	437.823
4.742	433.993
4.743	428.257
4.744	420.693
4.745	411.417
4.746	400.57
4.747	388.32
4.748	374.862
4.749	360.402
4.75	345.161
4.751	329.373
4.752	313.266
4.753	297.073
4.754	281.017
4.755	265.314
4.756	250.165
4.757	235.75
4.758	222.236
4.759	209.761
4.76	198.449
4.761	188.39
4.762	179.657
4.763	172.296
4.764	166.33
4.765	161.761
4.766	158.568
4.767	156.715
4.768	156.144
4.769	156.787
4.77	158.56
4.771	161.37
4.772	165.117
4.773	169.696
4.774	174.996
4.775	180.907
4.776	187.316
4.777	194.115
4.778	201.198
4.779	208.463
4.78	215.811
4.781	223.152
4.782	230.398
4.783	237.47
4.784	244.292
4.785	250.795
4.786	256.917
4.787	262.598
4.788	267.784
4.789	272.425
4.79	276.476
4.791	279.896
4.792	282.65
4.793	284.703
4.794	286.031
4.795	286.61
4.796	286.428
4.797	285.475
4.798	283.755
4.799	281.278
4.8	278.062
4.801	274.143
4.802	269.565
4.803	264.383
4.804	258.668
4.805	252.503
4.806	245.984
4.807	239.217
4.808	232.321
4.809	225.42
4.81	218.651
4.811	212.15
4.812	206.058
4.813	200.513
4.814	195.651
4.815	191.6
4.816	188.478
4.817	186.388
4.818	185.417
4.819	185.635
4.82	187.087
4.821	189.796
4.822	193.761
4.823	198.956
4.824	205.326
4.825	212.795
4.826	221.258
4.827	230.594
4.828	240.654
4.829	251.277
4.83	262.286
4.831	273.493
4.832	284.707
4.833	295.729
4.834	306.366
4.835	316.43
4.836	325.741
4.837	334.136
4.838	341.465
4.839	347.6
4.84	352.433
4.841	355.88
4.842	357.883
4.843	358.407
4.844	357.442
4.845	355.003
4.846	351.125
4.847	345.868
4.848	339.305
4.849	331.53
4.85	322.648
4.851	312.776
4.852	302.036
4.853	290.558
4.854	278.474
4.855	265.917
4.856	253.012
4.857	239.888
4.858	226.663
4.859	213.451
4.86	200.359
4.861	187.481
4.862	174.91
4.863	162.725
4.864	151
4.865	139.801
4.866	129.188
4.867	119.214
4.868	109.927
4.869	101.372
4.87	93.5892
4.871	86.6158
4.872	80.4875
4.873	75.2358
4.874	70.893
4.875	67.4875
4.876	65.0444
4.877	63.5862
4.878	63.1337
4.879	63.7
4.88	65.2949
4.881	67.9185
4.882	71.565
4.883	76.2194
4.884	81.8556
4.885	88.4356
4.886	95.9123
4.887	104.224
4.888	113.297
4.889	123.046
4.89	133.375
4.891	144.176
4.892	155.333
4.893	166.724
4.894	178.222
4.895	189.696
4.896	201.019
4.897	212.065
4.898	222.714
4.899	232.858
4.9	242.398
4.901	251.252
4.902	259.354
4.903	266.656
4.904	273.129
4.905	278.764
4.906	283.573
4.907	287.587
4.908	290.855
4.909	293.442
4.91	295.43
4.911	296.91
4.912	297.982
4.913	298.752
4.914	299.332
4.915	299.827
4.916	300.345
4.917	300.983
4.918	301.831
4.919	302.971
4.92	304.47
4.921	306.382
4.922	308.749
4.923	311.598
4.924	314.945
4.925	318.79
4.926	323.125
4.927	327.93
4.928	333.179
4.929	338.838
4.93	344.868
4.931	351.228
4.932	357.872
4.933	364.756
4.934	371.835
4.935	379.065
4.936	386.402
4.937	393.804
4.938	401.227
4.939	408.629
4.94	415.964
4.941	423.188
4.942	430.251
4.943	437.097
4.944	443.671
4.945	449.908
4.946	455.738
4.947	461.088
4.948	465.878
4.949	470.023
4.95	473.439
4.951	476.04
4.952	477.743
4.953	478.466
4.954	478.14
4.955	476.701
4.956	474.101
4.957	470.308
4.958	465.306
4.959	459.104
4.96	451.728
4.961	443.229
4.962	433.68
4.963	423.177
4.964	411.837
4.965	399.794
4.966	387.199
4.967	374.216
4.968	361.016
4.969	347.776
4.97	334.673
4.971	321.88
4.972	309.559
4.973	297.862
4.974	286.923
4.975	276.858
4.976	267.758
4.977	259.693
4.978	252.705
4.979	246.813
4.98	242.008
4.981	238.257
4.982	235.504
4.983	233.673
4.984	232.67
4.985	232.384
4.986	232.695
4.987	233.474
4.988	234.587
4.989	235.899
4.99	237.28
4.991	238.606
4.992	239.76
4.993	240.64
4.994	241.156
4.995	241.236
4.996	240.825
4.997	239.888
4.998	238.405
4.999	236.38
5	233.833
5.001	230.803
5.002	227.344
5.003	223.526
5.004	219.43
5.005	215.151
5.006	210.79
5.007	206.455
5.008	202.258
5.009	198.313
5.01	194.731
5.011	191.62
5.012	189.085
5.013	187.22
5.014	186.108
5.015	185.823
5.016	186.424
5.017	187.954
5.018	190.441
5.019	193.895
5.02	198.306
5.021	203.645
5.022	209.867
5.023	216.905
5.024	224.675
5.025	233.076
5.026	241.99
5.027	251.286
5.028	260.822
5.029	270.446
5.03	280
5.031	289.324
5.032	298.259
5.033	306.648
5.034	314.346
5.035	321.215
5.036	327.134
5.037	331.996
5.038	335.717
5.039	338.23
5.04	339.494
5.041	339.487
5.042	338.212
5.043	335.692
5.044	331.969
5.045	327.106
5.046	321.179
5.047	314.279
5.048	306.505
5.049	297.966
5.05	288.772
5.051	279.037
5.052	268.873
5.053	258.388
5.054	247.685
5.055	236.861
5.056	226.005
5.057	215.197
5.058	204.507
5.059	194.001
5.06	183.731
5.061	173.745
5.062	164.081
5.063	154.773
5.064	145.846
5.065	137.323
5.066	129.22
5.067	121.549
5.068	114.319
5.069	107.534
5.07	101.196
5.071	95.3037
5.072	89.8506
5.073	84.8297
5.074	80.229
5.075	76.0355
5.076	72.2301
5.077	68.7942
5.078	65.7061
5.079	62.9434
5.08	60.478
5.081	58.2881
5.082	56.3448
5.083	54.6232
5.084	53.0985
5.085	51.7465
5.086	50.5447
5.087	49.4746
5.088	48.5162
5.089	47.6545
5.09	46.8757
5.091	46.1692
5.092	45.5247
5.093	44.9356
5.094	44.394
5.095	43.8956
5.096	43.4354
5.097	43.0069
5.098	42.6071
5.099	42.2292
5.1	41.8681
5.101	41.5154
5.102	41.1645
5.103	40.8068
5.104	40.4335
5.105	40.0357
5.106	39.6048
5.107	39.1329
5.108	38.6134
5.109	38.0414
5.11	37.4142
5.111	36.7319
5.112	35.9978
5.113	35.2187
5.114	34.405
5.115	33.5718
5.116	32.7375
5.117	31.925
5.118	31.1612
5.119	30.4765
5.12	29.905
5.121	29.4838
5.122	29.2525
5.123	29.2529
5.124	29.5281
5.125	30.1222
5.126	31.0792
5.127	32.4426
5.128	34.2542
5.129	36.5537
5.13	39.3774
5.131	42.7574
5.132	46.7203
5.133	51.2866
5.134	56.4695
5.135	62.2735
5.136	68.6938
5.137	75.7142
5.138	83.3093
5.139	91.4402
5.14	100.055
5.141	109.091
5.142	118.471
5.143	128.107
5.144	137.9
5.145	147.74
5.146	157.507
5.147	167.078
5.148	176.322
5.149	185.109
5.15	193.307
5.151	200.789
5.152	207.435
5.153	213.136
5.154	217.792
5.155	221.32
5.156	223.653
5.157	224.743
5.158	224.561
5.159	223.098
5.16	220.37
5.161	216.406
5.162	211.261
5.163	205.005
5.164	197.723
5.165	189.516
5.166	180.496
5.167	170.783
5.168	160.505
5.169	149.793
5.17	138.778
5.171	127.592
5.172	116.363
5.173	105.212
5.174	94.2562
5.175	83.6021
5.176	73.3511
5.177	63.5917
5.178	54.4044
5.179	45.8613
5.18	38.0219
5.181	30.9393
5.182	24.6552
5.183	19.2048
5.184	14.6139
5.185	10.9011
5.186	8.07688
5.187	6.14524
5.188	5.10299
5.189	4.93991
5.19	5.6393
5.191	7.17738
5.192	9.52346
5.193	12.6404
5.194	16.484
5.195	21.0024
5.196	26.1368
5.197	31.8225
5.198	37.9871
5.199	44.5533
5.2	51.4377
5.201	58.5521
5.202	65.8054
5.203	73.104
5.204	80.354
5.205	87.4618
5.206	94.3374
5.207	100.896
5.208	107.059
5.209	112.759
5.21	117.937
5.211	122.55
5.212	126.571
5.213	129.987
5.214	132.808
5.215	135.055
5.216	136.777
5.217	138.036
5.218	138.916
5.219	139.515
5.22	139.945
5.221	140.333
5.222	140.811
5.223	141.514
5.224	142.583
5.225	144.149
5.226	146.338
5.227	149.259
5.228	153.006
5.229	157.652
5.23	163.24
5.231	169.79
5.232	177.29
5.233	185.696
5.234	194.937
5.235	204.906
5.236	215.473
5.237	226.481
5.238	237.753
5.239	249.096
5.24	260.307
5.241	271.178
5.242	281.501
5.243	291.079
5.244	299.726
5.245	307.277
5.246	313.589
5.247	318.546
5.248	322.068
5.249	324.102
5.25	324.632
5.251	323.673
5.252	321.274
5.253	317.51
5.254	312.482
5.255	306.315
5.256	299.148
5.257	291.131
5.258	282.423
5.259	273.18
5.26	263.559
5.261	253.705
5.262	243.754
5.263	233.828
5.264	224.031
5.265	214.451
5.266	205.159
5.267	196.206
5.268	187.631
5.269	179.455
5.27	171.689
5.271	164.336
5.272	157.391
5.273	150.847
5.274	144.693
5.275	138.923
5.276	133.531
5.277	128.517
5.278	123.887
5.279	119.652
5.28	115.829
5.281	112.441
5.282	109.512
5.283	107.073
5.284	105.151
5.285	103.772
5.286	102.959
5.287	102.726
5.288	103.082
5.289	104.022
5.29	105.533
5.291	107.584
5.292	110.131
5.293	113.119
5.294	116.479
5.295	120.125
5.296	123.964
5.297	127.891
5.298	131.799
5.299	135.57
5.3	139.092
5.301	142.254
5.302	144.949
5.303	147.082
5.304	148.571
5.305	149.345
5.306	149.357
5.307	148.575
5.308	146.989
5.309	144.611
5.31	141.474
5.311	137.63
5.312	133.152
5.313	128.128
5.314	122.661
5.315	116.862
5.316	110.854
5.317	104.76
5.318	98.7034
5.319	92.8053
5.32	87.1779
5.321	81.9224
5.322	77.1289
5.323	72.8687
5.324	69.2007
5.325	66.1624
5.326	63.7741
5.327	62.0397
5.328	60.9439
5.329	60.4579
5.33	60.5398
5.331	61.1367
5.332	62.1867
5.333	63.6247
5.334	65.38
5.335	67.3843
5.336	69.5702
5.337	71.8782
5.338	74.2513
5.339	76.6436
5.34	79.0159
5.341	81.3392
5.342	83.5958
5.343	85.7744
5.344	87.8744
5.345	89.9004
5.346	91.8638
5.347	93.7829
5.348	95.6751
5.349	97.5617
5.35	99.4624
5.351	101.396
5.352	103.378
5.353	105.421
5.354	107.53
5.355	109.706
5.356	111.947
5.357	114.242
5.358	116.576
5.359	118.928
5.36	121.276
5.361	123.593
5.362	125.848
5.363	128.01
5.364	130.051
5.365	131.94
5.366	133.649
5.367	135.152
5.368	136.429
5.369	137.46
5.37	138.232
5.371	138.735
5.372	138.965
5.373	138.92
5.374	138.603
5.375	138.021
5.376	137.182
5.377	136.1
5.378	134.786
5.379	133.256
5.38	131.526
5.381	129.609
5.382	127.521
5.383	125.275
5.384	122.884
5.385	120.358
5.386	117.708
5.387	114.941
5.388	112.066
5.389	109.087
5.39	106.009
5.391	102.84
5.392	99.5819
5.393	96.242
5.394	92.8271
5.395	89.3462
5.396	85.8102
5.397	82.2333
5.398	78.6311
5.399	75.0241
5.4	71.4356
5.401	67.8936
5.402	64.428
5.403	61.0749
5.404	57.8719
5.405	54.8618
5.406	52.0887
5.407	49.6023
5.408	47.451
5.409	45.6869
5.41	44.3654
5.411	43.5387
5.412	43.2648
5.413	43.5958
5.414	44.5863
5.415	46.2902
5.416	48.7572
5.417	52.0365
5.418	56.1705
5.419	61.201
5.42	67.1602
5.421	74.0778
5.422	81.9717
5.423	90.8539
5.424	100.721
5.425	111.564
5.426	123.353
5.427	136.048
5.428	149.59
5.429	163.904
5.43	178.898
5.431	194.46
5.432	210.462
5.433	226.758
5.434	243.187
5.435	259.575
5.436	275.734
5.437	291.473
5.438	306.594
5.439	320.899
5.44	334.194
5.441	346.296
5.442	357.032
5.443	366.25
5.444	373.816
5.445	379.626
5.446	383.6
5.447	385.692
5.448	385.886
5.449	384.202
5.45	380.689
5.451	375.431
5.452	368.54
5.453	360.157
5.454	350.445
5.455	339.588
5.456	327.784
5.457	315.245
5.458	302.185
5.459	288.822
5.46	275.371
5.461	262.04
5.462	249.022
5.463	236.5
5.464	224.636
5.465	213.575
5.466	203.438
5.467	194.326
5.468	186.315
5.469	179.458
5.47	173.785
5.471	169.304
5.472	166.004
5.473	163.852
5.474	162.798
5.475	162.776
5.476	163.705
5.477	165.492
5.478	168.032
5.479	171.212
5.48	174.913
5.481	179.009
5.482	183.372
5.483	187.873
5.484	192.381
5.485	196.771
5.486	200.918
5.487	204.705
5.488	208.02
5.489	210.764
5.49	212.844
5.491	214.183
5.492	214.712
5.493	214.38
5.494	213.148
5.495	210.995
5.496	207.912
5.497	203.909
5.498	199.009
5.499	193.251
5.5	186.685
5.501	179.374
5.502	171.396
5.503	162.834
5.504	153.779
5.505	144.328
5.506	134.582
5.507	124.646
5.508	114.621
5.509	104.609
5.51	94.706
5.511	85.0056
5.512	75.5929
5.513	66.5464
5.514	57.9378
5.515	49.8289
5.516	42.2735
5.517	35.3149
5.518	28.9902
5.519	23.3282
5.52	18.3475
5.521	14.0625
5.522	10.4804
5.523	7.60443
5.524	5.43139
5.525	3.95566
5.526	3.17079
5.527	3.06475
5.528	3.62709
5.529	4.84335
5.53	6.70067
5.531	9.183
5.532	12.2767
5.533	15.9616
5.534	20.2209
5.535	25.0297
5.536	30.3655
5.537	36.1978
5.538	42.4936
5.539	49.2135
5.54	56.3143
5.541	63.7428
5.542	71.442
5.543	79.3493
5.544	87.3924
5.545	95.4965
5.546	103.579
5.547	111.555
5.548	119.338
5.549	126.838
5.55	133.968
5.551	140.643
5.552	146.779
5.553	152.305
5.554	157.153
5.555	161.267
5.556	164.603
5.557	167.129
5.558	168.825
5.559	169.688
5.56	169.728
5.561	168.969
5.562	167.446
5.563	165.21
5.564	162.322
5.565	158.85
5.566	154.87
5.567	150.464
5.568	145.718
5.569	140.718
5.57	135.547
5.571	130.289
5.572	125.022
5.573	119.816
5.574	114.737
5.575	109.841
5.576	105.176
5.577	100.782
5.578	96.6885
5.579	92.9177
5.58	89.483
5.581	86.3901
5.582	83.6382
5.583	81.2204
5.584	79.1231
5.585	77.3308
5.586	75.8229
5.587	74.5748
5.588	73.563
5.589	72.7595
5.59	72.1381
5.591	71.6712
5.592	71.3312
5.593	71.0945
5.594	70.935
5.595	70.8319
5.596	70.7657
5.597	70.7191
5.598	70.6816
5.599	70.6424
5.6	70.5964
5.601	70.5455
5.602	70.4927
5.603	70.4484
5.604	70.4263
5.605	70.4467
5.606	70.5324
5.607	70.7125
5.608	71.018
5.609	71.4835
5.61	72.1464
5.611	73.0439
5.612	74.2149
5.613	75.6941
5.614	77.5176
5.615	79.7145
5.616	82.3098
5.617	85.3231
5.618	88.7631
5.619	92.6342
5.62	96.9263
5.621	101.622
5.622	106.692
5.623	112.094
5.624	117.778
5.625	123.681
5.626	129.729
5.627	135.841
5.628	141.927
5.629	147.891
5.63	153.633
5.631	159.051
5.632	164.043
5.633	168.506
5.634	172.346
5.635	175.471
5.636	177.799
5.637	179.258
5.638	179.788
5.639	179.34
5.64	177.882
5.641	175.394
5.642	171.871
5.643	167.326
5.644	161.782
5.645	155.281
5.646	147.877
5.647	139.635
5.648	130.636
5.649	120.968
5.65	110.73
5.651	100.031
5.652	88.9838
5.653	77.7065
5.654	66.3255
5.655	54.9647
5.656	43.7508
5.657	32.8093
5.658	22.2646
5.659	12.2341
5.66	2.82937
5.661	-5.84592
5.662	-13.6978
5.663	-20.6467
5.664	-26.6236
5.665	-31.5786
5.666	-35.4772
5.667	-38.3017
5.668	-40.0554
5.669	-40.76
5.67	-40.4531
5.671	-39.1942
5.672	-37.0574
5.673	-34.1308
5.674	-30.5157
5.675	-26.3255
5.676	-21.6774
5.677	-16.6934
5.678	-11.4998
5.679	-6.21626
5.68	-0.957584
5.681	4.16774
5.682	9.0617
5.683	13.6407
5.684	17.8342
5.685	21.5858
5.686	24.8562
5.687	27.6237
5.688	29.8771
5.689	31.6236
5.69	32.8832
5.691	33.6881
5.692	34.0802
5.693	34.1123
5.694	33.8416
5.695	33.3347
5.696	32.6591
5.697	31.8854
5.698	31.0853
5.699	30.3278
5.7	29.6835
5.701	29.2167
5.702	28.9854
5.703	29.0472
5.704	29.4465
5.705	30.2241
5.706	31.4091
5.707	33.0222
5.708	35.0731
5.709	37.5627
5.71	40.4772
5.711	43.7958
5.712	47.4847
5.713	51.4998
5.714	55.7913
5.715	60.2964
5.716	64.9526
5.717	69.6867
5.718	74.428
5.719	79.1019
5.72	83.6383
5.721	87.9708
5.722	92.0365
5.723	95.7857
5.724	99.175
5.725	102.174
5.726	104.768
5.727	106.951
5.728	108.736
5.729	110.151
5.73	111.238
5.731	112.051
5.732	112.663
5.733	113.155
5.734	113.624
5.735	114.173
5.736	114.913
5.737	115.964
5.738	117.446
5.739	119.483
5.74	122.196
5.741	125.701
5.742	130.108
5.743	135.518
5.744	142.015
5.745	149.672
5.746	158.54
5.747	168.652
5.748	180.014
5.749	192.611
5.75	206.4
5.751	221.312
5.752	237.251
5.753	254.095
5.754	271.697
5.755	289.889
5.756	308.484
5.757	327.279
5.758	346.059
5.759	364.605
5.76	382.695
5.761	400.111
5.762	416.644
5.763	432.101
5.764	446.305
5.765	459.103
5.766	470.366
5.767	479.996
5.768	487.923
5.769	494.104
5.77	498.532
5.771	501.223
5.772	502.22
5.773	501.59
5.774	499.42
5.775	495.812
5.776	490.882
5.777	484.753
5.778	477.549
5.779	469.402
5.78	460.434
5.781	450.768
5.782	440.517
5.783	429.786
5.784	418.669
5.785	407.254
5.786	395.615
5.787	383.819
5.788	371.925
5.789	359.982
5.79	348.036
5.791	336.125
5.792	324.283
5.793	312.547
5.794	300.945
5.795	289.508
5.796	278.267
5.797	267.255
5.798	256.502
5.799	246.043
5.8	235.911
5.801	226.146
5.802	216.784
5.803	207.866
5.804	199.433
5.805	191.527
5.806	184.192
5.807	177.47
5.808	171.408
5.809	166.048
5.81	161.434
5.811	157.605
5.812	154.603
5.813	152.459
5.814	151.207
5.815	150.872
5.816	151.47
5.817	153.012
5.818	155.498
5.819	158.918
5.82	163.25
5.821	168.462
5.822	174.504
5.823	181.316
5.824	188.824
5.825	196.939
5.826	205.559
5.827	214.572
5.828	223.85
5.829	233.262
5.83	242.664
5.831	251.906
5.832	260.838
5.833	269.307
5.834	277.163
5.835	284.26
5.836	290.458
5.837	295.629
5.838	299.657
5.839	302.444
5.84	303.905
5.841	303.979
5.842	302.623
5.843	299.818
5.844	295.567
5.845	289.897
5.846	282.856
5.847	274.514
5.848	264.961
5.849	254.307
5.85	242.674
5.851	230.202
5.852	217.036
5.853	203.331
5.854	189.246
5.855	174.937
5.856	160.561
5.857	146.267
5.858	132.198
5.859	118.483
5.86	105.243
5.861	92.5798
5.862	80.5868
5.863	69.338
5.864	58.8936
5.865	49.2994
5.866	40.5873
5.867	32.7758
5.868	25.8742
5.869	19.8781
5.87	14.7775
5.871	10.5536
5.872	7.18252
5.873	4.63544
5.874	2.88022
5.875	1.88207
5.876	1.60403
5.877	2.00731
5.878	3.0523
5.879	4.69706
5.88	6.89878
5.881	9.61223
5.882	12.7905
5.883	16.3838
5.884	20.3398
5.885	24.6034
5.886	29.1166
5.887	33.8184
5.888	38.6458
5.889	43.5345
5.89	48.4178
5.891	53.232
5.892	57.9101
5.893	62.3921
5.894	66.6201
5.895	70.5405
5.896	74.1072
5.897	77.2811
5.898	80.0344
5.899	82.3452
5.9	84.2046
5.901	85.6129
5.902	86.582
5.903	87.1313
5.904	87.2929
5.905	87.104
5.906	86.6117
5.907	85.8668
5.908	84.9249
5.909	83.8447
5.91	82.6836
5.911	81.4986
5.912	80.3458
5.913	79.2735
5.914	78.3271
5.915	77.5455
5.916	76.9581
5.917	76.588
5.918	76.4508
5.919	76.5534
5.92	76.8944
5.921	77.4671
5.922	78.2572
5.923	79.2452
5.924	80.4093
5.925	81.7222
5.926	83.1555
5.927	84.6818
5.928	86.2722
5.929	87.8999
5.93	89.5398
5.931	91.171
5.932	92.7757
5.933	94.3405
5.934	95.8543
5.935	97.3143
5.936	98.7192
5.937	100.073
5.938	101.385
5.939	102.667
5.94	103.937
5.941	105.215
5.942	106.526
5.943	107.895
5.944	109.357
5.945	110.942
5.946	112.687
5.947	114.632
5.948	116.816
5.949	119.282
5.95	122.072
5.951	125.227
5.952	128.79
5.953	132.798
5.954	137.284
5.955	142.278
5.956	147.801
5.957	153.866
5.958	160.473
5.959	167.611
5.96	175.257
5.961	183.372
5.962	191.903
5.963	200.781
5.964	209.92
5.965	219.226
5.966	228.588
5.967	237.885
5.968	246.992
5.969	255.773
5.97	264.099
5.971	271.836
5.972	278.858
5.973	285.049
5.974	290.306
5.975	294.538
5.976	297.674
5.977	299.663
5.978	300.473
5.979	300.094
5.98	298.538
5.981	295.839
5.982	292.048
5.983	287.237
5.984	281.492
5.985	274.916
5.986	267.621
5.987	259.728
5.988	251.366
5.989	242.668
5.99	233.768
5.991	224.801
5.992	215.898
5.993	207.188
5.994	198.792
5.995	190.826
5.996	183.397
5.997	176.601
5.998	170.528
5.999	165.249
6	160.83
6.001	157.316
6.002	154.741
6.003	153.124
6.004	152.463
6.005	152.744
6.006	153.932
6.007	155.975
6.008	158.804
6.009	162.332
6.01	166.459
6.011	171.066
6.012	176.026
6.013	181.201
6.014	186.444
6.015	191.608
6.016	196.543
6.017	201.103
6.018	205.149
6.019	208.552
6.02	211.198
6.021	212.988
6.022	213.845
6.023	213.712
6.024	212.553
6.025	210.358
6.026	207.142
6.027	202.938
6.028	197.806
6.029	191.822
6.03	185.083
6.031	177.698
6.032	169.792
6.033	161.495
6.034	152.943
6.035	144.274
6.036	135.627
6.037	127.136
6.038	118.929
6.039	111.123
6.04	103.826
6.041	97.1329
6.042	91.1239
6.043	85.8652
6.044	81.4075
6.045	77.7852
6.046	75.0153
6.047	73.1041
6.048	72.0381
6.049	71.7923
6.05	72.3265
6.051	73.5901
6.052	75.5206
6.053	78.0455
6.054	81.0861
6.055	84.5558
6.056	88.3644
6.057	92.4181
6.058	96.6244
6.059	100.893
6.06	105.131
6.061	109.258
6.062	113.196
6.063	116.877
6.064	120.242
6.065	123.244
6.066	125.847
6.067	128.026
6.068	129.769
6.069	131.075
6.07	131.955
6.071	132.431
6.072	132.531
6.073	132.294
6.074	131.759
6.075	130.974
6.076	129.987
6.077	128.845
6.078	127.594
6.079	126.277
6.08	124.931
6.081	123.587
6.082	122.269
6.083	120.995
6.084	119.772
6.085	118.602
6.086	117.478
6.087	116.39
6.088	115.318
6.089	114.24
6.09	113.131
6.091	111.964
6.092	110.711
6.093	109.346
6.094	107.844
6.095	106.185
6.096	104.353
6.097	102.338
6.098	100.133
6.099	97.741
6.1	95.1671
6.101	92.4293
6.102	89.5437
6.103	86.5392
6.104	83.4455
6.105	80.2996
6.106	77.1401
6.107	74.0095
6.108	70.9528
6.109	68.0141
6.11	65.2386
6.111	62.6695
6.112	60.3495
6.113	58.3162
6.114	56.6003
6.115	55.2322
6.116	54.2323
6.117	53.6144
6.118	53.384
6.119	53.5391
6.12	54.068
6.121	54.9483
6.122	56.1503
6.123	57.6338
6.124	59.3517
6.125	61.2468
6.126	63.2567
6.127	65.3125
6.128	67.3433
6.129	69.2738
6.13	71.0275
6.131	72.5353
6.132	73.7259
6.133	74.5373
6.134	74.9173
6.135	74.8201
6.136	74.2151
6.137	73.0824
6.138	71.4195
6.139	69.2384
6.14	66.5641
6.141	63.4391
6.142	59.9205
6.143	56.0765
6.144	51.9899
6.145	47.7522
6.146	43.4632
6.147	39.228
6.148	35.1534
6.149	31.3496
6.15	27.9242
6.151	24.9767
6.152	22.6044
6.153	20.8941
6.154	19.9213
6.155	19.7494
6.156	20.4298
6.157	22.0011
6.158	24.4826
6.159	27.8832
6.16	32.1947
6.161	37.3956
6.162	43.4471
6.163	50.3013
6.164	57.8936
6.165	66.148
6.166	74.9791
6.167	84.2898
6.168	93.9749
6.169	103.922
6.17	114.009
6.171	124.118
6.172	134.118
6.173	143.881
6.174	153.281
6.175	162.192
6.176	170.492
6.177	178.066
6.178	184.807
6.179	190.619
6.18	195.416
6.181	199.125
6.182	201.69
6.183	203.07
6.184	203.239
6.185	202.192
6.186	199.941
6.187	196.51
6.188	191.949
6.189	186.317
6.19	179.688
6.191	172.151
6.192	163.806
6.193	154.761
6.194	145.13
6.195	135.032
6.196	124.588
6.197	113.917
6.198	103.139
6.199	92.3658
6.2	81.7063
6.201	71.2596
6.202	61.1191
6.203	51.3649
6.204	42.0718
6.205	33.3041
6.206	25.1129
6.207	17.5443
6.208	10.6333
6.209	4.40794
6.21	-1.11247
6.211	-5.91372
6.212	-9.98811
6.213	-13.3322
6.214	-15.9468
6.215	-17.836
6.216	-19.0066
6.217	-19.4672
6.218	-19.2286
6.219	-18.3026
6.22	-16.7022
6.221	-14.4418
6.222	-11.5363
6.223	-8.00265
6.224	-3.85845
6.225	0.876687
6.226	6.18091
6.227	12.0301
6.228	18.3975
6.229	25.2527
6.23	32.5611
6.231	40.2843
6.232	48.3806
6.233	56.801
6.234	65.4924
6.235	74.397
6.236	83.4512
6.237	92.5872
6.238	101.733
6.239	110.812
6.24	119.745
6.241	128.451
6.242	136.849
6.243	144.859
6.244	152.402
6.245	159.404
6.246	165.797
6.247	171.522
6.248	176.527
6.249	180.77
6.25	184.221
6.251	186.866
6.252	188.7
6.253	189.736
6.254	189.996
6.255	189.518
6.256	188.352
6.257	186.559
6.258	184.207
6.259	181.374
6.26	178.141
6.261	174.592
6.262	170.81
6.263	166.878
6.264	162.872
6.265	158.86
6.266	154.902
6.267	151.049
6.268	147.338
6.269	143.795
6.27	140.433
6.271	137.253
6.272	134.244
6.273	131.385
6.274	128.647
6.275	125.995
6.276	123.384
6.277	120.775
6.278	118.122
6.279	115.385
6.28	112.524
6.281	109.511
6.282	106.321
6.283	102.941
6.284	99.3657
6.285	95.6014
6.286	91.6669
6.287	87.5877
6.288	83.4025
6.289	79.1562
6.29	74.9036
6.291	70.7042
6.292	66.6199
6.293	62.7182
6.294	59.0643
6.295	55.7224
6.296	52.7523
6.297	50.2098
6.298	48.1407
6.299	46.5835
6.3	45.5653
6.301	45.1037
6.302	45.2019
6.303	45.8523
6.304	47.0332
6.305	48.7121
6.306	50.8447
6.307	53.3744
6.308	56.2372
6.309	59.3619
6.31	62.6697
6.311	66.0807
6.312	69.5125
6.313	72.8838
6.314	76.1177
6.315	79.1412
6.316	81.8924
6.317	84.3166
6.318	86.371
6.319	88.0247
6.32	89.2629
6.321	90.0798
6.322	90.4861
6.323	90.5045
6.324	90.1695
6.325	89.5244
6.326	88.622
6.327	87.523
6.328	86.2897
6.329	84.9881
6.33	83.6848
6.331	82.4428
6.332	81.3229
6.333	80.3787
6.334	79.6583
6.335	79.2013
6.336	79.0378
6.337	79.1916
6.338	79.675
6.339	80.4931
6.34	81.6432
6.341	83.1162
6.342	84.8932
6.343	86.9553
6.344	89.277
6.345	91.83
6.346	94.5839
6.347	97.5104
6.348	100.578
6.349	103.756
6.35	107.02
6.351	110.341
6.352	113.698
6.353	117.069
6.354	120.434
6.355	123.778
6.356	127.085
6.357	130.345
6.358	133.54
6.359	136.663
6.36	139.7
6.361	142.638
6.362	145.464
6.363	148.162
6.364	150.715
6.365	153.103
6.366	155.3
6.367	157.286
6.368	159.03
6.369	160.5
6.37	161.669
6.371	162.502
6.372	162.968
6.373	163.034
6.374	162.673
6.375	161.857
6.376	160.565
6.377	158.781
6.378	156.496
6.379	153.707
6.38	150.423
6.381	146.654
6.382	142.428
6.383	137.774
6.384	132.733
6.385	127.355
6.386	121.692
6.387	115.807
6.388	109.761
6.389	103.625
6.39	97.4663
6.391	91.3512
6.392	85.3462
6.393	79.5148
6.394	73.9131
6.395	68.5933
6.396	63.6006
6.397	58.9701
6.398	54.7317
6.399	50.9078
6.4	47.5079
6.401	44.5397
6.402	41.9986
6.403	39.877
6.404	38.1591
6.405	36.8268
6.406	35.8555
6.407	35.22
6.408	34.8913
6.409	34.8401
6.41	35.0383
6.411	35.456
6.412	36.065
6.413	36.8383
6.414	37.7516
6.415	38.7809
6.416	39.9046
6.417	41.1028
6.418	42.357
6.419	43.6491
6.42	44.9634
6.421	46.2847
6.422	47.5964
6.423	48.8845
6.424	50.1334
6.425	51.3278
6.426	52.4518
6.427	53.4898
6.428	54.4252
6.429	55.2426
6.43	55.9272
6.431	56.463
6.432	56.836
6.433	57.0348
6.434	57.048
6.435	56.8683
6.436	56.4888
6.437	55.9079
6.438	55.1259
6.439	54.1471
6.44	52.9791
6.441	51.633
6.442	50.1233
6.443	48.4675
6.444	46.6857
6.445	44.8004
6.446	42.8361
6.447	40.8181
6.448	38.7725
6.449	36.7253
6.45	34.7019
6.451	32.7265
6.452	30.8218
6.453	29.0082
6.454	27.3037
6.455	25.7238
6.456	24.2812
6.457	22.9855
6.458	21.844
6.459	20.8609
6.46	20.0383
6.461	19.3764
6.462	18.8735
6.463	18.5266
6.464	18.3319
6.465	18.2854
6.466	18.3827
6.467	18.6203
6.468	18.9949
6.469	19.5048
6.47	20.1496
6.471	20.9299
6.472	21.8486
6.473	22.9095
6.474	24.1181
6.475	25.4811
6.476	27.0063
6.477	28.7012
6.478	30.5741
6.479	32.6317
6.48	34.8809
6.481	37.3233
6.482	39.9626
6.483	42.7947
6.484	45.8132
6.485	49.0084
6.486	52.3646
6.487	55.8614
6.488	59.4727
6.489	63.1681
6.49	66.9141
6.491	70.6706
6.492	74.3977
6.493	78.0504
6.494	81.5843
6.495	84.9559
6.496	88.1222
6.497	91.0419
6.498	93.6799
6.499	96.0035
6.5	97.9875
6.501	99.6116
6.502	100.863
6.503	101.736
6.504	102.23
6.505	102.351
6.506	102.114
6.507	101.534
6.508	100.635
6.509	99.4409
6.51	97.9804
6.511	96.2808
6.512	94.3726
6.513	92.2837
6.514	90.0443
6.515	87.6799
6.516	85.2174
6.517	82.68
6.518	80.0913
6.519	77.4742
6.52	74.8495
6.521	72.2379
6.522	69.6611
6.523	67.1408
6.524	64.7021
6.525	62.369
6.526	60.1685
6.527	58.1285
6.528	56.2796
6.529	54.6534
6.53	53.2823
6.531	52.2005
6.532	51.4398
6.533	51.0315
6.534	51.006
6.535	51.3897
6.536	52.2055
6.537	53.4687
6.538	55.1929
6.539	57.3805
6.54	60.03
6.541	63.1297
6.542	66.659
6.543	70.5916
6.544	74.8889
6.545	79.5081
6.546	84.398
6.547	89.4988
6.548	94.7487
6.549	100.08
6.55	105.424
6.551	110.711
6.552	115.87
6.553	120.835
6.554	125.543
6.555	129.935
6.556	133.962
6.557	137.579
6.558	140.753
6.559	143.456
6.56	145.67
6.561	147.391
6.562	148.615
6.563	149.352
6.564	149.618
6.565	149.435
6.566	148.829
6.567	147.832
6.568	146.475
6.569	144.796
6.57	142.831
6.571	140.613
6.572	138.179
6.573	135.561
6.574	132.79
6.575	129.893
6.576	126.896
6.577	123.821
6.578	120.691
6.579	117.519
6.58	114.325
6.581	111.12
6.582	107.918
6.583	104.729
6.584	101.563
6.585	98.4324
6.586	95.3429
6.587	92.3065
6.588	89.3313
6.589	86.4275
6.59	83.6046
6.591	80.8717
6.592	78.2396
6.593	75.7194
6.594	73.3222
6.595	71.0603
6.596	68.9456
6.597	66.9925
6.598	65.2147
6.599	63.6289
6.6	62.2517
6.601	61.1024
6.602	60.2007
6.603	59.5696
6.604	59.2318
6.605	59.2124
6.606	59.5368
6.607	60.2316
6.608	61.3227
6.609	62.8358
6.61	64.7929
6.611	67.2163
6.612	70.1208
6.613	73.5197
6.614	77.4181
6.615	81.8155
6.616	86.7036
6.617	92.0657
6.618	97.877
6.619	104.103
6.62	110.699
6.621	117.616
6.622	124.794
6.623	132.165
6.624	139.659
6.625	147.199
6.626	154.705
6.627	162.094
6.628	169.285
6.629	176.198
6.63	182.756
6.631	188.884
6.632	194.518
6.633	199.595
6.634	204.061
6.635	207.871
6.636	210.988
6.637	213.382
6.638	215.034
6.639	215.932
6.64	216.072
6.641	215.459
6.642	214.104
6.643	212.024
6.644	209.244
6.645	205.795
6.646	201.71
6.647	197.03
6.648	191.799
6.649	186.063
6.65	179.871
6.651	173.278
6.652	166.338
6.653	159.107
6.654	151.643
6.655	144.005
6.656	136.252
6.657	128.443
6.658	120.638
6.659	112.894
6.66	105.268
6.661	97.8174
6.662	90.5928
6.663	83.6473
6.664	77.028
6.665	70.7804
6.666	64.9453
6.667	59.5585
6.668	54.6546
6.669	50.2584
6.67	46.3929
6.671	43.0737
6.672	40.3101
6.673	38.1044
6.674	36.4536
6.675	35.3453
6.676	34.7627
6.677	34.6817
6.678	35.0717
6.679	35.8948
6.68	37.1107
6.681	38.6744
6.682	40.5369
6.683	42.6472
6.684	44.9548
6.685	47.4101
6.686	49.9655
6.687	52.5766
6.688	55.2045
6.689	57.8165
6.69	60.3846
6.691	62.8917
6.692	65.3243
6.693	67.6808
6.694	69.9649
6.695	72.1867
6.696	74.363
6.697	76.5167
6.698	78.6726
6.699	80.8579
6.7	83.1031
6.701	85.4336
6.702	87.8761
6.703	90.4523
6.704	93.1797
6.705	96.0692
6.706	99.1282
6.707	102.355
6.708	105.742
6.709	109.277
6.71	112.943
6.711	116.712
6.712	120.561
6.713	124.459
6.714	128.373
6.715	132.273
6.716	136.129
6.717	139.911
6.718	143.594
6.719	147.156
6.72	150.579
6.721	153.851
6.722	156.963
6.723	159.91
6.724	162.691
6.725	165.31
6.726	167.774
6.727	170.087
6.728	172.259
6.729	174.297
6.73	176.208
6.731	177.995
6.732	179.661
6.733	181.205
6.734	182.622
6.735	183.903
6.736	185.039
6.737	186.014
6.738	186.81
6.739	187.409
6.74	187.792
6.741	187.937
6.742	187.824
6.743	187.436
6.744	186.756
6.745	185.77
6.746	184.467
6.747	182.841
6.748	180.887
6.749	178.607
6.75	176.005
6.751	173.087
6.752	169.865
6.753	166.351
6.754	162.56
6.755	158.511
6.756	154.22
6.757	149.708
6.758	144.993
6.759	140.097
6.76	135.04
6.761	129.843
6.762	124.526
6.763	119.112
6.764	113.621
6.765	108.074
6.766	102.493
6.767	96.9
6.768	91.3172
6.769	85.7651
6.77	80.2671
6.771	74.8428
6.772	69.514
6.773	64.3005
6.774	59.2212
6.775	54.2936
6.776	49.534
6.777	44.9574
6.778	40.5752
6.779	36.3988
6.78	32.4366
6.781	28.6947
6.782	25.1779
6.783	21.8892
6.784	18.8299
6.785	16.0003
6.786	13.3996
6.787	11.0267
6.788	8.88014
6.789	6.95887
6.79	5.26237
6.791	3.79121
6.792	2.54708
6.793	1.53326
6.794	0.7549
6.795	0.21867
6.796	-0.0664364
6.797	-0.0899743
6.798	0.160267
6.799	0.697783
6.8	1.53703
6.801	2.69288
6.802	4.18027
6.803	6.01317
6.804	8.20413
6.805	10.7637
6.806	13.6991
6.807	17.014
6.808	20.7073
6.809	24.7733
6.81	29.1999
6.811	33.9696
6.812	39.057
6.813	44.4324
6.814	50.0586
6.815	55.8912
6.816	61.8811
6.817	67.9749
6.818	74.1139
6.819	80.2362
6.82	86.2805
6.821	92.1811
6.822	97.8768
6.823	103.305
6.824	108.41
6.825	113.138
6.826	117.441
6.827	121.278
6.828	124.618
6.829	127.436
6.83	129.715
6.831	131.445
6.832	132.629
6.833	133.276
6.834	133.402
6.835	133.033
6.836	132.2
6.837	130.942
6.838	129.299
6.839	127.322
6.84	125.061
6.841	122.571
6.842	119.904
6.843	117.122
6.844	114.275
6.845	111.42
6.846	108.611
6.847	105.893
6.848	103.315
6.849	100.913
6.85	98.7211
6.851	96.7665
6.852	95.0691
6.853	93.6383
6.854	92.4791
6.855	91.5858
6.856	90.9439
6.857	90.5318
6.858	90.3221
6.859	90.278
6.86	90.3583
6.861	90.5182
6.862	90.7085
6.863	90.8797
6.864	90.9817
6.865	90.9664
6.866	90.7905
6.867	90.4137
6.868	89.8024
6.869	88.9308
6.87	87.782
6.871	86.3496
6.872	84.6329
6.873	82.6446
6.874	80.4049
6.875	77.9426
6.876	75.2932
6.877	72.5016
6.878	69.6147
6.879	66.6841
6.88	63.7625
6.881	60.903
6.882	58.1563
6.883	55.57
6.884	53.1842
6.885	51.0363
6.886	49.1532
6.887	47.5539
6.888	46.2483
6.889	45.2372
6.89	44.5111
6.891	44.0545
6.892	43.8396
6.893	43.8351
6.894	44.0004
6.895	44.2935
6.896	44.6656
6.897	45.0692
6.898	45.4536
6.899	45.7714
6.9	45.9781
6.901	46.0301
6.902	45.8932
6.903	45.5364
6.904	44.9366
6.905	44.0785
6.906	42.9536
6.907	41.5623
6.908	39.9128
6.909	38.0208
6.91	35.9083
6.911	33.6027
6.912	31.1402
6.913	28.557
6.914	25.8956
6.915	23.2007
6.916	20.5157
6.917	17.8862
6.918	15.3554
6.919	12.9662
6.92	10.7559
6.921	8.7598
6.922	7.00803
6.923	5.52587
6.924	4.33347
6.925	3.44537
6.926	2.87058
6.927	2.61311
6.928	2.67151
6.929	3.04017
6.93	3.70903
6.931	4.66477
6.932	5.89131
6.933	7.37026
6.934	9.08194
6.935	11.0058
6.936	13.1212
6.937	15.4078
6.938	17.8465
6.939	20.4188
6.94	23.1081
6.941	25.9
6.942	28.78
6.943	31.7386
6.944	34.7649
6.945	37.8513
6.946	40.9916
6.947	44.1804
6.948	47.4138
6.949	50.6893
6.95	54.0039
6.951	57.3562
6.952	60.7463
6.953	64.1734
6.954	67.6366
6.955	71.1375
6.956	74.6787
6.957	78.2592
6.958	81.883
6.959	85.5523
6.96	89.2692
6.961	93.0361
6.962	96.8568
6.963	100.732
6.964	104.664
6.965	108.652
6.966	112.695
6.967	116.788
6.968	120.925
6.969	125.095
6.97	129.288
6.971	133.484
6.972	137.665
6.973	141.803
6.974	145.872
6.975	149.838
6.976	153.666
6.977	157.319
6.978	160.756
6.979	163.937
6.98	166.82
6.981	169.368
6.982	171.545
6.983	173.318
6.984	174.661
6.985	175.554
6.986	175.984
6.987	175.946
6.988	175.443
6.989	174.49
6.99	173.109
6.991	171.329
6.992	169.19
6.993	166.738
6.994	164.025
6.995	161.106
6.996	158.042
6.997	154.894
6.998	151.72
6.999	148.58
7	145.527
7.001	142.61
7.002	139.872
7.003	137.346
7.004	135.059
7.005	133.027
7.006	131.259
7.007	129.754
7.008	128.503
7.009	127.49
7.01	126.689
7.011	126.074
7.012	125.613
7.013	125.269
7.014	125.006
7.015	124.787
7.016	124.58
7.017	124.352
7.018	124.076
7.019	123.729
7.02	123.294
7.021	122.762
7.022	122.124
7.023	121.383
7.024	120.544
7.025	119.62
7.026	118.624
7.027	117.578
7.028	116.501
7.029	115.418
7.03	114.35
7.031	113.323
7.032	112.355
7.033	111.469
7.034	110.68
7.035	110
7.036	109.439
7.037	109.001
7.038	108.687
7.039	108.494
7.04	108.412
7.041	108.431
7.042	108.536
7.043	108.709
7.044	108.928
7.045	109.176
7.046	109.424
7.047	109.651
7.048	109.834
7.049	109.946
7.05	109.968
7.051	109.877
7.052	109.655
7.053	109.283
7.054	108.75
7.055	108.045
7.056	107.159
7.057	106.09
7.058	104.839
7.059	103.41
7.06	101.814
7.061	100.062
7.062	98.1729
7.063	96.1667
7.064	94.068
7.065	91.9034
7.066	89.7016
7.067	87.4922
7.068	85.3072
7.069	83.1771
7.07	81.131
7.071	79.1965
7.072	77.3983
7.073	75.7598
7.074	74.2988
7.075	73.0282
7.076	71.9594
7.077	71.0961
7.078	70.4393
7.079	69.9857
7.08	69.7276
7.081	69.6539
7.082	69.7497
7.083	69.9978
7.084	70.3792
7.085	70.8732
7.086	71.4581
7.087	72.1117
7.088	72.8123
7.089	73.5382
7.09	74.2674
7.091	74.9823
7.092	75.6627
7.093	76.2931
7.094	76.8589
7.095	77.3482
7.096	77.7517
7.097	78.063
7.098	78.2783
7.099	78.3985
7.1	78.4272
7.101	78.3722
7.102	78.2458
7.103	78.0648
7.104	77.8488
7.105	77.6238
7.106	77.4169
7.107	77.261
7.108	77.1886
7.109	77.2356
7.11	77.4381
7.111	77.8307
7.112	78.4475
7.113	79.317
7.114	80.463
7.115	81.9052
7.116	83.6528
7.117	85.7061
7.118	88.0591
7.119	90.6901
7.12	93.5709
7.121	96.6621
7.122	99.9132
7.123	103.264
7.124	106.648
7.125	109.993
7.126	113.22
7.127	116.251
7.128	119.005
7.129	121.407
7.13	123.384
7.131	124.874
7.132	125.819
7.133	126.177
7.134	125.915
7.135	125.014
7.136	123.471
7.137	121.295
7.138	118.506
7.139	115.14
7.14	111.243
7.141	106.871
7.142	102.087
7.143	96.9626
7.144	91.5721
7.145	85.9905
7.146	80.2956
7.147	74.563
7.148	68.8633
7.149	63.2648
7.15	57.8294
7.151	52.6109
7.152	47.6575
7.153	43.0085
7.154	38.6954
7.155	34.7429
7.156	31.1656
7.157	27.9732
7.158	25.1671
7.159	22.7418
7.16	20.6861
7.161	18.9854
7.162	17.6181
7.163	16.5585
7.164	15.7784
7.165	15.2482
7.166	14.9341
7.167	14.7984
7.168	14.8072
7.169	14.9229
7.17	15.106
7.171	15.3221
7.172	15.5342
7.173	15.7061
7.174	15.8033
7.175	15.7961
7.176	15.6531
7.177	15.3495
7.178	14.8602
7.179	14.1653
7.18	13.2475
7.181	12.0956
7.182	10.6985
7.183	9.05214
7.184	7.15521
7.185	5.0106
7.186	2.62572
7.187	0.0114878
7.188	-2.81724
7.189	-5.84174
7.19	-9.0396
7.191	-12.385
7.192	-15.8493
7.193	-19.4002
7.194	-23.0033
7.195	-26.6214
7.196	-30.2152
7.197	-33.7442
7.198	-37.1657
7.199	-40.4367
7.2	-43.5139
7.201	-46.355
7.202	-48.9174
7.203	-51.1598
7.204	-53.0454
7.205	-54.5379
7.206	-55.6059
7.207	-56.2222
7.208	-56.363
7.209	-56.0125
7.21	-55.159
7.211	-53.7964
7.212	-51.9263
7.213	-49.557
7.214	-46.7017
7.215	-43.3816
7.216	-39.6231
7.217	-35.4579
7.218	-30.9254
7.219	-26.0668
7.22	-20.9295
7.221	-15.5631
7.222	-10.0233
7.223	-4.36295
7.224	1.35845
7.225	7.08387
7.226	12.7531
7.227	18.3098
7.228	23.6962
7.229	28.8568
7.23	33.7388
7.231	38.2944
7.232	42.4765
7.233	46.2461
7.234	49.566
7.235	52.4085
7.236	54.7497
7.237	56.5746
7.238	57.8762
7.239	58.6526
7.24	58.9125
7.241	58.6724
7.242	57.9565
7.243	56.7964
7.244	55.2302
7.245	53.3041
7.246	51.0684
7.247	48.5778
7.248	45.8904
7.249	43.0666
7.25	40.1669
7.251	37.2506
7.252	34.3748
7.253	31.5937
7.254	28.9555
7.255	26.5031
7.256	24.2738
7.257	22.2951
7.258	20.5905
7.259	19.1718
7.26	18.0463
7.261	17.2108
7.262	16.6581
7.263	16.3737
7.264	16.3376
7.265	16.5255
7.266	16.9095
7.267	17.4614
7.268	18.1499
7.269	18.9436
7.27	19.8136
7.271	20.731
7.272	21.6701
7.273	22.6076
7.274	23.5251
7.275	24.4055
7.276	25.2362
7.277	26.0098
7.278	26.7232
7.279	27.3747
7.28	27.9651
7.281	28.5026
7.282	28.995
7.283	29.4513
7.284	29.8851
7.285	30.3101
7.286	30.7415
7.287	31.193
7.288	31.6798
7.289	32.2148
7.29	32.8117
7.291	33.4825
7.292	34.2343
7.293	35.0745
7.294	36.0063
7.295	37.0307
7.296	38.1436
7.297	39.338
7.298	40.6051
7.299	41.93
7.3	43.2963
7.301	44.6833
7.302	46.0695
7.303	47.4307
7.304	48.7418
7.305	49.978
7.306	51.1126
7.307	52.1221
7.308	52.9857
7.309	53.6826
7.31	54.1982
7.311	54.5195
7.312	54.6398
7.313	54.5553
7.314	54.2677
7.315	53.7834
7.316	53.1136
7.317	52.2726
7.318	51.2788
7.319	50.1544
7.32	48.9231
7.321	47.61
7.322	46.2429
7.323	44.8471
7.324	43.4504
7.325	42.0768
7.326	40.7502
7.327	39.4924
7.328	38.3225
7.329	37.256
7.33	36.3068
7.331	35.4839
7.332	34.7959
7.333	34.2465
7.334	33.8372
7.335	33.5684
7.336	33.4366
7.337	33.4379
7.338	33.565
7.339	33.8107
7.34	34.1656
7.341	34.6211
7.342	35.1663
7.343	35.7897
7.344	36.4822
7.345	37.2301
7.346	38.0246
7.347	38.852
7.348	39.7036
7.349	40.5672
7.35	41.4324
7.351	42.2919
7.352	43.1354
7.353	43.9573
7.354	44.7486
7.355	45.5069
7.356	46.2283
7.357	46.9103
7.358	47.5546
7.359	48.1612
7.36	48.7355
7.361	49.2818
7.362	49.8072
7.363	50.3173
7.364	50.8234
7.365	51.3327
7.366	51.8533
7.367	52.3948
7.368	52.9627
7.369	53.566
7.37	54.2079
7.371	54.8907
7.372	55.617
7.373	56.385
7.374	57.1915
7.375	58.031
7.376	58.8978
7.377	59.7839
7.378	60.6788
7.379	61.5737
7.38	62.4575
7.381	63.3202
7.382	64.1524
7.383	64.9425
7.384	65.6834
7.385	66.3658
7.386	66.9839
7.387	67.5313
7.388	68.0022
7.389	68.3931
7.39	68.7004
7.391	68.92
7.392	69.0513
7.393	69.09
7.394	69.036
7.395	68.8871
7.396	68.6418
7.397	68.2988
7.398	67.8601
7.399	67.3249
7.4	66.6954
7.401	65.9763
7.402	65.173
7.403	64.2928
7.404	63.3457
7.405	62.3446
7.406	61.3034
7.407	60.2397
7.408	59.1738
7.409	58.1249
7.41	57.1177
7.411	56.1734
7.412	55.3168
7.413	54.5709
7.414	53.9583
7.415	53.4986
7.416	53.2096
7.417	53.1056
7.418	53.1979
7.419	53.4938
7.42	53.9954
7.421	54.7009
7.422	55.6052
7.423	56.6975
7.424	57.9628
7.425	59.3852
7.426	60.9446
7.427	62.6179
7.428	64.3831
7.429	66.2158
7.43	68.0927
7.431	69.992
7.432	71.8922
7.433	73.7756
7.434	75.6268
7.435	77.4329
7.436	79.1846
7.437	80.8751
7.438	82.5024
7.439	84.0643
7.44	85.5628
7.441	87.0017
7.442	88.3862
7.443	89.7196
7.444	91.0083
7.445	92.2554
7.446	93.4655
7.447	94.6399
7.448	95.7781
7.449	96.8775
7.45	97.9346
7.451	98.9417
7.452	99.8912
7.453	100.773
7.454	101.577
7.455	102.291
7.456	102.902
7.457	103.402
7.458	103.778
7.459	104.023
7.46	104.13
7.461	104.095
7.462	103.915
7.463	103.59
7.464	103.124
7.465	102.523
7.466	101.792
7.467	100.943
7.468	99.9855
7.469	98.9316
7.47	97.794
7.471	96.5858
7.472	95.3205
7.473	94.0119
7.474	92.6711
7.475	91.3127
7.476	89.9478
7.477	88.5869
7.478	87.2437
7.479	85.9287
7.48	84.6546
7.481	83.4335
7.482	82.2815
7.483	81.2106
7.484	80.2402
7.485	79.3871
7.486	78.6729
7.487	78.1178
7.488	77.7474
7.489	77.5844
7.49	77.6558
7.491	77.9868
7.492	78.6038
7.493	79.5325
7.494	80.7953
7.495	82.4124
7.496	84.4022
7.497	86.7765
7.498	89.5447
7.499	92.7073
