0.5	0
0.501	0
0.502	0
0.503	0
0.504	0
0.505	0
0.506	0
0.507	0
0.508	0
0.509	0
0.51	0
0.511	0
0.512	0
0.513	0
0.514	0
0.515	0
0.516	0
0.517	0
0.518	0
0.519	0
0.52	0
0.521	0
0.522	0
0.523	0
0.524	0
0.525	0
0.526	0
0.527	0
0.528	0
0.529	0
0.53	0
0.531	0
0.532	0
0.533	0
0.534	0
0.535	0
0.536	0
0.537	0
0.538	0
0.539	0
0.54	0
0.541	0
0.542	0
0.543	0
0.544	0
0.545	0
0.546	1.72498e-319
0.547	2.95429e-316
0.548	4.8995e-313
0.549	7.82498e-310
0.55	1.2035e-306
0.551	1.78256e-303
0.552	2.54259e-300
0.553	3.49252e-297
0.554	4.61994e-294
0.555	5.88526e-291
0.556	7.21986e-288
0.557	8.52953e-285
0.558	9.70408e-282
0.559	1.0632e-278
0.56	1.12179e-275
0.561	1.13983e-272
0.562	1.11533e-269
0.563	1.05099e-266
0.564	9.53728e-264
0.565	8.33462e-261
0.566	7.01422e-258
0.567	5.68469e-255
0.568	4.43677e-252
0.569	3.33473e-249
0.57	2.41372e-246
0.571	1.68247e-243
0.572	1.12938e-240
0.573	7.30071e-238
0.574	4.5449e-235
0.575	2.72468e-232
0.576	1.57304e-229
0.577	8.74579e-227
0.578	4.68264e-224
0.579	2.41443e-221
0.58	1.19887e-218
0.581	5.73275e-216
0.582	2.6399e-213
0.583	1.1707e-210
0.584	4.99958e-208
0.585	2.05616e-205
0.586	8.14354e-203
0.587	3.10601e-200
0.588	1.14084e-197
0.589	4.03534e-195
0.59	1.37458e-192
0.591	4.50911e-190
0.592	1.42444e-187
0.593	4.33345e-185
0.594	1.26956e-182
0.595	3.58186e-180
0.596	9.73187e-178
0.597	2.54634e-175
0.598	6.41608e-173
0.599	1.55689e-170
0.6	3.63811e-168
0.601	8.18708e-166
0.602	1.77425e-163
0.603	3.70283e-161
0.604	7.44194e-159
0.605	1.44036e-156
0.606	2.68466e-154
0.607	4.81882e-152
0.608	8.32963e-150
0.609	1.38657e-147
0.61	2.22277e-145
0.611	3.43145e-143
0.612	5.10147e-141
0.613	7.30374e-139
0.614	1.007e-136
0.615	1.33704e-134
0.616	1.7096e-132
0.617	2.10512e-130
0.618	2.49627e-128
0.619	2.85063e-126
0.62	3.13489e-124
0.621	3.32e-122
0.622	3.38599e-120
0.623	3.32558e-118
0.624	3.14544e-116
0.625	2.86503e-114
0.626	2.5131e-112
0.627	2.12287e-110
0.628	1.72691e-108
0.629	1.35285e-106
0.63	1.02062e-104
0.631	7.41495e-103
0.632	5.18785e-101
0.633	3.49542e-99
0.634	2.26801e-97
0.635	1.41717e-95
0.636	8.52776e-94
0.637	4.94174e-92
0.638	2.75776e-90
0.639	1.48207e-88
0.64	7.6703e-87
0.641	3.82287e-85
0.642	1.83485e-83
0.643	8.48092e-82
0.644	3.77502e-80
0.645	1.61819e-78
0.646	6.67992e-77
0.647	2.6555e-75
0.648	1.01661e-73
0.649	3.74798e-72
0.65	1.33068e-70
0.651	4.54968e-69
0.652	1.49804e-67
0.653	4.75003e-66
0.654	1.45045e-64
0.655	4.26525e-63
0.656	1.20787e-61
0.657	3.29401e-60
0.658	8.65098e-59
0.659	2.18795e-57
0.66	5.32898e-56
0.661	1.24992e-54
0.662	2.82329e-53
0.663	6.14132e-52
0.664	1.28647e-50
0.665	2.5952e-49
0.666	5.04169e-48
0.667	9.43223e-47
0.668	1.69936e-45
0.669	2.94842e-44
0.67	4.92636e-43
0.671	7.92678e-42
0.672	1.22829e-40
0.673	1.83289e-39
0.674	2.63394e-38
0.675	3.6451e-37
0.676	4.85786e-36
0.677	6.23468e-35
0.678	7.70577e-34
0.679	9.17173e-33
0.68	1.05128e-31
0.681	1.16044e-30
0.682	1.23355e-29
0.683	1.26277e-28
0.684	1.24487e-27
0.685	1.18184e-26
0.686	1.0805e-25
0.687	9.51315e-25
0.688	8.06599e-24
0.689	6.58603e-23
0.69	5.17873e-22
0.691	3.92153e-21
0.692	2.8597e-20
0.693	2.00826e-19
0.694	1.35816e-18
0.695	8.84538e-18
0.696	5.54772e-17
0.697	3.35078e-16
0.698	1.94899e-15
0.699	1.09171e-14
0.7	5.88895e-14
0.701	3.05915e-13
0.702	1.53037e-12
0.703	7.37271e-12
0.704	3.42051e-11
0.705	1.52822e-10
0.706	6.5753e-10
0.707	2.72444e-09
0.708	1.08711e-08
0.709	4.17735e-08
0.71	1.54583e-07
0.711	5.5088e-07
0.712	1.89054e-06
0.713	6.24807e-06
0.714	1.98856e-05
0.715	6.0949e-05
0.716	0.000179898
0.717	0.000511352
0.718	0.00139974
0.719	0.00368983
0.72	0.00936695
0.721	0.0228994
0.722	0.0539117
0.723	0.122229
0.724	0.26687
0.725	0.561123
0.726	1.13618
0.727	2.21551
0.728	4.16036
0.729	7.52352
0.73	13.1022
0.731	21.9736
0.732	35.4888
0.733	55.1969
0.734	82.6743
0.735	119.25
0.736	165.646
0.737	221.583
0.738	285.447
0.739	354.118
0.74	423.06
0.741	486.732
0.742	539.276
0.743	575.394
0.744	591.224
0.745	585.022
0.746	557.475
0.747	511.578
0.748	452.097
0.749	384.755
0.75	315.334
0.751	248.879
0.752	189.165
0.753	138.461
0.754	97.5988
0.755	66.2515
0.756	43.3092
0.757	27.2645
0.758	16.5291
0.759	9.6501
0.76	5.42561
0.761	2.93764
0.762	1.53173
0.763	0.769127
0.764	0.371918
0.765	0.173193
0.766	0.0776686
0.767	0.0335424
0.768	0.01395
0.769	0.00558715
0.77	0.00215496
0.771	0.000800423
0.772	0.000286308
0.773	9.86236e-05
0.774	3.27161e-05
0.775	1.04514e-05
0.776	3.2153e-06
0.777	9.52578e-07
0.778	2.71778e-07
0.779	7.46723e-08
0.78	1.97578e-08
0.781	5.03443e-09
0.782	1.23537e-09
0.783	2.91927e-10
0.784	6.64332e-11
0.785	1.45589e-11
0.786	3.07261e-12
0.787	6.2448e-13
0.788	1.22226e-13
0.789	2.30377e-14
0.79	4.18167e-15
0.791	7.30958e-16
0.792	1.23046e-16
0.793	1.9947e-17
0.794	3.11401e-18
0.795	4.68162e-19
0.796	6.77805e-20
0.797	9.45032e-21
0.798	1.26888e-21
0.799	1.6407e-22
0.8	2.04301e-23
0.801	2.44988e-24
0.802	2.82913e-25
0.803	3.14625e-26
0.804	3.36951e-27
0.805	3.47515e-28
0.806	3.45154e-29
0.807	3.30131e-30
0.808	3.04083e-31
0.809	2.69731e-32
0.81	2.30411e-33
0.811	1.89543e-34
0.812	1.50157e-35
0.813	1.14556e-36
0.814	8.41634e-38
0.815	5.95471e-39
0.816	4.05725e-40
0.817	2.66217e-41
0.818	1.68218e-42
0.819	1.02363e-43
0.82	5.99855e-45
0.821	3.38519e-46
0.822	1.83972e-47
0.823	9.62841e-49
0.824	4.85278e-50
0.825	2.35537e-51
0.826	1.10093e-52
0.827	4.9556e-54
0.828	2.14815e-55
0.829	8.96738e-57
0.83	3.60495e-58
0.831	1.39562e-59
0.832	5.20317e-61
0.833	1.86811e-62
0.834	6.45905e-64
0.835	2.15064e-65
0.836	6.89606e-67
0.837	2.12945e-68
0.838	6.33237e-70
0.839	1.81342e-71
0.84	5.00109e-73
0.841	1.3282e-74
0.842	3.39699e-76
0.843	8.3668e-78
0.844	1.98453e-79
0.845	4.53302e-81
0.846	9.97131e-83
0.847	2.11227e-84
0.848	4.30903e-86
0.849	8.46531e-88
0.85	1.60155e-89
0.851	2.91789e-91
0.852	5.11955e-93
0.853	8.65023e-95
0.854	1.40753e-96
0.855	2.22245e-98
0.856	3.94215e-99
0.857	7.5588e-98
0.858	1.55133e-96
0.859	3.12077e-95
0.86	6.15316e-94
0.861	1.18909e-92
0.862	2.25221e-91
0.863	4.18102e-90
0.864	7.60739e-89
0.865	1.35665e-87
0.866	2.37126e-86
0.867	4.06228e-85
0.868	6.82086e-84
0.869	1.1225e-82
0.87	1.81057e-81
0.871	2.86235e-80
0.872	4.43515e-79
0.873	6.73555e-78
0.874	1.00258e-76
0.875	1.46265e-75
0.876	2.09143e-74
0.877	2.93105e-73
0.878	4.0261e-72
0.879	5.4203e-71
0.88	7.15224e-70
0.881	9.24996e-69
0.882	1.17251e-67
0.883	1.45671e-66
0.884	1.77381e-65
0.885	2.117e-64
0.886	2.47637e-63
0.887	2.83914e-62
0.888	3.19035e-61
0.889	3.51374e-60
0.89	3.79296e-59
0.891	4.01298e-58
0.892	4.16136e-57
0.893	4.22943e-56
0.894	4.21316e-55
0.895	4.11352e-54
0.896	3.93638e-53
0.897	3.69199e-52
0.898	3.39393e-51
0.899	3.05791e-50
0.9	2.70038e-49
0.901	2.33725e-48
0.902	1.98273e-47
0.903	1.64855e-46
0.904	1.34344e-45
0.905	1.07304e-44
0.906	8.40019e-44
0.907	6.4453e-43
0.908	4.84704e-42
0.909	3.57264e-41
0.91	2.58096e-40
0.911	1.82747e-39
0.912	1.26824e-38
0.913	8.6264e-38
0.914	5.75092e-37
0.915	3.75772e-36
0.916	2.40653e-35
0.917	1.51055e-34
0.918	9.29309e-34
0.919	5.60355e-33
0.92	3.31166e-32
0.921	1.91826e-31
0.922	1.08905e-30
0.923	6.05994e-30
0.924	3.30497e-29
0.925	1.76663e-28
0.926	9.25554e-28
0.927	4.75267e-27
0.928	2.39196e-26
0.929	1.17991e-25
0.93	5.70455e-25
0.931	2.70317e-24
0.932	1.25547e-23
0.933	5.715e-23
0.934	2.5498e-22
0.935	1.115e-21
0.936	4.77884e-21
0.937	2.00747e-20
0.938	8.26525e-20
0.939	3.33535e-19
0.94	1.31918e-18
0.941	5.11386e-18
0.942	1.943e-17
0.943	7.23558e-17
0.944	2.64091e-16
0.945	9.44744e-16
0.946	3.31248e-15
0.947	1.13834e-14
0.948	3.83414e-14
0.949	1.26574e-13
0.95	4.09543e-13
0.951	1.29878e-12
0.952	4.0369e-12
0.953	1.22982e-11
0.954	3.67208e-11
0.955	1.07464e-10
0.956	3.08243e-10
0.957	8.66567e-10
0.958	2.38776e-09
0.959	6.44848e-09
0.96	1.70688e-08
0.961	4.42822e-08
0.962	1.12599e-07
0.963	2.80619e-07
0.964	6.85457e-07
0.965	1.64105e-06
0.966	3.85073e-06
0.967	8.8561e-06
0.968	1.99628e-05
0.969	4.41042e-05
0.97	9.5503e-05
0.971	0.000202691
0.972	0.000421628
0.973	0.000859614
0.974	0.00171774
0.975	0.00336426
0.976	0.00645806
0.977	0.0121505
0.978	0.0224059
0.979	0.040496
0.98	0.0717365
0.981	0.124551
0.982	0.21195
0.983	0.353509
0.984	0.577889
0.985	0.92591
0.986	1.45403
0.987	2.23797
0.988	3.37611
0.989	4.99181
0.99	7.23402
0.991	10.275
0.992	14.3042
0.993	19.5177
0.994	26.1022
0.995	34.2146
0.996	43.9577
0.997	55.3547
0.998	68.3247
0.999	82.6645
1	98.0393
1.001	113.987
1.002	129.937
1.003	145.249
1.004	159.267
1.005	171.379
1.006	181.094
1.007	188.116
1.008	192.403
1.009	194.221
1.01	194.176
1.011	193.217
1.012	192.615
1.013	193.919
1.014	198.871
1.015	209.317
1.016	227.078
1.017	253.812
1.018	290.866
1.019	339.117
1.02	398.829
1.021	469.529
1.022	549.919
1.023	637.846
1.024	730.343
1.025	823.745
1.026	913.885
1.027	996.365
1.028	1066.87
1.029	1121.52
1.03	1157.16
1.031	1171.67
1.032	1164.12
1.033	1134.88
1.034	1085.51
1.035	1018.71
1.036	937.958
1.037	847.292
1.038	750.924
1.039	652.936
1.04	557
1.041	466.175
1.042	382.783
1.043	308.365
1.044	243.718
1.045	188.981
1.046	143.766
1.047	107.301
1.048	78.5712
1.049	56.4463
1.05	39.7859
1.051	27.5149
1.052	18.6732
1.053	12.4413
1.054	8.14757
1.055	5.26199
1.056	3.38221
1.057	2.216
1.058	1.56379
1.059	1.3037
1.06	1.38053
1.061	1.79959
1.062	2.62571
1.063	3.98717
1.064	6.08416
1.065	9.20068
1.066	13.7187
1.067	20.1321
1.068	29.0587
1.069	41.2453
1.07	57.564
1.071	78.9941
1.072	106.586
1.073	141.406
1.074	184.458
1.075	236.584
1.076	298.356
1.077	369.951
1.078	451.04
1.079	540.687
1.08	637.29
1.081	738.565
1.082	841.591
1.083	942.918
1.084	1038.74
1.085	1125.13
1.086	1198.27
1.087	1254.79
1.088	1291.95
1.089	1307.92
1.09	1301.9
1.091	1274.19
1.092	1226.18
1.093	1160.19
1.094	1079.37
1.095	987.342
1.096	888.029
1.097	785.321
1.098	682.853
1.099	583.806
1.1	490.761
1.101	405.631
1.102	329.651
1.103	263.413
1.104	206.957
1.105	159.876
1.106	121.436
1.107	90.6929
1.108	66.5977
1.109	48.0845
1.11	34.1359
1.111	23.8275
1.112	16.3533
1.113	11.0355
1.114	7.32221
1.115	4.77695
1.116	3.06422
1.117	1.93264
1.118	1.19851
1.119	0.730788
1.12	0.43813
1.121	0.258271
1.122	0.149695
1.123	0.08531
1.124	0.0478028
1.125	0.0263371
1.126	0.0142673
1.127	0.00759936
1.128	0.0039799
1.129	0.00204941
1.13	0.00103764
1.131	0.000516561
1.132	0.000252848
1.133	0.000121692
1.134	5.75884e-05
1.135	2.67999e-05
1.136	1.22719e-05
1.137	5.54575e-06
1.138	2.51004e-06
1.139	1.21787e-06
1.14	7.95654e-07
1.141	9.24504e-07
1.142	1.63087e-06
1.143	3.26916e-06
1.144	6.67117e-06
1.145	1.35112e-05
1.146	2.70198e-05
1.147	5.33006e-05
1.148	0.000103695
1.149	0.00019895
1.15	0.000376434
1.151	0.000702406
1.152	0.00129254
1.153	0.00234561
1.154	0.00419782
1.155	0.0074088
1.156	0.0128952
1.157	0.0221342
1.158	0.0374676
1.159	0.0625468
1.16	0.10297
1.161	0.167174
1.162	0.267662
1.163	0.422629
1.164	0.658094
1.165	1.01058
1.166	1.53043
1.167	2.28565
1.168	3.36638
1.169	4.88959
1.17	7.00386
1.171	9.8937
1.172	13.7828
1.173	18.9352
1.174	25.6542
1.175	34.2771
1.176	45.1654
1.177	58.69
1.178	75.2104
1.179	95.049
1.18	118.461
1.181	145.598
1.182	176.479
1.183	210.954
1.184	248.678
1.185	289.098
1.186	331.442
1.187	374.736
1.188	417.83
1.189	459.442
1.19	498.216
1.191	532.795
1.192	561.9
1.193	584.405
1.194	599.411
1.195	606.306
1.196	604.805
1.197	594.969
1.198	577.205
1.199	552.232
1.2	521.037
1.201	484.811
1.202	444.869
1.203	402.576
1.204	359.269
1.205	316.189
1.206	274.43
1.207	234.894
1.208	198.275
1.209	165.051
1.21	135.496
1.211	109.696
1.212	87.5815
1.213	68.9587
1.214	53.5453
1.215	41.0025
1.216	30.9638
1.217	23.0598
1.218	16.9361
1.219	12.2666
1.22	8.76182
1.221	6.17191
1.222	4.28746
1.223	2.93723
1.224	1.98441
1.225	1.32215
1.226	0.868732
1.227	0.562921
1.228	0.35972
1.229	0.226693
1.23	0.140886
1.231	0.0863484
1.232	0.0521911
1.233	0.0311096
1.234	0.0182872
1.235	0.0106013
1.236	0.00606073
1.237	0.00341702
1.238	0.00189988
1.239	0.00104174
1.24	0.000563314
1.241	0.000300398
1.242	0.000157979
1.243	8.19329e-05
1.244	4.19057e-05
1.245	2.1137e-05
1.246	1.05141e-05
1.247	5.15771e-06
1.248	2.4952e-06
1.249	1.19055e-06
1.25	5.60444e-07
1.251	2.60713e-07
1.252	1.20795e-07
1.253	5.7806e-08
1.254	3.28897e-08
1.255	2.9825e-08
1.256	4.55828e-08
1.257	8.80137e-08
1.258	1.79218e-07
1.259	3.6578e-07
1.26	7.39977e-07
1.261	1.48039e-06
1.262	2.92747e-06
1.263	5.72166e-06
1.264	1.10524e-05
1.265	2.11008e-05
1.266	3.98147e-05
1.267	7.42493e-05
1.268	0.00013685
1.269	0.000249289
1.27	0.000448813
1.271	0.000798604
1.272	0.00140444
1.273	0.00244105
1.274	0.0041933
1.275	0.00711933
1.276	0.0119461
1.277	0.0198115
1.278	0.0324724
1.279	0.0526034
1.28	0.0842206
1.281	0.133268
1.282	0.20842
1.283	0.322149
1.284	0.492128
1.285	0.743026
1.286	1.10875
1.287	1.63519
1.288	2.38345
1.289	3.43359
1.29	4.88873
1.291	6.87934
1.292	9.56758
1.293	13.1511
1.294	17.8659
1.295	23.988
1.296	31.8321
1.297	41.7486
1.298	54.1157
1.299	69.3279
1.3	87.7804
1.301	109.848
1.302	135.859
1.303	166.07
1.304	200.63
1.305	239.556
1.306	282.698
1.307	329.717
1.308	380.071
1.309	433.004
1.31	487.555
1.311	542.575
1.312	596.76
1.313	648.7
1.314	696.936
1.315	740.024
1.316	776.61
1.317	805.498
1.318	825.715
1.319	836.565
1.32	837.672
1.321	828.996
1.322	810.84
1.323	783.83
1.324	748.882
1.325	707.145
1.326	659.946
1.327	608.712
1.328	554.907
1.329	499.957
1.33	445.194
1.331	391.805
1.332	340.796
1.333	292.971
1.334	248.919
1.335	209.024
1.336	173.475
1.337	142.293
1.338	115.355
1.339	92.425
1.34	73.1894
1.341	57.2812
1.342	44.3077
1.343	33.8728
1.344	25.5933
1.345	19.1121
1.346	14.1056
1.347	10.2892
1.348	7.41777
1.349	5.28531
1.35	3.72197
1.351	2.59047
1.352	1.78192
1.353	1.21144
1.354	0.813993
1.355	0.54056
1.356	0.354791
1.357	0.230148
1.358	0.147556
1.359	0.0935042
1.36	0.0585703
1.361	0.0362761
1.362	0.0222345
1.363	0.013519
1.364	0.00821038
1.365	0.00507565
1.366	0.00334755
1.367	0.0025776
1.368	0.00254394
1.369	0.00320029
1.37	0.00465777
1.371	0.00719504
1.372	0.0112961
1.373	0.017718
1.374	0.0275933
1.375	0.0425754
1.376	0.0650368
1.377	0.0983324
1.378	0.147141
1.379	0.217901
1.38	0.319353
1.381	0.463197
1.382	0.664887
1.383	0.944534
1.384	1.32794
1.385	1.84769
1.386	2.54436
1.387	3.46759
1.388	4.67714
1.389	6.24372
1.39	8.24941
1.391	10.7876
1.392	13.9624
1.393	17.8871
1.394	22.6816
1.395	28.4694
1.396	35.3729
1.397	43.5083
1.398	52.9794
1.399	63.8712
1.4	76.2431
1.401	90.1228
1.402	105.501
1.403	122.327
1.404	140.509
1.405	159.91
1.406	180.359
1.407	201.649
1.408	223.552
1.409	245.831
1.41	268.249
1.411	290.591
1.412	312.67
1.413	334.348
1.414	355.542
1.415	376.232
1.416	396.463
1.417	416.344
1.418	436.038
1.419	455.748
1.42	475.7
1.421	496.122
1.422	517.219
1.423	539.149
1.424	562.004
1.425	585.784
1.426	610.388
1.427	635.603
1.428	661.102
1.429	686.447
1.43	711.106
1.431	734.468
1.432	755.87
1.433	774.622
1.434	790.045
1.435	801.497
1.436	808.41
1.437	810.314
1.438	806.864
1.439	797.858
1.44	783.25
1.441	763.151
1.442	737.831
1.443	707.704
1.444	673.314
1.445	635.31
1.446	594.425
1.447	551.44
1.448	507.157
1.449	462.373
1.45	417.845
1.451	374.277
1.452	332.29
1.453	292.417
1.454	255.09
1.455	220.638
1.456	189.291
1.457	161.182
1.458	136.365
1.459	114.82
1.46	96.4701
1.461	81.1985
1.462	68.8591
1.463	59.2916
1.464	52.3316
1.465	47.8196
1.466	45.6068
1.467	45.5584
1.468	47.5535
1.469	51.4837
1.47	57.2485
1.471	64.7496
1.472	73.8841
1.473	84.5368
1.474	96.5735
1.475	109.834
1.476	124.127
1.477	139.228
1.478	154.878
1.479	170.783
1.48	186.622
1.481	202.053
1.482	216.72
1.483	230.27
1.484	242.358
1.485	252.666
1.486	260.916
1.487	266.879
1.488	270.386
1.489	271.336
1.49	269.702
1.491	265.53
1.492	258.938
1.493	250.11
1.494	239.286
1.495	226.754
1.496	212.836
1.497	197.873
1.498	182.214
1.499	166.199
1.5	150.15
1.501	134.362
1.502	119.091
1.503	104.552
1.504	90.9161
1.505	78.3071
1.506	66.8057
1.507	56.4521
1.508	47.25
1.509	39.1723
1.51	32.1674
1.511	26.1649
1.512	21.0811
1.513	16.8251
1.514	13.3027
1.515	10.4203
1.516	8.08852
1.517	6.2236
1.518	4.74944
1.519	3.59826
1.52	2.7109
1.521	2.03668
1.522	1.53298
1.523	1.16454
1.524	0.90271
1.525	0.724547
1.526	0.611986
1.527	0.551005
1.528	0.53087
1.529	0.543447
1.53	0.582608
1.531	0.643713
1.532	0.723187
1.533	0.81816
1.534	0.92619
1.535	1.04504
1.536	1.17252
1.537	1.30636
1.538	1.44418
1.539	1.58341
1.54	1.72135
1.541	1.85518
1.542	1.98203
1.543	2.09906
1.544	2.20359
1.545	2.29316
1.546	2.36568
1.547	2.41955
1.548	2.45377
1.549	2.46808
1.55	2.4631
1.551	2.44049
1.552	2.40321
1.553	2.35578
1.554	2.30473
1.555	2.25921
1.556	2.23189
1.557	2.24019
1.558	2.30802
1.559	2.46819
1.56	2.76566
1.561	3.26189
1.562	4.0405
1.563	5.21465
1.564	6.93636
1.565	9.40823
1.566	12.8978
1.567	17.7552
1.568	24.4335
1.569	33.5134
1.57	45.7302
1.571	62.0053
1.572	83.4788
1.573	111.545
1.574	147.886
1.575	194.509
1.576	253.768
1.577	328.395
1.578	421.5
1.579	536.578
1.58	677.478
1.581	848.362
1.582	1053.63
1.583	1297.82
1.584	1585.48
1.585	1921
1.586	2308.39
1.587	2751.13
1.588	3251.84
1.589	3812.12
1.59	4432.22
1.591	5110.86
1.592	5845
1.593	6629.68
1.594	7457.94
1.595	8320.76
1.596	9207.14
1.597	10104.3
1.598	10997.7
1.599	11871.8
1.6	12710.1
1.601	13495.8
1.602	14212.4
1.603	14844.1
1.604	15376.6
1.605	15797.2
1.606	16096.1
1.607	16265.9
1.608	16302.5
1.609	16204.9
1.61	15975.6
1.611	15620.2
1.612	15147.2
1.613	14567.9
1.614	13895.7
1.615	13145.6
1.616	12333.8
1.617	11477.1
1.618	10592.2
1.619	9695.22
1.62	8801.29
1.621	7924.16
1.622	7075.84
1.623	6266.43
1.624	5504.03
1.625	4794.67
1.626	4142.42
1.627	3549.5
1.628	3016.47
1.629	2542.43
1.63	2125.28
1.631	1761.98
1.632	1448.79
1.633	1181.48
1.634	955.591
1.635	766.559
1.636	609.912
1.637	481.372
1.638	376.963
1.639	293.081
1.64	226.553
1.641	174.686
1.642	135.31
1.643	106.816
1.644	88.2108
1.645	79.1549
1.646	80.0081
1.647	91.8506
1.648	116.473
1.649	156.313
1.65	214.329
1.651	293.785
1.652	397.963
1.653	529.786
1.654	691.392
1.655	883.668
1.656	1105.78
1.657	1354.76
1.658	1625.17
1.659	1908.94
1.66	2195.39
1.661	2471.64
1.662	2723.25
1.663	2935.26
1.664	3093.54
1.665	3186.27
1.666	3205.37
1.667	3147.66
1.668	3015.53
1.669	2816.84
1.67	2564.24
1.671	2273.77
1.672	1963.07
1.673	1649.53
1.674	1348.57
1.675	1072.36
1.676	829.195
1.677	623.333
1.678	455.459
1.679	323.426
1.68	223.17
1.681	149.618
1.682	97.4479
1.683	61.6552
1.684	37.8918
1.685	22.6189
1.686	13.1139
1.687	7.38421
1.688	4.03809
1.689	2.14454
1.69	1.10604
1.691	0.553957
1.692	0.269428
1.693	0.127252
1.694	0.0583632
1.695	0.0259932
1.696	0.0112415
1.697	0.00472095
1.698	0.00192519
1.699	0.00076235
1.7	0.000293137
1.701	0.000109451
1.702	3.9683e-05
1.703	1.39707e-05
1.704	4.77601e-06
1.705	1.58541e-06
1.706	5.11034e-07
1.707	1.59951e-07
1.708	4.86131e-08
1.709	1.43466e-08
1.71	4.11125e-09
1.711	1.144e-09
1.712	3.09107e-10
1.713	8.10999e-11
1.714	2.06614e-11
1.715	5.11126e-12
1.716	1.22782e-12
1.717	2.86517e-13
1.718	6.54218e-14
1.719	1.65813e-14
1.72	1.24356e-14
1.721	3.77462e-14
1.722	1.43144e-13
1.723	5.3723e-13
1.724	1.96701e-12
1.725	7.02069e-12
1.726	2.44267e-11
1.727	8.28438e-11
1.728	2.73883e-10
1.729	8.82636e-10
1.73	2.77273e-09
1.731	8.49072e-09
1.732	2.53449e-08
1.733	7.37477e-08
1.734	2.09178e-07
1.735	5.78354e-07
1.736	1.55877e-06
1.737	4.09524e-06
1.738	1.04879e-05
1.739	2.61823e-05
1.74	6.37142e-05
1.741	0.000151139
1.742	0.000349482
1.743	0.000787744
1.744	0.00173083
1.745	0.00370711
1.746	0.00773975
1.747	0.0157517
1.748	0.0312492
1.749	0.0604311
1.75	0.113918
1.751	0.209332
1.752	0.374962
1.753	0.654712
1.754	1.11435
1.755	1.84887
1.756	2.9902
1.757	4.71416
1.758	7.24467
1.759	10.8528
1.76	15.8481
1.761	22.5591
1.762	31.3024
1.763	42.3393
1.764	55.8238
1.765	71.7473
1.766	89.8881
1.767	109.776
1.768	130.685
1.769	151.654
1.77	171.55
1.771	189.164
1.772	203.328
1.773	213.042
1.774	217.593
1.775	216.637
1.776	210.248
1.777	198.903
1.778	183.426
1.779	164.889
1.78	144.488
1.781	123.419
1.782	102.765
1.783	83.4095
1.784	65.9929
1.785	50.8966
1.786	38.2641
1.787	28.0417
1.788	20.0321
1.789	13.9495
1.79	9.46897
1.791	6.26551
1.792	4.04129
1.793	2.54094
1.794	1.55732
1.795	0.930408
1.796	0.541849
1.797	0.307605
1.798	0.170223
1.799	0.0918239
1.8	0.0482841
1.801	0.0247497
1.802	0.0123675
1.803	0.00602662
1.804	0.00286798
1.805	0.001342
1.806	0.0006369
1.807	0.000345966
1.808	0.000282988
1.809	0.000387159
1.81	0.000682092
1.811	0.00126958
1.812	0.00234925
1.813	0.00426172
1.814	0.00755675
1.815	0.0130891
1.816	0.0221437
1.817	0.0365888
1.818	0.0590472
1.819	0.0930687
1.82	0.143272
1.821	0.215413
1.822	0.316326
1.823	0.453682
1.824	0.635508
1.825	0.869447
1.826	1.16177
1.827	1.51617
1.828	1.93254
1.829	2.40581
1.83	2.92516
1.831	3.47368
1.832	4.02886
1.833	4.56382
1.834	5.04926
1.835	5.45607
1.836	5.75818
1.837	5.93531
1.838	5.97522
1.839	5.87514
1.84	5.64203
1.841	5.29182
1.842	4.84761
1.843	4.33715
1.844	3.78994
1.845	3.23456
1.846	2.69618
1.847	2.19501
1.848	1.74533
1.849	1.35541
1.85	1.02806
1.851	0.761585
1.852	0.551025
1.853	0.389383
1.854	0.268742
1.855	0.181154
1.856	0.119267
1.857	0.076693
1.858	0.0481729
1.859	0.0295684
1.86	0.0177621
1.861	0.0105047
1.862	0.00625661
1.863	0.00405298
1.864	0.00342323
1.865	0.00439219
1.866	0.00760538
1.867	0.0146435
1.868	0.0286308
1.869	0.0552994
1.87	0.104748
1.871	0.194225
1.872	0.352369
1.873	0.625421
1.874	1.08597
1.875	1.84471
1.876	3.06553
1.877	4.98367
1.878	7.92607
1.879	12.332
1.88	18.7704
1.881	27.9498
1.882	40.7146
1.883	58.0213
1.884	80.8891
1.885	110.321
1.886	147.195
1.887	192.129
1.888	245.334
1.889	306.471
1.89	374.529
1.891	447.763
1.892	523.693
1.893	599.198
1.894	670.702
1.895	734.438
1.896	786.766
1.897	824.522
1.898	845.326
1.899	847.836
1.9	831.889
1.901	798.518
1.902	749.841
1.903	688.842
1.904	619.065
1.905	544.274
1.906	468.129
1.907	393.893
1.908	324.233
1.909	261.097
1.91	205.689
1.911	158.521
1.912	119.517
1.913	88.1527
1.914	63.6075
1.915	44.9001
1.916	31.0064
1.917	20.9469
1.918	13.8438
1.919	8.9507
1.92	5.6614
1.921	3.50313
1.922	2.12058
1.923	1.25579
1.924	0.727524
1.925	0.412328
1.926	0.228614
1.927	0.124002
1.928	0.0657993
1.929	0.034157
1.93	0.0173461
1.931	0.00861771
1.932	0.00418838
1.933	0.00199144
1.934	0.000926302
1.935	0.000421507
1.936	0.000187638
1.937	8.17156e-05
1.938	3.4814e-05
1.939	1.451e-05
1.94	5.91627e-06
1.941	2.3599e-06
1.942	9.20884e-07
1.943	3.51546e-07
1.944	1.31288e-07
1.945	4.79659e-08
1.946	1.71438e-08
1.947	5.99444e-09
1.948	2.05054e-09
1.949	6.86395e-10
1.95	2.25349e-10
1.951	7.40853e-11
1.952	2.87866e-11
1.953	2.47401e-11
1.954	5.19813e-11
1.955	1.376e-10
1.956	3.68917e-10
1.957	9.73408e-10
1.958	2.51968e-09
1.959	6.39641e-09
1.96	1.5924e-08
1.961	3.88768e-08
1.962	9.30794e-08
1.963	2.18546e-07
1.964	5.0322e-07
1.965	1.13633e-06
1.966	2.5164e-06
1.967	5.46498e-06
1.968	1.16395e-05
1.969	2.4312e-05
1.97	4.98027e-05
1.971	0.000100054
1.972	0.000197138
1.973	0.000380955
1.974	0.000722019
1.975	0.00134217
1.976	0.00244718
1.977	0.00437662
1.978	0.00767794
1.979	0.0132132
1.98	0.0223078
1.981	0.0369509
1.982	0.0600556
1.983	0.0957834
1.984	0.149932
1.985	0.230375
1.986	0.347535
1.987	0.514848
1.988	0.749198
1.989	1.07124
1.99	1.50562
1.991	2.08097
1.992	2.82981
1.993	3.78819
1.994	4.9954
1.995	6.49346
1.996	8.32691
1.997	10.5425
1.998	13.1892
1.999	16.3182
2	19.9822
2.001	24.235
2.002	29.1291
2.003	34.7127
2.004	41.024
2.005	48.0845
2.006	55.8902
2.007	64.4026
2.008	73.5387
2.009	83.1643
2.01	93.0892
2.011	103.067
2.012	112.803
2.013	121.963
2.014	130.194
2.015	137.142
2.016	142.485
2.017	145.948
2.018	147.332
2.019	146.53
2.02	143.537
2.021	138.453
2.022	131.477
2.023	122.892
2.024	113.046
2.025	102.33
2.026	91.1468
2.027	79.8917
2.028	68.9298
2.029	58.581
2.03	49.1118
2.031	40.7341
2.032	33.6105
2.033	27.8655
2.034	23.6017
2.035	20.9168
2.036	19.9217
2.037	20.7565
2.038	23.6021
2.039	28.686
2.04	36.2814
2.041	46.697
2.042	60.2597
2.043	77.2884
2.044	98.0616
2.045	122.78
2.046	151.529
2.047	184.238
2.048	220.652
2.049	260.307
2.05	302.518
2.051	346.383
2.052	390.801
2.053	434.51
2.054	476.134
2.055	514.25
2.056	547.46
2.057	574.468
2.058	594.16
2.059	605.678
2.06	608.473
2.061	602.356
2.062	587.513
2.063	564.501
2.064	534.218
2.065	497.852
2.066	456.798
2.067	412.578
2.068	366.743
2.069	320.781
2.07	276.037
2.071	233.652
2.072	194.516
2.073	159.255
2.074	128.231
2.075	101.567
2.076	79.1863
2.077	60.859
2.078	46.2541
2.079	34.9897
2.08	26.6777
2.081	20.9616
2.082	17.544
2.083	16.2047
2.084	16.8091
2.085	19.3062
2.086	23.7198
2.087	30.1302
2.088	38.6502
2.089	49.3955
2.09	62.4512
2.091	77.8378
2.092	95.4775
2.093	115.167
2.094	136.56
2.095	159.157
2.096	182.32
2.097	205.29
2.098	227.236
2.099	247.301
2.1	264.669
2.101	278.63
2.102	288.638
2.103	294.359
2.104	295.708
2.105	292.855
2.106	286.215
2.107	276.42
2.108	264.265
2.109	250.656
2.11	236.546
2.111	222.875
2.112	210.514
2.113	200.232
2.114	192.656
2.115	188.258
2.116	187.34
2.117	190.032
2.118	196.288
2.119	205.889
2.12	218.444
2.121	233.396
2.122	250.037
2.123	267.53
2.124	284.938
2.125	301.27
2.126	315.535
2.127	326.804
2.128	334.274
2.129	337.322
2.13	335.561
2.131	328.864
2.132	317.375
2.133	301.499
2.134	281.867
2.135	259.283
2.136	234.664
2.137	208.971
2.138	183.146
2.139	158.054
2.14	134.442
2.141	112.913
2.142	93.9137
2.143	77.7381
2.144	64.543
2.145	54.3685
2.146	47.1634
2.147	42.808
2.148	41.134
2.149	41.939
2.15	44.9948
2.151	50.0508
2.152	56.8341
2.153	65.0484
2.154	74.3737
2.155	84.4699
2.156	94.9853
2.157	105.57
2.158	115.895
2.159	125.676
2.16	134.696
2.161	142.833
2.162	150.073
2.163	156.53
2.164	162.447
2.165	168.19
2.166	174.239
2.167	181.158
2.168	189.573
2.169	200.137
2.17	213.494
2.171	230.246
2.172	250.922
2.173	275.943
2.174	305.596
2.175	340.004
2.176	379.097
2.177	422.589
2.178	469.956
2.179	520.422
2.18	572.954
2.181	626.28
2.182	678.921
2.183	729.249
2.184	775.565
2.185	816.198
2.186	849.616
2.187	874.536
2.188	890.025
2.189	895.577
2.19	891.16
2.191	877.216
2.192	854.629
2.193	824.64
2.194	788.747
2.195	748.57
2.196	705.725
2.197	661.699
2.198	617.754
2.199	574.862
2.2	533.679
2.201	494.554
2.202	457.568
2.203	422.601
2.204	389.408
2.205	357.695
2.206	327.191
2.207	297.696
2.208	269.123
2.209	241.501
2.21	214.975
2.211	189.786
2.212	166.235
2.213	144.656
2.214	125.379
2.215	108.7
2.216	94.8631
2.217	84.0444
2.218	76.3423
2.219	71.7762
2.22	70.2873
2.221	71.741
2.222	75.9307
2.223	82.5812
2.224	91.3529
2.225	101.846
2.226	113.607
2.227	126.138
2.228	138.91
2.229	151.377
2.23	162.997
2.231	173.259
2.232	181.7
2.233	187.932
2.234	191.666
2.235	192.719
2.236	191.032
2.237	186.667
2.238	179.802
2.239	170.717
2.24	159.774
2.241	147.391
2.242	134.02
2.243	120.113
2.244	106.102
2.245	92.3766
2.246	79.2679
2.247	67.0378
2.248	55.8756
2.249	45.899
2.25	37.1597
2.251	29.6531
2.252	23.329
2.253	18.1045
2.254	13.8764
2.255	10.533
2.256	7.96423
2.257	6.07149
2.258	4.77511
2.259	4.02146
2.26	3.78908
2.261	4.09451
2.262	4.99792
2.263	6.60876
2.264	9.09099
2.265	12.6677
2.266	17.6238
2.267	24.3067
2.268	33.1222
2.269	44.5252
2.27	59.0041
2.271	77.0572
2.272	99.1611
2.273	125.732
2.274	157.081
2.275	193.367
2.276	234.552
2.277	280.36
2.278	330.251
2.279	383.413
2.28	438.77
2.281	495.028
2.282	550.73
2.283	604.352
2.284	654.401
2.285	699.54
2.286	738.695
2.287	771.162
2.288	796.687
2.289	815.506
2.29	828.348
2.291	836.388
2.292	841.162
2.293	844.433
2.294	848.037
2.295	853.708
2.296	862.915
2.297	876.705
2.298	895.593
2.299	919.487
2.3	947.676
2.301	978.872
2.302	1011.3
2.303	1042.83
2.304	1071.18
2.305	1094.05
2.306	1109.33
2.307	1115.27
2.308	1110.6
2.309	1094.6
2.31	1067.16
2.311	1028.77
2.312	980.421
2.313	923.556
2.314	859.932
2.315	791.495
2.316	720.249
2.317	648.144
2.318	576.973
2.319	508.307
2.32	443.449
2.321	383.412
2.322	328.925
2.323	280.458
2.324	238.247
2.325	202.338
2.326	172.627
2.327	148.892
2.328	130.83
2.329	118.072
2.33	110.206
2.331	106.782
2.332	107.317
2.333	111.293
2.334	118.158
2.335	127.323
2.336	138.172
2.337	150.06
2.338	162.335
2.339	174.349
2.34	185.484
2.341	195.178
2.342	202.946
2.343	208.414
2.344	211.334
2.345	211.603
2.346	209.275
2.347	204.558
2.348	197.813
2.349	189.535
2.35	180.337
2.351	170.921
2.352	162.053
2.353	154.525
2.354	149.131
2.355	146.631
2.356	147.72
2.357	153.003
2.358	162.956
2.359	177.911
2.36	198.022
2.361	223.244
2.362	253.319
2.363	287.764
2.364	325.867
2.365	366.699
2.366	409.141
2.367	451.913
2.368	493.633
2.369	532.872
2.37	568.234
2.371	598.422
2.372	622.316
2.373	639.039
2.374	648.004
2.375	648.952
2.376	641.96
2.377	627.435
2.378	606.074
2.379	578.821
2.38	546.793
2.381	511.214
2.382	473.331
2.383	434.35
2.384	395.377
2.385	357.365
2.386	321.094
2.387	287.158
2.388	255.974
2.389	227.804
2.39	202.791
2.391	180.999
2.392	162.467
2.393	147.249
2.394	135.469
2.395	127.352
2.396	123.265
2.397	123.736
2.398	129.475
2.399	141.366
2.4	160.464
2.401	187.964
2.402	225.159
2.403	273.377
2.404	333.905
2.405	407.889
2.406	496.234
2.407	599.482
2.408	717.697
2.409	850.357
2.41	996.269
2.411	1153.51
2.412	1319.4
2.413	1490.56
2.414	1662.97
2.415	1832.13
2.416	1993.24
2.417	2141.43
2.418	2272.02
2.419	2380.79
2.42	2464.18
2.421	2519.55
2.422	2545.33
2.423	2541.09
2.424	2507.57
2.425	2446.63
2.426	2361.14
2.427	2254.77
2.428	2131.79
2.429	1996.84
2.43	1854.67
2.431	1709.92
2.432	1566.92
2.433	1429.55
2.434	1301.08
2.435	1184.14
2.436	1080.63
2.437	991.8
2.438	918.195
2.439	859.754
2.44	815.848
2.441	785.36
2.442	766.76
2.443	758.189
2.444	757.548
2.445	762.591
2.446	771.024
2.447	780.598
2.448	789.21
2.449	794.998
2.45	796.419
2.451	792.321
2.452	781.994
2.453	765.196
2.454	742.158
2.455	713.563
2.456	680.506
2.457	644.424
2.458	607.023
2.459	570.186
2.46	535.879
2.461	506.053
2.462	482.555
2.463	467.039
2.464	460.889
2.465	465.155
2.466	480.492
2.467	507.121
2.468	544.8
2.469	592.809
2.47	649.956
2.471	714.598
2.472	784.691
2.473	857.85
2.474	931.445
2.475	1002.7
2.476	1068.83
2.477	1127.15
2.478	1175.22
2.479	1210.98
2.48	1232.84
2.481	1239.77
2.482	1231.33
2.483	1207.73
2.484	1169.76
2.485	1118.76
2.486	1056.52
2.487	985.166
2.488	907.037
2.489	824.558
2.49	740.108
2.491	655.911
2.492	573.943
2.493	495.868
2.494	422.997
2.495	356.271
2.496	296.275
2.497	243.267
2.498	197.217
2.499	157.862
2.5	124.763
2.501	97.3582
2.502	75.0141
2.503	57.0705
2.504	42.8753
2.505	31.812
2.506	23.318
2.507	16.8958
2.508	12.1175
2.509	8.62517
2.51	6.12665
2.511	4.3901
2.512	3.2368
2.513	2.53377
2.514	2.1866
2.515	2.1329
2.516	2.33643
2.517	2.78204
2.518	3.47134
2.519	4.41881
2.52	5.64838
2.521	7.19008
2.522	9.07683
2.523	11.341
2.524	14.011
2.525	17.1076
2.526	20.6405
2.527	24.6048
2.528	28.9782
2.529	33.7185
2.53	38.7627
2.531	44.0265
2.532	49.4058
2.533	54.78
2.534	60.0162
2.535	64.9751
2.536	69.5182
2.537	73.5157
2.538	76.8545
2.539	79.4459
2.54	81.2327
2.541	82.1943
2.542	82.3507
2.543	81.7632
2.544	80.5336
2.545	78.8004
2.546	76.733
2.547	74.5233
2.548	72.3767
2.549	70.5011
2.55	69.0955
2.551	68.34
2.552	68.3843
2.553	69.3396
2.554	71.2708
2.555	74.1917
2.556	78.0622
2.557	82.7887
2.558	88.2267
2.559	94.1872
2.56	100.444
2.561	106.747
2.562	112.83
2.563	118.429
2.564	123.293
2.565	127.2
2.566	129.966
2.567	131.46
2.568	131.607
2.569	130.393
2.57	127.869
2.571	124.148
2.572	119.396
2.573	113.829
2.574	107.699
2.575	101.286
2.576	94.8853
2.577	88.7966
2.578	83.3149
2.579	78.7226
2.58	75.2829
2.581	73.2366
2.582	72.7994
2.583	74.1621
2.584	77.4907
2.585	82.9276
2.586	90.5922
2.587	100.58
2.588	112.963
2.589	127.783
2.59	145.046
2.591	164.72
2.592	186.716
2.593	210.888
2.594	237.017
2.595	264.806
2.596	293.87
2.597	323.744
2.598	353.88
2.599	383.662
2.6	412.422
2.601	439.471
2.602	464.127
2.603	485.753
2.604	503.802
2.605	517.855
2.606	527.669
2.607	533.211
2.608	534.693
2.609	532.599
2.61	527.697
2.611	521.05
2.612	514.003
2.613	508.171
2.614	505.408
2.615	507.764
2.616	517.432
2.617	536.683
2.618	567.79
2.619	612.939
2.62	674.136
2.621	753.095
2.622	851.132
2.623	969.056
2.624	1107.06
2.625	1264.61
2.626	1440.43
2.627	1632.36
2.628	1837.43
2.629	2051.86
2.63	2271.14
2.631	2490.17
2.632	2703.41
2.633	2905.12
2.634	3089.63
2.635	3251.54
2.636	3386.03
2.637	3489.09
2.638	3557.72
2.639	3590.08
2.64	3585.61
2.641	3544.99
2.642	3470.16
2.643	3364.13
2.644	3230.85
2.645	3074.94
2.646	2901.47
2.647	2715.67
2.648	2522.71
2.649	2327.44
2.65	2134.19
2.651	1946.68
2.652	1767.89
2.653	1600.04
2.654	1444.59
2.655	1302.33
2.656	1173.4
2.657	1057.47
2.658	953.803
2.659	861.41
2.66	779.132
2.661	705.746
2.662	640.049
2.663	580.913
2.664	527.328
2.665	478.425
2.666	433.488
2.667	391.947
2.668	353.366
2.669	317.431
2.67	283.922
2.671	252.698
2.672	223.67
2.673	196.785
2.674	172.012
2.675	149.322
2.676	128.685
2.677	110.06
2.678	93.388
2.679	78.5957
2.68	65.5906
2.681	54.2649
2.682	44.498
2.683	36.1592
2.684	29.1124
2.685	23.219
2.686	18.3421
2.687	14.3494
2.688	11.1158
2.689	8.52541
2.69	6.47312
2.691	4.86513
2.692	3.6193
2.693	2.66492
2.694	1.94214
2.695	1.40113
2.696	1.00106
2.697	0.709094
2.698	0.49924
2.699	0.351394
2.7	0.250404
2.701	0.185295
2.702	0.148646
2.703	0.13614
2.704	0.146289
2.705	0.180342
2.706	0.242381
2.707	0.339605
2.708	0.482802
2.709	0.687
2.71	0.972305
2.711	1.36489
2.712	1.89811
2.713	2.61374
2.714	3.56324
2.715	4.80896
2.716	6.42527
2.717	8.4995
2.718	11.1325
2.719	14.4388
2.72	18.5463
2.721	23.5953
2.722	29.7372
2.723	37.132
2.724	45.946
2.725	56.3484
2.726	68.5079
2.727	82.5894
2.728	98.7503
2.729	117.137
2.73	137.884
2.731	161.107
2.732	186.905
2.733	215.355
2.734	246.511
2.735	280.4
2.736	317.018
2.737	356.323
2.738	398.226
2.739	442.586
2.74	489.195
2.741	537.767
2.742	587.927
2.743	639.197
2.744	690.995
2.745	742.627
2.746	793.291
2.747	842.09
2.748	888.049
2.749	930.141
2.75	967.327
2.751	998.592
2.752	1022.99
2.753	1039.71
2.754	1048.08
2.755	1047.64
2.756	1038.19
2.757	1019.73
2.758	992.583
2.759	957.285
2.76	914.624
2.761	865.588
2.762	811.325
2.763	753.093
2.764	692.204
2.765	629.975
2.766	567.67
2.767	506.461
2.768	447.389
2.769	391.339
2.77	339.023
2.771	290.976
2.772	247.562
2.773	208.985
2.774	175.31
2.775	146.488
2.776	122.377
2.777	102.776
2.778	87.4409
2.779	76.1125
2.78	68.5297
2.781	64.4437
2.782	63.6249
2.783	65.8656
2.784	70.9785
2.785	78.7907
2.786	89.1358
2.787	101.843
2.788	116.729
2.789	133.582
2.79	152.158
2.791	172.176
2.792	193.306
2.793	215.183
2.794	237.402
2.795	259.534
2.796	281.137
2.797	301.775
2.798	321.039
2.799	338.563
2.8	354.053
2.801	367.296
2.802	378.184
2.803	386.723
2.804	393.036
2.805	397.364
2.806	400.061
2.807	401.578
2.808	402.444
2.809	403.244
2.81	404.586
2.811	407.078
2.812	411.291
2.813	417.734
2.814	426.827
2.815	438.875
2.816	454.057
2.817	472.408
2.818	493.821
2.819	518.046
2.82	544.701
2.821	573.29
2.822	603.221
2.823	633.841
2.824	664.46
2.825	694.39
2.826	722.976
2.827	749.634
2.828	773.877
2.829	795.345
2.83	813.822
2.831	829.249
2.832	841.726
2.833	851.504
2.834	858.969
2.835	864.619
2.836	869.025
2.837	872.797
2.838	876.541
2.839	880.814
2.84	886.086
2.841	892.707
2.842	900.879
2.843	910.64
2.844	921.86
2.845	934.251
2.846	947.388
2.847	960.737
2.848	973.698
2.849	985.651
2.85	996.01
2.851	1004.26
2.852	1010.03
2.853	1013.1
2.854	1013.44
2.855	1011.26
2.856	1006.96
2.857	1001.15
2.858	994.649
2.859	988.397
2.86	983.443
2.861	980.879
2.862	981.775
2.863	987.115
2.864	997.731
2.865	1014.25
2.866	1037.02
2.867	1066.1
2.868	1101.23
2.869	1141.77
2.87	1186.79
2.871	1235.03
2.872	1284.98
2.873	1334.9
2.874	1382.95
2.875	1427.23
2.876	1465.87
2.877	1497.14
2.878	1519.52
2.879	1531.78
2.88	1533.03
2.881	1522.77
2.882	1500.94
2.883	1467.88
2.884	1424.34
2.885	1371.43
2.886	1310.58
2.887	1243.45
2.888	1171.88
2.889	1097.8
2.89	1023.1
2.891	949.657
2.892	879.15
2.893	813.08
2.894	752.693
2.895	698.954
2.896	652.533
2.897	613.801
2.898	582.843
2.899	559.48
2.9	543.3
2.901	533.696
2.902	529.914
2.903	531.091
2.904	536.303
2.905	544.611
2.906	555.097
2.907	566.895
2.908	579.228
2.909	591.42
2.91	602.915
2.911	613.284
2.912	622.225
2.913	629.554
2.914	635.198
2.915	639.177
2.916	641.585
2.917	642.566
2.918	642.297
2.919	640.961
2.92	638.731
2.921	635.749
2.922	632.115
2.923	627.878
2.924	623.028
2.925	617.502
2.926	611.184
2.927	603.918
2.928	595.522
2.929	585.802
2.93	574.572
2.931	561.673
2.932	546.989
2.933	530.464
2.934	512.116
2.935	492.047
2.936	470.446
2.937	447.592
2.938	423.851
2.939	399.672
2.94	375.571
2.941	352.125
2.942	329.954
2.943	309.71
2.944	292.06
2.945	277.674
2.946	267.214
2.947	261.32
2.948	260.606
2.949	265.648
2.95	276.977
2.951	295.077
2.952	320.374
2.953	353.23
2.954	393.939
2.955	442.707
2.956	499.652
2.957	564.78
2.958	637.976
2.959	718.983
2.96	807.386
2.961	902.597
2.962	1003.84
2.963	1110.13
2.964	1220.29
2.965	1332.93
2.966	1446.46
2.967	1559.13
2.968	1669.02
2.969	1774.12
2.97	1872.36
2.971	1961.66
2.972	2040.02
2.973	2105.59
2.974	2156.69
2.975	2191.96
2.976	2210.35
2.977	2211.19
2.978	2194.27
2.979	2159.78
2.98	2108.37
2.981	2041.11
2.982	1959.45
2.983	1865.19
2.984	1760.37
2.985	1647.23
2.986	1528.12
2.987	1405.41
2.988	1281.42
2.989	1158.34
2.99	1038.17
2.991	922.676
2.992	813.362
2.993	711.443
2.994	617.852
2.995	533.241
2.996	458.007
2.997	392.319
2.998	336.154
2.999	289.333
3	251.558
3.001	222.445
3.002	201.557
3.003	188.425
3.004	182.57
3.005	183.514
3.006	190.787
3.007	203.925
3.008	222.472
3.009	245.97
3.01	273.957
3.011	305.956
3.012	341.469
3.013	379.977
3.014	420.937
3.015	463.785
3.016	507.942
3.017	552.822
3.018	597.842
3.019	642.437
3.02	686.066
3.021	728.23
3.022	768.473
3.023	806.397
3.024	841.655
3.025	873.96
3.026	903.072
3.027	928.798
3.028	950.981
3.029	969.488
3.03	984.206
3.031	995.032
3.032	1001.87
3.033	1004.61
3.034	1003.19
3.035	997.509
3.036	987.523
3.037	973.205
3.038	954.576
3.039	931.717
3.04	904.777
3.041	873.986
3.042	839.658
3.043	802.196
3.044	762.086
3.045	719.889
3.046	676.232
3.047	631.786
3.048	587.252
3.049	543.339
3.05	500.737
3.051	460.104
3.052	422.038
3.053	387.067
3.054	355.627
3.055	328.055
3.056	304.583
3.057	285.331
3.058	270.312
3.059	259.433
3.06	252.504
3.061	249.249
3.062	249.32
3.063	252.312
3.064	257.78
3.065	265.259
3.066	274.281
3.067	284.394
3.068	295.182
3.069	306.278
3.07	317.38
3.071	328.262
3.072	338.778
3.073	348.87
3.074	358.56
3.075	367.95
3.076	377.207
3.077	386.552
3.078	396.239
3.079	406.538
3.08	417.713
3.081	430.001
3.082	443.594
3.083	458.625
3.084	475.15
3.085	493.149
3.086	512.518
3.087	533.081
3.088	554.591
3.089	576.755
3.09	599.247
3.091	621.733
3.092	643.891
3.093	665.44
3.094	686.152
3.095	705.872
3.096	724.529
3.097	742.137
3.098	758.795
3.099	774.672
3.1	789.994
3.101	805.019
3.102	820.012
3.103	835.212
3.104	850.81
3.105	866.916
3.106	883.538
3.107	900.569
3.108	917.776
3.109	934.801
3.11	951.168
3.111	966.304
3.112	979.563
3.113	990.254
3.114	997.684
3.115	1001.19
3.116	1000.17
3.117	994.126
3.118	982.701
3.119	965.678
3.12	943.01
3.121	914.821
3.122	881.403
3.123	843.204
3.124	800.805
3.125	754.901
3.126	706.264
3.127	655.715
3.128	604.093
3.129	552.218
3.13	500.868
3.131	450.753
3.132	402.495
3.133	356.618
3.134	313.535
3.135	273.552
3.136	236.866
3.137	203.573
3.138	173.681
3.139	147.117
3.14	123.746
3.141	103.382
3.142	85.8036
3.143	70.7669
3.144	58.0156
3.145	47.2927
3.146	38.3479
3.147	30.9438
3.148	24.8607
3.149	19.8995
3.15	15.8834
3.151	12.6581
3.152	10.0921
3.153	8.07565
3.154	6.51953
3.155	5.35407
3.156	4.52788
3.157	4.007
3.158	3.7742
3.159	3.82877
3.16	4.18655
3.161	4.88048
3.162	5.96137
3.163	7.49899
3.164	9.58335
3.165	12.326
3.166	15.8612
3.167	20.3471
3.168	25.9659
3.169	32.9244
3.17	41.4528
3.171	51.8035
3.172	64.2485
3.173	79.0761
3.174	96.5871
3.175	117.09
3.176	140.895
3.177	168.311
3.178	199.64
3.179	235.172
3.18	275.188
3.181	319.953
3.182	369.723
3.183	424.748
3.184	485.278
3.185	551.573
3.186	623.912
3.187	702.602
3.188	787.986
3.189	880.451
3.19	980.426
3.191	1088.38
3.192	1204.8
3.193	1330.19
3.194	1465
3.195	1609.62
3.196	1764.32
3.197	1929.19
3.198	2104.07
3.199	2288.5
3.2	2481.67
3.201	2682.35
3.202	2888.89
3.203	3099.16
3.204	3310.6
3.205	3520.25
3.206	3724.75
3.207	3920.5
3.208	4103.74
3.209	4270.65
3.21	4417.53
3.211	4540.9
3.212	4637.71
3.213	4705.42
3.214	4742.12
3.215	4746.65
3.216	4718.64
3.217	4658.56
3.218	4567.67
3.219	4448
3.22	4302.26
3.221	4133.75
3.222	3946.19
3.223	3743.63
3.224	3530.23
3.225	3310.17
3.226	3087.47
3.227	2865.87
3.228	2648.74
3.229	2439.01
3.23	2239.06
3.231	2050.76
3.232	1875.44
3.233	1713.9
3.234	1566.49
3.235	1433.13
3.236	1313.39
3.237	1206.57
3.238	1111.74
3.239	1027.86
3.24	953.813
3.241	888.469
3.242	830.727
3.243	779.563
3.244	734.051
3.245	693.38
3.246	656.869
3.247	623.962
3.248	594.23
3.249	567.357
3.25	543.127
3.251	521.416
3.252	502.168
3.253	485.385
3.254	471.112
3.255	459.422
3.256	450.404
3.257	444.153
3.258	440.763
3.259	440.32
3.26	442.892
3.261	448.529
3.262	457.255
3.263	469.066
3.264	483.923
3.265	501.749
3.266	522.423
3.267	545.775
3.268	571.58
3.269	599.557
3.27	629.358
3.271	660.576
3.272	692.734
3.273	725.3
3.274	757.681
3.275	789.242
3.276	819.314
3.277	847.211
3.278	872.25
3.279	893.772
3.28	911.164
3.281	923.881
3.282	931.47
3.283	933.586
3.284	930.01
3.285	920.659
3.286	905.593
3.287	885.016
3.288	859.268
3.289	828.816
3.29	794.24
3.291	756.207
3.292	715.452
3.293	672.751
3.294	628.896
3.295	584.669
3.296	540.817
3.297	498.035
3.298	456.945
3.299	418.088
3.3	381.909
3.301	348.76
3.302	318.893
3.303	292.471
3.304	269.565
3.305	250.173
3.306	234.219
3.307	221.574
3.308	212.059
3.309	205.461
3.31	201.539
3.311	200.036
3.312	200.683
3.313	203.21
3.314	207.344
3.315	212.821
3.316	219.381
3.317	226.777
3.318	234.772
3.319	243.143
3.32	251.68
3.321	260.19
3.322	268.496
3.323	276.44
3.324	283.888
3.325	290.727
3.326	296.874
3.327	302.273
3.328	306.904
3.329	310.783
3.33	313.965
3.331	316.544
3.332	318.654
3.333	320.47
3.334	322.203
3.335	324.095
3.336	326.411
3.337	329.435
3.338	333.455
3.339	338.752
3.34	345.586
3.341	354.183
3.342	364.724
3.343	377.324
3.344	392.029
3.345	408.8
3.346	427.511
3.347	447.941
3.348	469.782
3.349	492.635
3.35	516.026
3.351	539.418
3.352	562.223
3.353	583.828
3.354	603.613
3.355	620.974
3.356	635.347
3.357	646.23
3.358	653.199
3.359	655.932
3.36	654.213
3.361	647.946
3.362	637.156
3.363	621.987
3.364	602.696
3.365	579.641
3.366	553.266
3.367	524.086
3.368	492.664
3.369	459.59
3.37	425.466
3.371	390.881
3.372	356.395
3.373	322.527
3.374	289.74
3.375	258.432
3.376	228.935
3.377	201.509
3.378	176.345
3.379	153.568
3.38	133.243
3.381	115.381
3.382	99.9517
3.383	86.8858
3.384	76.0884
3.385	67.4458
3.386	60.8333
3.387	56.1218
3.388	53.1836
3.389	51.8969
3.39	52.1491
3.391	53.8389
3.392	56.8776
3.393	61.1895
3.394	66.7111
3.395	73.3901
3.396	81.1838
3.397	90.0564
3.398	99.9765
3.399	110.914
3.4	122.839
3.401	135.713
3.402	149.494
3.403	164.126
3.404	179.539
3.405	195.648
3.406	212.35
3.407	229.522
3.408	247.026
3.409	264.703
3.41	282.38
3.411	299.876
3.412	317
3.413	333.566
3.414	349.392
3.415	364.315
3.416	378.193
3.417	390.917
3.418	402.417
3.419	412.67
3.42	421.702
3.421	429.592
3.422	436.474
3.423	442.533
3.424	447.999
3.425	453.143
3.426	458.263
3.427	463.674
3.428	469.692
3.429	476.622
3.43	484.737
3.431	494.268
3.432	505.387
3.433	518.196
3.434	532.718
3.435	548.886
3.436	566.55
3.437	585.468
3.438	605.32
3.439	625.713
3.44	646.197
3.441	666.28
3.442	685.449
3.443	703.19
3.444	719.01
3.445	732.459
3.446	743.15
3.447	750.778
3.448	755.132
3.449	756.114
3.45	753.737
3.451	748.136
3.452	739.562
3.453	728.378
3.454	715.049
3.455	700.127
3.456	684.235
3.457	668.05
3.458	652.28
3.459	637.645
3.46	624.853
3.461	614.584
3.462	607.467
3.463	604.063
3.464	604.851
3.465	610.212
3.466	620.421
3.467	635.634
3.468	655.886
3.469	681.083
3.47	711.007
3.471	745.309
3.472	783.518
3.473	825.049
3.474	869.208
3.475	915.207
3.476	962.177
3.477	1009.19
3.478	1055.27
3.479	1099.44
3.48	1140.71
3.481	1178.14
3.482	1210.83
3.483	1237.99
3.484	1258.92
3.485	1273.05
3.486	1280
3.487	1279.5
3.488	1271.5
3.489	1256.1
3.49	1233.59
3.491	1204.43
3.492	1169.21
3.493	1128.69
3.494	1083.71
3.495	1035.21
3.496	984.156
3.497	931.57
3.498	878.449
3.499	825.756
3.5	774.392
3.501	725.174
3.502	678.812
3.503	635.899
3.504	596.899
3.505	562.139
3.506	531.815
3.507	505.984
3.508	484.583
3.509	467.428
3.51	454.234
3.511	444.626
3.512	438.156
3.513	434.322
3.514	432.582
3.515	432.375
3.516	433.139
3.517	434.327
3.518	435.422
3.519	435.951
3.52	435.501
3.521	433.727
3.522	430.361
3.523	425.216
3.524	418.192
3.525	409.278
3.526	398.545
3.527	386.149
3.528	372.32
3.529	357.357
3.53	341.621
3.531	325.52
3.532	309.505
3.533	294.057
3.534	279.677
3.535	266.875
3.536	256.163
3.537	248.044
3.538	243.004
3.539	241.504
3.54	243.974
3.541	250.8
3.542	262.321
3.543	278.816
3.544	300.5
3.545	327.51
3.546	359.899
3.547	397.624
3.548	440.541
3.549	488.396
3.55	540.816
3.551	597.313
3.552	657.277
3.553	719.981
3.554	784.592
3.555	850.179
3.556	915.73
3.557	980.172
3.558	1042.4
3.559	1101.29
3.56	1155.76
3.561	1204.76
3.562	1247.32
3.563	1282.62
3.564	1309.93
3.565	1328.72
3.566	1338.62
3.567	1339.46
3.568	1331.25
3.569	1314.21
3.57	1288.75
3.571	1255.42
3.572	1214.96
3.573	1168.19
3.574	1116.06
3.575	1059.56
3.576	999.741
3.577	937.624
3.578	874.222
3.579	810.492
3.58	747.317
3.581	685.49
3.582	625.701
3.583	568.528
3.584	514.437
3.585	463.778
3.586	416.799
3.587	373.646
3.588	334.375
3.589	298.968
3.59	267.34
3.591	239.356
3.592	214.839
3.593	193.586
3.594	175.373
3.595	159.968
3.596	147.135
3.597	136.639
3.598	128.253
3.599	121.759
3.6	116.949
3.601	113.627
3.602	111.606
3.603	110.712
3.604	110.781
3.605	111.66
3.606	113.203
3.607	115.274
3.608	117.746
3.609	120.501
3.61	123.43
3.611	126.436
3.612	129.43
3.613	132.34
3.614	135.102
3.615	137.672
3.616	140.016
3.617	142.118
3.618	143.978
3.619	145.61
3.62	147.044
3.621	148.322
3.622	149.498
3.623	150.636
3.624	151.806
3.625	153.086
3.626	154.556
3.627	156.296
3.628	158.389
3.629	160.915
3.63	163.956
3.631	167.593
3.632	171.909
3.633	176.992
3.634	182.939
3.635	189.856
3.636	197.869
3.637	207.121
3.638	217.779
3.639	230.04
3.64	244.127
3.641	260.295
3.642	278.827
3.643	300.033
3.644	324.241
3.645	351.796
3.646	383.041
3.647	418.312
3.648	457.922
3.649	502.142
3.65	551.187
3.651	605.2
3.652	664.23
3.653	728.221
3.654	796.996
3.655	870.245
3.656	947.518
3.657	1028.22
3.658	1111.63
3.659	1196.86
3.66	1282.92
3.661	1368.72
3.662	1453.08
3.663	1534.74
3.664	1612.45
3.665	1684.93
3.666	1750.98
3.667	1809.44
3.668	1859.27
3.669	1899.58
3.67	1929.64
3.671	1948.9
3.672	1957.02
3.673	1953.89
3.674	1939.6
3.675	1914.46
3.676	1879.01
3.677	1833.93
3.678	1780.12
3.679	1718.58
3.68	1650.44
3.681	1576.91
3.682	1499.23
3.683	1418.67
3.684	1336.47
3.685	1253.83
3.686	1171.87
3.687	1091.64
3.688	1014.06
3.689	939.917
3.69	869.884
3.691	804.492
3.692	744.131
3.693	689.063
3.694	639.42
3.695	595.216
3.696	556.358
3.697	522.66
3.698	493.853
3.699	469.602
3.7	449.52
3.701	433.178
3.702	420.124
3.703	409.889
3.704	402.003
3.705	396.003
3.706	391.443
3.707	387.9
3.708	384.979
3.709	382.325
3.71	379.616
3.711	376.576
3.712	372.971
3.713	368.609
3.714	363.346
3.715	357.076
3.716	349.74
3.717	341.316
3.718	331.818
3.719	321.298
3.72	309.836
3.721	297.543
3.722	284.553
3.723	271.02
3.724	257.118
3.725	243.034
3.726	228.964
3.727	215.111
3.728	201.683
3.729	188.887
3.73	176.929
3.731	166.006
3.732	156.311
3.733	148.024
3.734	141.311
3.735	136.325
3.736	133.198
3.737	132.043
3.738	132.951
3.739	135.986
3.74	141.186
3.741	148.558
3.742	158.078
3.743	169.687
3.744	183.292
3.745	198.763
3.746	215.932
3.747	234.597
3.748	254.52
3.749	275.429
3.75	297.027
3.751	318.988
3.752	340.971
3.753	362.621
3.754	383.581
3.755	403.498
3.756	422.031
3.757	438.864
3.758	453.711
3.759	466.325
3.76	476.51
3.761	484.12
3.762	489.072
3.763	491.345
3.764	490.981
3.765	488.09
3.766	482.842
3.767	475.468
3.768	466.25
3.769	455.519
3.77	443.641
3.771	431.012
3.772	418.043
3.773	405.155
3.774	392.764
3.775	381.271
3.776	371.054
3.777	362.457
3.778	355.786
3.779	351.299
3.78	349.204
3.781	349.655
3.782	352.754
3.783	358.547
3.784	367.032
3.785	378.162
3.786	391.849
3.787	407.971
3.788	426.381
3.789	446.917
3.79	469.404
3.791	493.669
3.792	519.542
3.793	546.864
3.794	575.493
3.795	605.304
3.796	636.191
3.797	668.066
3.798	700.856
3.799	734.498
3.8	768.935
3.801	804.107
3.802	839.943
3.803	876.357
3.804	913.236
3.805	950.44
3.806	987.788
3.807	1025.07
3.808	1062.01
3.809	1098.34
3.81	1133.71
3.811	1167.76
3.812	1200.12
3.813	1230.38
3.814	1258.16
3.815	1283.06
3.816	1304.73
3.817	1322.83
3.818	1337.1
3.819	1347.29
3.82	1353.26
3.821	1354.92
3.822	1352.25
3.823	1345.32
3.824	1334.27
3.825	1319.29
3.826	1300.68
3.827	1278.76
3.828	1253.92
3.829	1226.58
3.83	1197.18
3.831	1166.18
3.832	1134.04
3.833	1101.23
3.834	1068.18
3.835	1035.3
3.836	1002.96
3.837	971.499
3.838	941.193
3.839	912.28
3.84	884.944
3.841	859.314
3.842	835.469
3.843	813.438
3.844	793.202
3.845	774.702
3.846	757.839
3.847	742.48
3.848	728.465
3.849	715.613
3.85	703.724
3.851	692.59
3.852	682
3.853	671.743
3.854	661.616
3.855	651.43
3.856	641.017
3.857	630.229
3.858	618.947
3.859	607.085
3.86	594.588
3.861	581.437
3.862	567.65
3.863	553.28
3.864	538.415
3.865	523.173
3.866	507.703
3.867	492.175
3.868	476.78
3.869	461.721
3.87	447.206
3.871	433.445
3.872	420.638
3.873	408.974
3.874	398.619
3.875	389.714
3.876	382.371
3.877	376.665
3.878	372.637
3.879	370.29
3.88	369.589
3.881	370.465
3.882	372.819
3.883	376.525
3.884	381.438
3.885	387.402
3.886	394.256
3.887	401.845
3.888	410.028
3.889	418.685
3.89	427.728
3.891	437.103
3.892	446.797
3.893	456.844
3.894	467.318
3.895	478.339
3.896	490.063
3.897	502.682
3.898	516.407
3.899	531.466
3.9	548.083
3.901	566.474
3.902	586.824
3.903	609.281
3.904	633.937
3.905	660.82
3.906	689.884
3.907	721
3.908	753.955
3.909	788.447
3.91	824.094
3.911	860.435
3.912	896.942
3.913	933.034
3.914	968.091
3.915	1001.47
3.916	1032.54
3.917	1060.68
3.918	1085.29
3.919	1105.87
3.92	1121.96
3.921	1133.19
3.922	1139.32
3.923	1140.19
3.924	1135.77
3.925	1126.13
3.926	1111.45
3.927	1092.02
3.928	1068.22
3.929	1040.5
3.93	1009.38
3.931	975.422
3.932	939.204
3.933	901.327
3.934	862.381
3.935	822.933
3.936	783.512
3.937	744.602
3.938	706.628
3.939	669.956
3.94	634.885
3.941	601.648
3.942	570.412
3.943	541.286
3.944	514.323
3.945	489.526
3.946	466.858
3.947	446.25
3.948	427.605
3.949	410.812
3.95	395.748
3.951	382.288
3.952	370.305
3.953	359.683
3.954	350.31
3.955	342.087
3.956	334.928
3.957	328.758
3.958	323.513
3.959	319.142
3.96	315.602
3.961	312.858
3.962	310.884
3.963	309.658
3.964	309.16
3.965	309.378
3.966	310.3
3.967	311.917
3.968	314.225
3.969	317.219
3.97	320.902
3.971	325.278
3.972	330.354
3.973	336.142
3.974	342.658
3.975	349.92
3.976	357.947
3.977	366.761
3.978	376.381
3.979	386.826
3.98	398.109
3.981	410.239
3.982	423.219
3.983	437.043
3.984	451.699
3.985	467.165
3.986	483.414
3.987	500.412
3.988	518.122
3.989	536.506
3.99	555.527
3.991	575.15
3.992	595.348
3.993	616.102
3.994	637.404
3.995	659.254
3.996	681.662
3.997	704.647
3.998	728.23
3.999	752.435
4	777.278
4.001	802.765
4.002	828.884
4.003	855.595
4.004	882.829
4.005	910.477
4.006	938.392
4.007	966.377
4.008	994.194
4.009	1021.56
4.01	1048.15
4.011	1073.62
4.012	1097.59
4.013	1119.66
4.014	1139.46
4.015	1156.61
4.016	1170.76
4.017	1181.61
4.018	1188.92
4.019	1192.51
4.02	1192.28
4.021	1188.2
4.022	1180.33
4.023	1168.83
4.024	1153.91
4.025	1135.88
4.026	1115.1
4.027	1091.98
4.028	1066.98
4.029	1040.57
4.03	1013.24
4.031	985.467
4.032	957.7
4.033	930.366
4.034	903.845
4.035	878.467
4.036	854.506
4.037	832.178
4.038	811.641
4.039	792.997
4.04	776.298
4.041	761.551
4.042	748.723
4.043	737.751
4.044	728.547
4.045	721.01
4.046	715.024
4.047	710.469
4.048	707.223
4.049	705.165
4.05	704.173
4.051	704.126
4.052	704.904
4.053	706.383
4.054	708.433
4.055	710.918
4.056	713.691
4.057	716.593
4.058	719.456
4.059	722.096
4.06	724.322
4.061	725.936
4.062	726.734
4.063	726.517
4.064	725.089
4.065	722.269
4.066	717.898
4.067	711.837
4.068	703.982
4.069	694.262
4.07	682.649
4.071	669.154
4.072	653.831
4.073	636.779
4.074	618.137
4.075	598.082
4.076	576.825
4.077	554.607
4.078	531.691
4.079	508.355
4.08	484.887
4.081	461.578
4.082	438.713
4.083	416.567
4.084	395.4
4.085	375.448
4.086	356.924
4.087	340.014
4.088	324.871
4.089	311.618
4.09	300.351
4.091	291.13
4.092	283.993
4.093	278.948
4.094	275.983
4.095	275.063
4.096	276.141
4.097	279.154
4.098	284.03
4.099	290.689
4.1	299.046
4.101	309.013
4.102	320.498
4.103	333.407
4.104	347.642
4.105	363.102
4.106	379.676
4.107	397.25
4.108	415.693
4.109	434.865
4.11	454.608
4.111	474.748
4.112	495.093
4.113	515.433
4.114	535.54
4.115	555.171
4.116	574.074
4.117	591.986
4.118	608.646
4.119	623.797
4.12	637.196
4.121	648.619
4.122	657.872
4.123	664.794
4.124	669.271
4.125	671.234
4.126	670.67
4.127	667.623
4.128	662.195
4.129	654.545
4.13	644.89
4.131	633.495
4.132	620.673
4.133	606.773
4.134	592.173
4.135	577.268
4.136	562.461
4.137	548.147
4.138	534.709
4.139	522.5
4.14	511.834
4.141	502.979
4.142	496.148
4.143	491.491
4.144	489.092
4.145	488.964
4.146	491.054
4.147	495.237
4.148	501.324
4.149	509.068
4.15	518.167
4.151	528.277
4.152	539.018
4.153	549.989
4.154	560.775
4.155	570.962
4.156	580.144
4.157	587.942
4.158	594.005
4.159	598.028
4.16	599.751
4.161	598.972
4.162	595.55
4.163	589.404
4.164	580.517
4.165	568.936
4.166	554.763
4.167	538.159
4.168	519.328
4.169	498.52
4.17	476.015
4.171	452.12
4.172	427.158
4.173	401.459
4.174	375.352
4.175	349.161
4.176	323.194
4.177	297.738
4.178	273.057
4.179	249.386
4.18	226.932
4.181	205.867
4.182	186.334
4.183	168.445
4.184	152.284
4.185	137.907
4.186	125.347
4.187	114.617
4.188	105.714
4.189	98.6224
4.19	93.3172
4.191	89.7698
4.192	87.9507
4.193	87.8339
4.194	89.4006
4.195	92.6431
4.196	97.5678
4.197	104.199
4.198	112.582
4.199	122.784
4.2	134.899
4.201	149.049
4.202	165.383
4.203	184.079
4.204	205.343
4.205	229.407
4.206	256.527
4.207	286.979
4.208	321.05
4.209	359.036
4.21	401.232
4.211	447.919
4.212	499.358
4.213	555.777
4.214	617.355
4.215	684.216
4.216	756.41
4.217	833.904
4.218	916.575
4.219	1004.19
4.22	1096.42
4.221	1192.79
4.222	1292.75
4.223	1395.6
4.224	1500.55
4.225	1606.68
4.226	1713.02
4.227	1818.47
4.228	1921.91
4.229	2022.16
4.23	2118.03
4.231	2208.32
4.232	2291.88
4.233	2367.59
4.234	2434.43
4.235	2491.47
4.236	2537.9
4.237	2573.04
4.238	2596.39
4.239	2607.61
4.24	2606.52
4.241	2593.13
4.242	2567.65
4.243	2530.45
4.244	2482.06
4.245	2423.18
4.246	2354.65
4.247	2277.44
4.248	2192.61
4.249	2101.32
4.25	2004.76
4.251	1904.18
4.252	1800.8
4.253	1695.86
4.254	1590.54
4.255	1485.96
4.256	1383.16
4.257	1283.09
4.258	1186.59
4.259	1094.37
4.26	1007.04
4.261	925.051
4.262	848.76
4.263	778.385
4.264	714.029
4.265	655.694
4.266	603.282
4.267	556.615
4.268	515.446
4.269	479.473
4.27	448.353
4.271	421.719
4.272	399.192
4.273	380.389
4.274	364.942
4.275	352.501
4.276	342.743
4.277	335.375
4.278	330.144
4.279	326.829
4.28	325.25
4.281	325.257
4.282	326.733
4.283	329.586
4.284	333.745
4.285	339.153
4.286	345.76
4.287	353.52
4.288	362.38
4.289	372.282
4.29	383.152
4.291	394.903
4.292	407.429
4.293	420.607
4.294	434.299
4.295	448.35
4.296	462.596
4.297	476.865
4.298	490.983
4.299	504.779
4.3	518.09
4.301	530.766
4.302	542.675
4.303	553.706
4.304	563.772
4.305	572.815
4.306	580.799
4.307	587.721
4.308	593.598
4.309	598.474
4.31	602.411
4.311	605.487
4.312	607.792
4.313	609.423
4.314	610.48
4.315	611.063
4.316	611.266
4.317	611.176
4.318	610.873
4.319	610.425
4.32	609.889
4.321	609.314
4.322	608.739
4.323	608.197
4.324	607.715
4.325	607.319
4.326	607.034
4.327	606.887
4.328	606.908
4.329	607.132
4.33	607.601
4.331	608.359
4.332	609.459
4.333	610.956
4.334	612.909
4.335	615.379
4.336	618.428
4.337	622.116
4.338	626.505
4.339	631.654
4.34	637.624
4.341	644.474
4.342	652.268
4.343	661.075
4.344	670.974
4.345	682.054
4.346	694.422
4.347	708.206
4.348	723.553
4.349	740.637
4.35	759.659
4.351	780.844
4.352	804.441
4.353	830.72
4.354	859.963
4.355	892.461
4.356	928.499
4.357	968.35
4.358	1012.26
4.359	1060.42
4.36	1113
4.361	1170.06
4.362	1231.62
4.363	1297.57
4.364	1367.71
4.365	1441.75
4.366	1519.27
4.367	1599.74
4.368	1682.52
4.369	1766.89
4.37	1852.02
4.371	1937.04
4.372	2020.99
4.373	2102.93
4.374	2181.89
4.375	2256.93
4.376	2327.18
4.377	2391.81
4.378	2450.13
4.379	2501.54
4.38	2545.6
4.381	2582.01
4.382	2610.62
4.383	2631.43
4.384	2644.62
4.385	2650.49
4.386	2649.46
4.387	2642.08
4.388	2628.95
4.389	2610.75
4.39	2588.17
4.391	2561.93
4.392	2532.68
4.393	2501.05
4.394	2467.59
4.395	2432.75
4.396	2396.89
4.397	2360.26
4.398	2323
4.399	2285.15
4.4	2246.63
4.401	2207.32
4.402	2167
4.403	2125.42
4.404	2082.32
4.405	2037.42
4.406	1990.48
4.407	1941.28
4.408	1889.67
4.409	1835.57
4.41	1778.97
4.411	1719.97
4.412	1658.73
4.413	1595.51
4.414	1530.64
4.415	1464.53
4.416	1397.63
4.417	1330.44
4.418	1263.5
4.419	1197.33
4.42	1132.49
4.421	1069.49
4.422	1008.82
4.423	950.957
4.424	896.304
4.425	845.234
4.426	798.066
4.427	755.069
4.428	716.467
4.429	682.441
4.43	653.137
4.431	628.669
4.432	609.131
4.433	594.601
4.434	585.148
4.435	580.838
4.436	581.738
4.437	587.919
4.438	599.458
4.439	616.434
4.44	638.929
4.441	667.019
4.442	700.771
4.443	740.229
4.444	785.412
4.445	836.296
4.446	892.805
4.447	954.802
4.448	1022.07
4.449	1094.32
4.45	1171.15
4.451	1252.07
4.452	1336.5
4.453	1423.72
4.454	1512.94
4.455	1603.26
4.456	1693.69
4.457	1783.18
4.458	1870.62
4.459	1954.85
4.46	2034.73
4.461	2109.1
4.462	2176.87
4.463	2237
4.464	2288.56
4.465	2330.73
4.466	2362.84
4.467	2384.39
4.468	2395.04
4.469	2394.65
4.47	2383.29
4.471	2361.19
4.472	2328.8
4.473	2286.73
4.474	2235.75
4.475	2176.77
4.476	2110.81
4.477	2038.97
4.478	1962.41
4.479	1882.3
4.48	1799.8
4.481	1716.06
4.482	1632.14
4.483	1549.01
4.484	1467.55
4.485	1388.51
4.486	1312.5
4.487	1240
4.488	1171.37
4.489	1106.82
4.49	1046.44
4.491	990.207
4.492	938.004
4.493	889.634
4.494	844.839
4.495	803.317
4.496	764.738
4.497	728.767
4.498	695.073
4.499	663.349
4.5	633.315
4.501	604.733
4.502	577.411
4.503	551.203
4.504	526.014
4.505	501.796
4.506	478.542
4.507	456.285
4.508	435.09
4.509	415.046
4.51	396.257
4.511	378.837
4.512	362.904
4.513	348.569
4.514	335.931
4.515	325.077
4.516	316.073
4.517	308.963
4.518	303.77
4.519	300.492
4.52	299.106
4.521	299.568
4.522	301.816
4.523	305.772
4.524	311.347
4.525	318.444
4.526	326.961
4.527	336.796
4.528	347.849
4.529	360.026
4.53	373.242
4.531	387.423
4.532	402.508
4.533	418.449
4.534	435.216
4.535	452.791
4.536	471.173
4.537	490.373
4.538	510.416
4.539	531.336
4.54	553.175
4.541	575.98
4.542	599.798
4.543	624.676
4.544	650.654
4.545	677.761
4.546	706.012
4.547	735.406
4.548	765.917
4.549	797.497
4.55	830.067
4.551	863.519
4.552	897.715
4.553	932.48
4.554	967.61
4.555	1002.87
4.556	1037.99
4.557	1072.67
4.558	1106.61
4.559	1139.47
4.56	1170.9
4.561	1200.56
4.562	1228.1
4.563	1253.17
4.564	1275.45
4.565	1294.65
4.566	1310.48
4.567	1322.72
4.568	1331.16
4.569	1335.66
4.57	1336.1
4.571	1332.46
4.572	1324.71
4.573	1312.93
4.574	1297.2
4.575	1277.68
4.576	1254.56
4.577	1228.09
4.578	1198.52
4.579	1166.17
4.58	1131.34
4.581	1094.39
4.582	1055.66
4.583	1015.5
4.584	974.287
4.585	932.362
4.586	890.072
4.587	847.749
4.588	805.708
4.589	764.248
4.59	723.646
4.591	684.161
4.592	646.027
4.593	609.457
4.594	574.643
4.595	541.755
4.596	510.943
4.597	482.337
4.598	456.05
4.599	432.174
4.6	410.789
4.601	391.956
4.602	375.727
4.603	362.135
4.604	351.205
4.605	342.949
4.606	337.367
4.607	334.449
4.608	334.174
4.609	336.509
4.61	341.409
4.611	348.818
4.612	358.666
4.613	370.866
4.614	385.319
4.615	401.904
4.616	420.485
4.617	440.904
4.618	462.981
4.619	486.514
4.62	511.28
4.621	537.034
4.622	563.506
4.623	590.411
4.624	617.443
4.625	644.283
4.626	670.604
4.627	696.071
4.628	720.349
4.629	743.111
4.63	764.04
4.631	782.841
4.632	799.239
4.633	812.995
4.634	823.904
4.635	831.803
4.636	836.575
4.637	838.151
4.638	836.513
4.639	831.691
4.64	823.766
4.641	812.866
4.642	799.161
4.643	782.861
4.644	764.211
4.645	743.479
4.646	720.956
4.647	696.947
4.648	671.761
4.649	645.708
4.65	619.09
4.651	592.198
4.652	565.305
4.653	538.66
4.654	512.493
4.655	487.002
4.656	462.363
4.657	438.723
4.658	416.203
4.659	394.903
4.66	374.901
4.661	356.257
4.662	339.018
4.663	323.219
4.664	308.892
4.665	296.062
4.666	284.757
4.667	275.008
4.668	266.85
4.669	260.327
4.67	255.487
4.671	252.391
4.672	251.105
4.673	251.701
4.674	254.255
4.675	258.848
4.676	265.555
4.677	274.45
4.678	285.597
4.679	299.047
4.68	314.834
4.681	332.972
4.682	353.451
4.683	376.232
4.684	401.245
4.685	428.386
4.686	457.518
4.687	488.467
4.688	521.025
4.689	554.949
4.69	589.966
4.691	625.777
4.692	662.06
4.693	698.477
4.694	734.684
4.695	770.337
4.696	805.103
4.697	838.667
4.698	870.749
4.699	901.108
4.7	929.559
4.701	955.976
4.702	980.308
4.703	1002.58
4.704	1022.92
4.705	1041.51
4.706	1058.66
4.707	1074.75
4.708	1090.26
4.709	1105.73
4.71	1121.79
4.711	1139.11
4.712	1158.4
4.713	1180.41
4.714	1205.87
4.715	1235.48
4.716	1269.92
4.717	1309.79
4.718	1355.58
4.719	1407.69
4.72	1466.38
4.721	1531.75
4.722	1603.75
4.723	1682.15
4.724	1766.56
4.725	1856.38
4.726	1950.89
4.727	2049.16
4.728	2150.16
4.729	2252.71
4.73	2355.56
4.731	2457.35
4.732	2556.73
4.733	2652.29
4.734	2742.69
4.735	2826.62
4.736	2902.85
4.737	2970.29
4.738	3027.96
4.739	3075.07
4.74	3110.97
4.741	3135.24
4.742	3147.61
4.743	3148.06
4.744	3136.72
4.745	3113.94
4.746	3080.22
4.747	3036.25
4.748	2982.85
4.749	2920.96
4.75	2851.63
4.751	2775.99
4.752	2695.22
4.753	2610.53
4.754	2523.13
4.755	2434.24
4.756	2345.01
4.757	2256.58
4.758	2169.97
4.759	2086.15
4.76	2005.98
4.761	1930.22
4.762	1859.51
4.763	1794.39
4.764	1735.25
4.765	1682.4
4.766	1636.02
4.767	1596.16
4.768	1562.8
4.769	1535.82
4.77	1514.99
4.771	1500.04
4.772	1490.61
4.773	1486.31
4.774	1486.69
4.775	1491.3
4.776	1499.64
4.777	1511.21
4.778	1525.53
4.779	1542.1
4.78	1560.45
4.781	1580.12
4.782	1600.67
4.783	1621.67
4.784	1642.74
4.785	1663.51
4.786	1683.61
4.787	1702.71
4.788	1720.51
4.789	1736.7
4.79	1751
4.791	1763.15
4.792	1772.9
4.793	1780.02
4.794	1784.32
4.795	1785.6
4.796	1783.74
4.797	1778.63
4.798	1770.2
4.799	1758.46
4.8	1743.45
4.801	1725.3
4.802	1704.19
4.803	1680.38
4.804	1654.22
4.805	1626.1
4.806	1596.52
4.807	1566.01
4.808	1535.2
4.809	1504.74
4.81	1475.32
4.811	1447.66
4.812	1422.49
4.813	1400.52
4.814	1382.43
4.815	1368.87
4.816	1360.41
4.817	1357.55
4.818	1360.67
4.819	1370.08
4.82	1385.93
4.821	1408.27
4.822	1437
4.823	1471.89
4.824	1512.57
4.825	1558.54
4.826	1609.2
4.827	1663.81
4.828	1721.54
4.829	1781.51
4.83	1842.75
4.831	1904.26
4.832	1965.01
4.833	2024
4.834	2080.21
4.835	2132.71
4.836	2180.6
4.837	2223.08
4.838	2259.41
4.839	2288.99
4.84	2311.31
4.841	2326.01
4.842	2332.82
4.843	2331.63
4.844	2322.41
4.845	2305.27
4.846	2280.45
4.847	2248.24
4.848	2209.06
4.849	2163.4
4.85	2111.79
4.851	2054.83
4.852	1993.15
4.853	1927.43
4.854	1858.32
4.855	1786.5
4.856	1712.64
4.857	1637.38
4.858	1561.37
4.859	1485.18
4.86	1409.4
4.861	1334.56
4.862	1261.16
4.863	1189.66
4.864	1120.5
4.865	1054.07
4.866	990.745
4.867	930.869
4.868	874.761
4.869	822.721
4.87	775.029
4.871	731.947
4.872	693.724
4.873	660.593
4.874	632.769
4.875	610.453
4.876	593.823
4.877	583.033
4.878	578.211
4.879	579.448
4.88	586.798
4.881	600.268
4.882	619.814
4.883	645.333
4.884	676.659
4.885	713.557
4.886	755.722
4.887	802.774
4.888	854.262
4.889	909.662
4.89	968.384
4.891	1029.78
4.892	1093.14
4.893	1157.73
4.894	1222.78
4.895	1287.51
4.896	1351.14
4.897	1412.91
4.898	1472.11
4.899	1528.08
4.9	1580.22
4.901	1628.04
4.902	1671.15
4.903	1709.25
4.904	1742.19
4.905	1769.92
4.906	1792.53
4.907	1810.24
4.908	1823.37
4.909	1832.37
4.91	1837.77
4.911	1840.2
4.912	1840.35
4.913	1838.93
4.914	1836.72
4.915	1834.48
4.916	1832.95
4.917	1832.88
4.918	1834.91
4.919	1839.68
4.92	1847.7
4.921	1859.44
4.922	1875.24
4.923	1895.37
4.924	1919.98
4.925	1949.16
4.926	1982.88
4.927	2021.02
4.928	2063.41
4.929	2109.79
4.93	2159.86
4.931	2213.25
4.932	2269.56
4.933	2328.39
4.934	2389.27
4.935	2451.74
4.936	2515.35
4.937	2579.6
4.938	2644.02
4.939	2708.13
4.94	2771.45
4.941	2833.47
4.942	2893.71
4.943	2951.65
4.944	3006.77
4.945	3058.56
4.946	3106.45
4.947	3149.91
4.948	3188.39
4.949	3221.32
4.95	3248.16
4.951	3268.41
4.952	3281.56
4.953	3287.2
4.954	3284.93
4.955	3274.48
4.956	3255.65
4.957	3228.35
4.958	3192.6
4.959	3148.59
4.96	3096.61
4.961	3037.11
4.962	2970.67
4.963	2898.01
4.964	2819.95
4.965	2737.45
4.966	2651.54
4.967	2563.3
4.968	2473.9
4.969	2384.46
4.97	2296.14
4.971	2210.03
4.972	2127.16
4.973	2048.47
4.974	1974.8
4.975	1906.82
4.976	1845.1
4.977	1790.02
4.978	1741.81
4.979	1700.53
4.98	1666.1
4.981	1638.26
4.982	1616.64
4.983	1600.72
4.984	1589.89
4.985	1583.45
4.986	1580.64
4.987	1580.66
4.988	1582.68
4.989	1585.9
4.99	1589.51
4.991	1592.79
4.992	1595.07
4.993	1595.73
4.994	1594.3
4.995	1590.37
4.996	1583.68
4.997	1574.04
4.998	1561.43
4.999	1545.92
5	1527.7
5.001	1507.07
5.002	1484.42
5.003	1460.23
5.004	1435.06
5.005	1409.54
5.006	1384.34
5.007	1360.15
5.008	1337.68
5.009	1317.66
5.01	1300.79
5.011	1287.72
5.012	1279.07
5.013	1275.41
5.014	1277.22
5.015	1284.88
5.016	1298.69
5.017	1318.84
5.018	1345.39
5.019	1378.29
5.02	1417.35
5.021	1462.27
5.022	1512.59
5.023	1567.76
5.024	1627.09
5.025	1689.8
5.026	1754.98
5.027	1821.66
5.028	1888.83
5.029	1955.39
5.03	2020.26
5.031	2082.33
5.032	2140.54
5.033	2193.89
5.034	2241.42
5.035	2282.31
5.036	2315.84
5.037	2341.43
5.038	2358.64
5.039	2367.2
5.04	2367.02
5.041	2358.14
5.042	2340.79
5.043	2315.33
5.044	2282.28
5.045	2242.27
5.046	2196.04
5.047	2144.39
5.048	2088.19
5.049	2028.37
5.05	1965.83
5.051	1901.49
5.052	1836.22
5.053	1770.86
5.054	1706.18
5.055	1642.88
5.056	1581.57
5.057	1522.79
5.058	1466.98
5.059	1414.5
5.06	1365.62
5.061	1320.51
5.062	1279.31
5.063	1242.05
5.064	1208.71
5.065	1179.21
5.066	1153.43
5.067	1131.21
5.068	1112.33
5.069	1096.57
5.07	1083.64
5.071	1073.27
5.072	1065.14
5.073	1058.93
5.074	1054.3
5.075	1050.9
5.076	1048.36
5.077	1046.35
5.078	1044.51
5.079	1042.5
5.08	1039.99
5.081	1036.67
5.082	1032.28
5.083	1026.55
5.084	1019.28
5.085	1010.29
5.086	999.471
5.087	986.729
5.088	972.036
5.089	955.409
5.09	936.91
5.091	916.647
5.092	894.764
5.093	871.443
5.094	846.89
5.095	821.335
5.096	795.019
5.097	768.19
5.098	741.096
5.099	713.971
5.1	687.038
5.101	660.498
5.102	634.526
5.103	609.268
5.104	584.841
5.105	561.331
5.106	538.794
5.107	517.259
5.108	496.732
5.109	477.196
5.11	458.624
5.111	440.975
5.112	424.208
5.113	408.283
5.114	393.168
5.115	378.844
5.116	365.309
5.117	352.582
5.118	340.708
5.119	329.755
5.12	319.82
5.121	311.027
5.122	303.527
5.123	297.493
5.124	293.122
5.125	290.628
5.126	290.238
5.127	292.19
5.128	296.72
5.129	304.066
5.13	314.451
5.131	328.082
5.132	345.14
5.133	365.772
5.134	390.085
5.135	418.137
5.136	449.93
5.137	485.402
5.138	524.425
5.139	566.798
5.14	612.244
5.141	660.41
5.142	710.868
5.143	763.116
5.144	816.587
5.145	870.652
5.146	924.633
5.147	977.816
5.148	1029.46
5.149	1078.82
5.15	1125.15
5.151	1167.75
5.152	1205.94
5.153	1239.1
5.154	1266.7
5.155	1288.3
5.156	1303.55
5.157	1312.19
5.158	1314.13
5.159	1309.34
5.16	1297.95
5.161	1280.17
5.162	1256.35
5.163	1226.92
5.164	1192.38
5.165	1153.34
5.166	1110.42
5.167	1064.32
5.168	1015.75
5.169	965.4
5.17	913.992
5.171	862.202
5.172	810.679
5.173	760.026
5.174	710.796
5.175	663.482
5.176	618.519
5.177	576.278
5.178	537.07
5.179	501.147
5.18	468.708
5.181	439.899
5.182	414.826
5.183	393.552
5.184	376.113
5.185	362.514
5.186	352.742
5.187	346.765
5.188	344.538
5.189	346.006
5.19	351.102
5.191	359.752
5.192	371.874
5.193	387.371
5.194	406.137
5.195	428.047
5.196	452.96
5.197	480.714
5.198	511.122
5.199	543.971
5.2	579.021
5.201	616.004
5.202	654.624
5.203	694.557
5.204	735.461
5.205	776.971
5.206	818.711
5.207	860.302
5.208	901.367
5.209	941.542
5.21	980.487
5.211	1017.89
5.212	1053.5
5.213	1087.11
5.214	1118.57
5.215	1147.8
5.216	1174.83
5.217	1199.74
5.218	1222.7
5.219	1243.96
5.22	1263.86
5.221	1282.81
5.222	1301.25
5.223	1319.69
5.224	1338.67
5.225	1358.73
5.226	1380.39
5.227	1404.17
5.228	1430.5
5.229	1459.77
5.23	1492.25
5.231	1528.13
5.232	1567.46
5.233	1610.16
5.234	1656.03
5.235	1704.73
5.236	1755.78
5.237	1808.58
5.238	1862.45
5.239	1916.58
5.24	1970.14
5.241	2022.22
5.242	2071.93
5.243	2118.38
5.244	2160.71
5.245	2198.16
5.246	2230.03
5.247	2255.76
5.248	2274.89
5.249	2287.13
5.25	2292.32
5.251	2290.43
5.252	2281.61
5.253	2266.12
5.254	2244.34
5.255	2216.75
5.256	2183.94
5.257	2146.54
5.258	2105.21
5.259	2060.66
5.26	2013.59
5.261	1964.66
5.262	1914.51
5.263	1863.73
5.264	1812.87
5.265	1762.38
5.266	1712.67
5.267	1664.09
5.268	1616.92
5.269	1571.39
5.27	1527.67
5.271	1485.93
5.272	1446.27
5.273	1408.81
5.274	1373.66
5.275	1340.9
5.276	1310.66
5.277	1283.05
5.278	1258.22
5.279	1236.31
5.28	1217.48
5.281	1201.92
5.282	1189.78
5.283	1181.25
5.284	1176.47
5.285	1175.58
5.286	1178.66
5.287	1185.78
5.288	1196.94
5.289	1212.08
5.29	1231.07
5.291	1253.72
5.292	1279.76
5.293	1308.87
5.294	1340.62
5.295	1374.54
5.296	1410.11
5.297	1446.74
5.298	1483.82
5.299	1520.7
5.3	1556.74
5.301	1591.29
5.302	1623.73
5.303	1653.49
5.304	1680.02
5.305	1702.87
5.306	1721.64
5.307	1736.04
5.308	1745.85
5.309	1750.96
5.31	1751.37
5.311	1747.14
5.312	1738.45
5.313	1725.56
5.314	1708.79
5.315	1688.52
5.316	1665.19
5.317	1639.25
5.318	1611.18
5.319	1581.45
5.32	1550.52
5.321	1518.83
5.322	1486.78
5.323	1454.72
5.324	1422.93
5.325	1391.68
5.326	1361.12
5.327	1331.41
5.328	1302.61
5.329	1274.76
5.33	1247.86
5.331	1221.86
5.332	1196.72
5.333	1172.38
5.334	1148.78
5.335	1125.87
5.336	1103.62
5.337	1082.02
5.338	1061.09
5.339	1040.89
5.34	1021.49
5.341	1003.01
5.342	985.592
5.343	969.393
5.344	954.593
5.345	941.379
5.346	929.939
5.347	920.455
5.348	913.094
5.349	908.002
5.35	905.298
5.351	905.064
5.352	907.348
5.353	912.156
5.354	919.453
5.355	929.162
5.356	941.169
5.357	955.32
5.358	971.434
5.359	989.298
5.36	1008.68
5.361	1029.34
5.362	1051.02
5.363	1073.46
5.364	1096.41
5.365	1119.62
5.366	1142.85
5.367	1165.89
5.368	1188.53
5.369	1210.59
5.37	1231.91
5.371	1252.33
5.372	1271.72
5.373	1289.96
5.374	1306.96
5.375	1322.61
5.376	1336.83
5.377	1349.54
5.378	1360.66
5.379	1370.12
5.38	1377.86
5.381	1383.8
5.382	1387.91
5.383	1390.12
5.384	1390.38
5.385	1388.68
5.386	1384.97
5.387	1379.27
5.388	1371.57
5.389	1361.9
5.39	1350.31
5.391	1336.85
5.392	1321.61
5.393	1304.68
5.394	1286.17
5.395	1266.23
5.396	1245
5.397	1222.64
5.398	1199.31
5.399	1175.21
5.4	1150.52
5.401	1125.44
5.402	1100.19
5.403	1074.98
5.404	1050.03
5.405	1025.57
5.406	1001.83
5.407	979.078
5.408	957.554
5.409	937.532
5.41	919.289
5.411	903.119
5.412	889.325
5.413	878.223
5.414	870.14
5.415	865.411
5.416	864.379
5.417	867.385
5.418	874.768
5.419	886.855
5.42	903.954
5.421	926.344
5.422	954.263
5.423	987.898
5.424	1027.37
5.425	1072.74
5.426	1123.95
5.427	1180.88
5.428	1243.26
5.429	1310.74
5.43	1382.84
5.431	1458.94
5.432	1538.3
5.433	1620.08
5.434	1703.32
5.435	1786.96
5.436	1869.87
5.437	1950.86
5.438	2028.71
5.439	2102.19
5.44	2170.1
5.441	2231.28
5.442	2284.66
5.443	2329.28
5.444	2364.33
5.445	2389.13
5.446	2403.19
5.447	2406.22
5.448	2398.13
5.449	2379.04
5.45	2349.25
5.451	2309.29
5.452	2259.84
5.453	2201.79
5.454	2136.13
5.455	2063.99
5.456	1986.59
5.457	1905.23
5.458	1821.22
5.459	1735.88
5.46	1650.52
5.461	1566.4
5.462	1484.7
5.463	1406.52
5.464	1332.84
5.465	1264.53
5.466	1202.33
5.467	1146.84
5.468	1098.54
5.469	1057.73
5.47	1024.63
5.471	999.289
5.472	981.656
5.473	971.561
5.474	968.733
5.475	972.805
5.476	983.331
5.477	999.791
5.478	1021.61
5.479	1048.15
5.48	1078.75
5.481	1112.7
5.482	1149.3
5.483	1187.79
5.484	1227.46
5.485	1267.58
5.486	1307.42
5.487	1346.31
5.488	1383.59
5.489	1418.62
5.49	1450.85
5.491	1479.75
5.492	1504.85
5.493	1525.76
5.494	1542.15
5.495	1553.76
5.496	1560.4
5.497	1561.97
5.498	1558.45
5.499	1549.86
5.5	1536.34
5.501	1518.06
5.502	1495.27
5.503	1468.28
5.504	1437.44
5.505	1403.15
5.506	1365.85
5.507	1325.98
5.508	1284.03
5.509	1240.48
5.51	1195.82
5.511	1150.51
5.512	1105.03
5.513	1059.83
5.514	1015.32
5.515	971.918
5.516	929.984
5.517	889.866
5.518	851.878
5.519	816.31
5.52	783.423
5.521	753.458
5.522	726.632
5.523	703.142
5.524	683.168
5.525	666.874
5.526	654.406
5.527	645.897
5.528	641.458
5.529	641.184
5.53	645.144
5.531	653.382
5.532	665.913
5.533	682.713
5.534	703.72
5.535	728.826
5.536	757.873
5.537	790.651
5.538	826.894
5.539	866.281
5.54	908.431
5.541	952.909
5.542	999.231
5.543	1046.86
5.544	1095.23
5.545	1143.73
5.546	1191.73
5.547	1238.6
5.548	1283.69
5.549	1326.39
5.55	1366.07
5.551	1402.2
5.552	1434.23
5.553	1461.74
5.554	1484.32
5.555	1501.67
5.556	1513.59
5.557	1519.94
5.558	1520.7
5.559	1515.93
5.56	1505.79
5.561	1490.54
5.562	1470.51
5.563	1446.12
5.564	1417.85
5.565	1386.23
5.566	1351.85
5.567	1315.3
5.568	1277.21
5.569	1238.2
5.57	1198.87
5.571	1159.81
5.572	1121.55
5.573	1084.58
5.574	1049.33
5.575	1016.15
5.576	985.334
5.577	957.084
5.578	931.534
5.579	908.738
5.58	888.678
5.581	871.267
5.582	856.357
5.583	843.744
5.584	833.181
5.585	824.386
5.586	817.051
5.587	810.853
5.588	805.466
5.589	800.57
5.59	795.857
5.591	791.047
5.592	785.889
5.593	780.17
5.594	773.722
5.595	766.421
5.596	758.198
5.597	749.035
5.598	738.965
5.599	728.078
5.6	716.511
5.601	704.451
5.602	692.129
5.603	679.818
5.604	667.822
5.605	656.477
5.606	646.142
5.607	637.188
5.608	629.996
5.609	624.944
5.61	622.403
5.611	622.725
5.612	626.235
5.613	633.223
5.614	643.934
5.615	658.56
5.616	677.234
5.617	700.018
5.618	726.903
5.619	757.799
5.62	792.533
5.621	830.85
5.622	872.408
5.623	916.786
5.624	963.486
5.625	1011.94
5.626	1061.52
5.627	1111.55
5.628	1161.33
5.629	1210.11
5.63	1257.19
5.631	1301.83
5.632	1343.38
5.633	1381.19
5.634	1414.72
5.635	1443.49
5.636	1467.14
5.637	1485.4
5.638	1498.14
5.639	1505.32
5.64	1507.05
5.641	1503.56
5.642	1495.17
5.643	1482.34
5.644	1465.59
5.645	1445.54
5.646	1422.85
5.647	1398.23
5.648	1372.42
5.649	1346.16
5.65	1320.16
5.651	1295.11
5.652	1271.65
5.653	1250.37
5.654	1231.76
5.655	1216.26
5.656	1204.19
5.657	1195.82
5.658	1191.31
5.659	1190.73
5.66	1194.08
5.661	1201.29
5.662	1212.21
5.663	1226.63
5.664	1244.29
5.665	1264.9
5.666	1288.11
5.667	1313.56
5.668	1340.86
5.669	1369.59
5.67	1399.35
5.671	1429.71
5.672	1460.22
5.673	1490.46
5.674	1520
5.675	1548.41
5.676	1575.27
5.677	1600.17
5.678	1622.75
5.679	1642.62
5.68	1659.46
5.681	1672.97
5.682	1682.9
5.683	1689.04
5.684	1691.25
5.685	1689.45
5.686	1683.62
5.687	1673.81
5.688	1660.18
5.689	1642.92
5.69	1622.32
5.691	1598.74
5.692	1572.62
5.693	1544.43
5.694	1514.72
5.695	1484.06
5.696	1453.06
5.697	1422.33
5.698	1392.49
5.699	1364.13
5.7	1337.81
5.701	1314.02
5.702	1293.22
5.703	1275.76
5.704	1261.91
5.705	1251.85
5.706	1245.63
5.707	1243.22
5.708	1244.46
5.709	1249.09
5.71	1256.75
5.711	1266.98
5.712	1279.27
5.713	1293
5.714	1307.54
5.715	1322.23
5.716	1336.38
5.717	1349.34
5.718	1360.47
5.719	1369.19
5.72	1375.01
5.721	1377.5
5.722	1376.33
5.723	1371.31
5.724	1362.34
5.725	1349.46
5.726	1332.81
5.727	1312.7
5.728	1289.51
5.729	1263.76
5.73	1236.07
5.731	1207.12
5.732	1177.72
5.733	1148.69
5.734	1120.93
5.735	1095.36
5.736	1072.93
5.737	1054.56
5.738	1041.17
5.739	1033.66
5.74	1032.87
5.741	1039.56
5.742	1054.43
5.743	1078.08
5.744	1111
5.745	1153.56
5.746	1205.98
5.747	1268.36
5.748	1340.61
5.749	1422.52
5.75	1513.68
5.751	1613.53
5.752	1721.34
5.753	1836.23
5.754	1957.16
5.755	2082.97
5.756	2212.37
5.757	2344
5.758	2476.42
5.759	2608.14
5.76	2737.66
5.761	2863.51
5.762	2984.26
5.763	3098.54
5.764	3205.11
5.765	3302.82
5.766	3390.69
5.767	3467.9
5.768	3533.78
5.769	3587.85
5.77	3629.82
5.771	3659.57
5.772	3677.15
5.773	3682.77
5.774	3676.8
5.775	3659.72
5.776	3632.15
5.777	3594.8
5.778	3548.44
5.779	3493.93
5.78	3432.14
5.781	3363.99
5.782	3290.38
5.783	3212.22
5.784	3130.41
5.785	3045.8
5.786	2959.19
5.787	2871.37
5.788	2783.02
5.789	2694.81
5.79	2607.31
5.791	2521.04
5.792	2436.44
5.793	2353.89
5.794	2273.7
5.795	2196.12
5.796	2121.35
5.797	2049.52
5.798	1980.73
5.799	1915.04
5.8	1852.48
5.801	1793.07
5.802	1736.81
5.803	1683.71
5.804	1633.79
5.805	1587.08
5.806	1543.63
5.807	1503.53
5.808	1466.9
5.809	1433.87
5.81	1404.63
5.811	1379.36
5.812	1358.3
5.813	1341.66
5.814	1329.67
5.815	1322.55
5.816	1320.47
5.817	1323.61
5.818	1332.05
5.819	1345.83
5.82	1364.93
5.821	1389.23
5.822	1418.53
5.823	1452.51
5.824	1490.79
5.825	1532.87
5.826	1578.15
5.827	1625.97
5.828	1675.56
5.829	1726.09
5.83	1776.69
5.831	1826.44
5.832	1874.39
5.833	1919.6
5.834	1961.13
5.835	1998.1
5.836	2029.67
5.837	2055.05
5.838	2073.57
5.839	2084.66
5.84	2087.86
5.841	2082.82
5.842	2069.37
5.843	2047.43
5.844	2017.11
5.845	1978.62
5.846	1932.33
5.847	1878.72
5.848	1818.39
5.849	1752.04
5.85	1680.47
5.851	1604.51
5.852	1525.06
5.853	1443.06
5.854	1359.43
5.855	1275.08
5.856	1190.91
5.857	1107.75
5.858	1026.39
5.859	947.533
5.86	871.805
5.861	799.746
5.862	731.804
5.863	668.34
5.864	609.624
5.865	555.845
5.866	507.116
5.867	463.482
5.868	424.929
5.869	391.395
5.87	362.781
5.871	338.957
5.872	319.771
5.873	305.063
5.874	294.66
5.875	288.392
5.876	286.086
5.877	287.573
5.878	292.682
5.879	301.246
5.88	313.091
5.881	328.037
5.882	345.895
5.883	366.458
5.884	389.501
5.885	414.778
5.886	442.017
5.887	470.921
5.888	501.169
5.889	532.417
5.89	564.301
5.891	596.444
5.892	628.46
5.893	659.965
5.894	690.581
5.895	719.95
5.896	747.736
5.897	773.64
5.898	797.404
5.899	818.819
5.9	837.729
5.901	854.034
5.902	867.694
5.903	878.724
5.904	887.198
5.905	893.238
5.906	897.013
5.907	898.729
5.908	898.624
5.909	896.956
5.91	893.995
5.911	890.016
5.912	885.29
5.913	880.072
5.914	874.602
5.915	869.096
5.916	863.74
5.917	858.693
5.918	854.082
5.919	850.003
5.92	846.526
5.921	843.693
5.922	841.522
5.923	840.016
5.924	839.159
5.925	838.926
5.926	839.285
5.927	840.199
5.928	841.632
5.929	843.548
5.93	845.914
5.931	848.702
5.932	851.889
5.933	855.457
5.934	859.393
5.935	863.689
5.936	868.343
5.937	873.358
5.938	878.743
5.939	884.516
5.94	890.701
5.941	897.336
5.942	904.474
5.943	912.182
5.944	920.55
5.945	929.69
5.946	939.738
5.947	950.858
5.948	963.24
5.949	977.098
5.95	992.669
5.951	1010.21
5.952	1029.97
5.953	1052.22
5.954	1077.21
5.955	1105.16
5.956	1136.26
5.957	1170.64
5.958	1208.37
5.959	1249.45
5.96	1293.75
5.961	1341.09
5.962	1391.16
5.963	1443.53
5.964	1497.69
5.965	1553.01
5.966	1608.77
5.967	1664.2
5.968	1718.45
5.969	1770.63
5.97	1819.85
5.971	1865.24
5.972	1905.95
5.973	1941.2
5.974	1970.31
5.975	1992.67
5.976	2007.84
5.977	2015.48
5.978	2015.4
5.979	2007.58
5.98	1992.13
5.981	1969.32
5.982	1939.54
5.983	1903.32
5.984	1861.3
5.985	1814.22
5.986	1762.9
5.987	1708.21
5.988	1651.08
5.989	1592.46
5.99	1533.31
5.991	1474.6
5.992	1417.26
5.993	1362.22
5.994	1310.34
5.995	1262.45
5.996	1219.3
5.997	1181.58
5.998	1149.89
5.999	1124.75
6	1106.58
6.001	1095.69
6.002	1092.26
6.003	1096.37
6.004	1107.96
6.005	1126.84
6.006	1152.67
6.007	1185
6.008	1223.23
6.009	1266.63
6.01	1314.37
6.011	1365.49
6.012	1418.98
6.013	1473.73
6.014	1528.61
6.015	1582.47
6.016	1634.17
6.017	1682.61
6.018	1726.77
6.019	1765.71
6.02	1798.61
6.021	1824.81
6.022	1843.77
6.023	1855.17
6.024	1858.83
6.025	1854.76
6.026	1843.14
6.027	1824.32
6.028	1798.81
6.029	1767.25
6.03	1730.37
6.031	1689.02
6.032	1644.09
6.033	1596.51
6.034	1547.23
6.035	1497.17
6.036	1447.22
6.037	1398.23
6.038	1350.94
6.039	1306.03
6.04	1264.09
6.041	1225.59
6.042	1190.9
6.043	1160.28
6.044	1133.91
6.045	1111.85
6.046	1094.08
6.047	1080.5
6.048	1070.93
6.049	1065.14
6.05	1062.82
6.051	1063.65
6.052	1067.26
6.053	1073.23
6.054	1081.16
6.055	1090.62
6.056	1101.19
6.057	1112.45
6.058	1123.99
6.059	1135.43
6.06	1146.43
6.061	1156.66
6.062	1165.86
6.063	1173.8
6.064	1180.31
6.065	1185.27
6.066	1188.62
6.067	1190.37
6.068	1190.58
6.069	1189.36
6.07	1186.88
6.071	1183.36
6.072	1179.04
6.073	1174.2
6.074	1169.15
6.075	1164.17
6.076	1159.59
6.077	1155.66
6.078	1152.65
6.079	1150.76
6.08	1150.16
6.081	1150.95
6.082	1153.16
6.083	1156.77
6.084	1161.68
6.085	1167.71
6.086	1174.63
6.087	1182.16
6.088	1189.95
6.089	1197.63
6.09	1204.79
6.091	1211
6.092	1215.85
6.093	1218.93
6.094	1219.85
6.095	1218.29
6.096	1213.95
6.097	1206.6
6.098	1196.08
6.099	1182.3
6.1	1165.27
6.101	1145.04
6.102	1121.77
6.103	1095.68
6.104	1067.06
6.105	1036.26
6.106	1003.68
6.107	969.78
6.108	935.035
6.109	899.947
6.11	865.03
6.111	830.794
6.112	797.735
6.113	766.326
6.114	737.005
6.115	710.165
6.116	686.146
6.117	665.23
6.118	647.631
6.119	633.494
6.12	622.891
6.121	615.819
6.122	612.201
6.123	611.889
6.124	614.665
6.125	620.252
6.126	628.314
6.127	638.471
6.128	650.304
6.129	663.369
6.13	677.207
6.131	691.359
6.132	705.373
6.133	718.822
6.134	731.314
6.135	742.501
6.136	752.091
6.137	759.856
6.138	765.638
6.139	769.352
6.14	770.992
6.141	770.626
6.142	768.398
6.143	764.524
6.144	759.28
6.145	753.001
6.146	746.067
6.147	738.897
6.148	731.931
6.149	725.627
6.15	720.441
6.151	716.824
6.152	715.206
6.153	715.989
6.154	719.537
6.155	726.17
6.156	736.158
6.157	749.716
6.158	766.998
6.159	788.099
6.16	813.048
6.161	841.81
6.162	874.287
6.163	910.315
6.164	949.666
6.165	992.054
6.166	1037.13
6.167	1084.49
6.168	1133.67
6.169	1184.17
6.17	1235.43
6.171	1286.86
6.172	1337.85
6.173	1387.74
6.174	1435.86
6.175	1481.56
6.176	1524.17
6.177	1563.05
6.178	1597.57
6.179	1627.17
6.18	1651.31
6.181	1669.53
6.182	1681.44
6.183	1686.75
6.184	1685.22
6.185	1676.73
6.186	1661.28
6.187	1638.93
6.188	1609.87
6.189	1574.37
6.19	1532.81
6.191	1485.63
6.192	1433.38
6.193	1376.63
6.194	1316.05
6.195	1252.31
6.196	1186.13
6.197	1118.22
6.198	1049.3
6.199	980.084
6.2	911.245
6.201	843.425
6.202	777.22
6.203	713.175
6.204	651.779
6.205	593.458
6.206	538.58
6.207	487.454
6.208	440.328
6.209	397.4
6.21	358.815
6.211	324.677
6.212	295.052
6.213	269.975
6.214	249.456
6.215	233.484
6.216	222.038
6.217	215.081
6.218	212.575
6.219	214.473
6.22	220.727
6.221	231.281
6.222	246.078
6.223	265.05
6.224	288.117
6.225	315.184
6.226	346.137
6.227	380.835
6.228	419.109
6.229	460.755
6.23	505.53
6.231	553.152
6.232	603.293
6.233	655.583
6.234	709.604
6.235	764.9
6.236	820.972
6.237	877.289
6.238	933.289
6.239	988.393
6.24	1042.01
6.241	1093.54
6.242	1142.41
6.243	1188.05
6.244	1229.94
6.245	1267.59
6.246	1300.58
6.247	1328.54
6.248	1351.19
6.249	1368.35
6.25	1379.9
6.251	1385.83
6.252	1386.22
6.253	1381.26
6.254	1371.22
6.255	1356.44
6.256	1337.37
6.257	1314.49
6.258	1288.36
6.259	1259.55
6.26	1228.68
6.261	1196.34
6.262	1163.14
6.263	1129.65
6.264	1096.39
6.265	1063.83
6.266	1032.38
6.267	1002.37
6.268	974.046
6.269	947.577
6.27	923.047
6.271	900.461
6.272	879.751
6.273	860.787
6.274	843.384
6.275	827.316
6.276	812.332
6.277	798.168
6.278	784.561
6.279	771.264
6.28	758.056
6.281	744.758
6.282	731.234
6.283	717.404
6.284	703.247
6.285	688.798
6.286	674.151
6.287	659.453
6.288	644.9
6.289	630.727
6.29	617.198
6.291	604.597
6.292	593.214
6.293	583.335
6.294	575.231
6.295	569.144
6.296	565.279
6.297	563.793
6.298	564.792
6.299	568.321
6.3	574.363
6.301	582.837
6.302	593.601
6.303	606.449
6.304	621.122
6.305	637.31
6.306	654.663
6.307	672.799
6.308	691.314
6.309	709.795
6.31	727.829
6.311	745.018
6.312	760.988
6.313	775.403
6.314	787.973
6.315	798.464
6.316	806.707
6.317	812.602
6.318	816.124
6.319	817.326
6.32	816.335
6.321	813.355
6.322	808.659
6.323	802.586
6.324	795.531
6.325	787.933
6.326	780.268
6.327	773.037
6.328	766.748
6.329	761.908
6.33	759.008
6.331	758.509
6.332	760.835
6.333	766.354
6.334	775.376
6.335	788.142
6.336	804.815
6.337	825.479
6.338	850.137
6.339	878.706
6.34	911.019
6.341	946.83
6.342	985.816
6.343	1027.59
6.344	1071.68
6.345	1117.6
6.346	1164.79
6.347	1212.67
6.348	1260.62
6.349	1308.05
6.35	1354.35
6.351	1398.93
6.352	1441.23
6.353	1480.76
6.354	1517.06
6.355	1549.73
6.356	1578.46
6.357	1603.01
6.358	1623.22
6.359	1639.01
6.36	1650.38
6.361	1657.42
6.362	1660.27
6.363	1659.13
6.364	1654.27
6.365	1645.98
6.366	1634.57
6.367	1620.38
6.368	1603.73
6.369	1584.95
6.37	1564.32
6.371	1542.11
6.372	1518.55
6.373	1493.83
6.374	1468.09
6.375	1441.43
6.376	1413.93
6.377	1385.61
6.378	1356.49
6.379	1326.56
6.38	1295.78
6.381	1264.15
6.382	1231.64
6.383	1198.24
6.384	1163.96
6.385	1128.85
6.386	1092.95
6.387	1056.36
6.388	1019.2
6.389	981.593
6.39	943.721
6.391	905.767
6.392	867.934
6.393	830.435
6.394	793.488
6.395	757.312
6.396	722.121
6.397	688.116
6.398	655.483
6.399	624.392
6.4	594.987
6.401	567.39
6.402	541.696
6.403	517.973
6.404	496.263
6.405	476.582
6.406	458.923
6.407	443.255
6.408	429.528
6.409	417.675
6.41	407.613
6.411	399.25
6.412	392.48
6.413	387.194
6.414	383.275
6.415	380.605
6.416	379.062
6.417	378.525
6.418	378.87
6.419	379.977
6.42	381.722
6.421	383.984
6.422	386.643
6.423	389.577
6.424	392.668
6.425	395.796
6.426	398.846
6.427	401.706
6.428	404.266
6.429	406.425
6.43	408.091
6.431	409.18
6.432	409.623
6.433	409.367
6.434	408.374
6.435	406.629
6.436	404.135
6.437	400.918
6.438	397.024
6.439	392.523
6.44	387.504
6.441	382.074
6.442	376.356
6.443	370.484
6.444	364.602
6.445	358.854
6.446	353.389
6.447	348.345
6.448	343.854
6.449	340.034
6.45	336.984
6.451	334.785
6.452	333.494
6.453	333.146
6.454	333.752
6.455	335.299
6.456	337.753
6.457	341.06
6.458	345.149
6.459	349.937
6.46	355.331
6.461	361.231
6.462	367.54
6.463	374.161
6.464	381.005
6.465	387.995
6.466	395.07
6.467	402.184
6.468	409.311
6.469	416.448
6.47	423.613
6.471	430.846
6.472	438.209
6.473	445.786
6.474	453.677
6.475	461.997
6.476	470.874
6.477	480.444
6.478	490.845
6.479	502.213
6.48	514.677
6.481	528.354
6.482	543.341
6.483	559.715
6.484	577.525
6.485	596.786
6.486	617.48
6.487	639.554
6.488	662.913
6.489	687.427
6.49	712.929
6.491	739.215
6.492	766.052
6.493	793.181
6.494	820.322
6.495	847.18
6.496	873.453
6.497	898.837
6.498	923.038
6.499	945.773
6.5	966.779
6.501	985.82
6.502	1002.69
6.503	1017.22
6.504	1029.26
6.505	1038.73
6.506	1045.56
6.507	1049.74
6.508	1051.26
6.509	1050.19
6.51	1046.6
6.511	1040.58
6.512	1032.26
6.513	1021.79
6.514	1009.31
6.515	995
6.516	979.03
6.517	961.584
6.518	942.847
6.519	923.008
6.52	902.262
6.521	880.804
6.522	858.832
6.523	836.549
6.524	814.162
6.525	791.88
6.526	769.918
6.527	748.493
6.528	727.827
6.529	708.14
6.53	689.653
6.531	672.58
6.532	657.131
6.533	643.501
6.534	631.871
6.535	622.399
6.536	615.219
6.537	610.437
6.538	608.12
6.539	608.301
6.54	610.97
6.541	616.076
6.542	623.523
6.543	633.17
6.544	644.837
6.545	658.303
6.546	673.314
6.547	689.584
6.548	706.805
6.549	724.655
6.55	742.801
6.551	760.913
6.552	778.67
6.553	795.766
6.554	811.919
6.555	826.88
6.556	840.436
6.557	852.413
6.558	862.681
6.559	871.155
6.56	877.792
6.561	882.594
6.562	885.598
6.563	886.88
6.564	886.54
6.565	884.706
6.566	881.518
6.567	877.13
6.568	871.697
6.569	865.377
6.57	858.318
6.571	850.657
6.572	842.522
6.573	834.022
6.574	825.25
6.575	816.284
6.576	807.186
6.577	798.005
6.578	788.778
6.579	779.531
6.58	770.286
6.581	761.059
6.582	751.865
6.583	742.719
6.584	733.636
6.585	724.635
6.586	715.736
6.587	706.963
6.588	698.34
6.589	689.892
6.59	681.647
6.591	673.63
6.592	665.865
6.593	658.375
6.594	651.182
6.595	644.305
6.596	637.766
6.597	631.589
6.598	625.804
6.599	620.448
6.6	615.568
6.601	611.227
6.602	607.504
6.603	604.5
6.604	602.334
6.605	601.148
6.606	601.108
6.607	602.398
6.608	605.219
6.609	609.786
6.61	616.32
6.611	625.044
6.612	636.173
6.613	649.905
6.614	666.415
6.615	685.845
6.616	708.295
6.617	733.818
6.618	762.409
6.619	794.005
6.62	828.481
6.621	865.644
6.622	905.241
6.623	946.953
6.624	990.409
6.625	1035.18
6.626	1080.81
6.627	1126.78
6.628	1172.58
6.629	1217.67
6.63	1261.5
6.631	1303.54
6.632	1343.28
6.633	1380.24
6.634	1413.96
6.635	1444.06
6.636	1470.19
6.637	1492.05
6.638	1509.42
6.639	1522.15
6.64	1530.13
6.641	1533.34
6.642	1531.79
6.643	1525.6
6.644	1514.89
6.645	1499.87
6.646	1480.77
6.647	1457.88
6.648	1431.49
6.649	1401.94
6.65	1369.57
6.651	1334.76
6.652	1297.85
6.653	1259.21
6.654	1219.19
6.655	1178.16
6.656	1136.42
6.657	1094.32
6.658	1052.14
6.659	1010.18
6.66	968.716
6.661	927.996
6.662	888.267
6.663	849.761
6.664	812.696
6.665	777.283
6.666	743.719
6.667	712.194
6.668	682.885
6.669	655.956
6.67	631.554
6.671	609.808
6.672	590.826
6.673	574.687
6.674	561.441
6.675	551.104
6.676	543.656
6.677	539.034
6.678	537.139
6.679	537.828
6.68	540.921
6.681	546.202
6.682	553.421
6.683	562.307
6.684	572.567
6.685	583.902
6.686	596.011
6.687	608.601
6.688	621.398
6.689	634.157
6.69	646.665
6.691	658.755
6.692	670.303
6.693	681.24
6.694	691.543
6.695	701.246
6.696	710.425
6.697	719.201
6.698	727.731
6.699	736.198
6.7	744.803
6.701	753.753
6.702	763.254
6.703	773.496
6.704	784.647
6.705	796.843
6.706	810.18
6.707	824.713
6.708	840.448
6.709	857.343
6.71	875.311
6.711	894.221
6.712	913.906
6.713	934.168
6.714	954.787
6.715	975.531
6.716	996.164
6.717	1016.46
6.718	1036.21
6.719	1055.22
6.72	1073.35
6.721	1090.48
6.722	1106.53
6.723	1121.47
6.724	1135.31
6.725	1148.1
6.726	1159.93
6.727	1170.91
6.728	1181.17
6.729	1190.86
6.73	1200.14
6.731	1209.14
6.732	1218
6.733	1226.84
6.734	1235.74
6.735	1244.75
6.736	1253.9
6.737	1263.16
6.738	1272.48
6.739	1281.78
6.74	1290.91
6.741	1299.75
6.742	1308.1
6.743	1315.79
6.744	1322.6
6.745	1328.33
6.746	1332.76
6.747	1335.71
6.748	1336.96
6.749	1336.35
6.75	1333.72
6.751	1328.92
6.752	1321.83
6.753	1312.37
6.754	1300.46
6.755	1286.05
6.756	1269.13
6.757	1249.7
6.758	1227.78
6.759	1203.44
6.76	1176.75
6.761	1147.81
6.762	1116.74
6.763	1083.71
6.764	1048.86
6.765	1012.39
6.766	974.5
6.767	935.405
6.768	895.332
6.769	854.519
6.77	813.205
6.771	771.633
6.772	730.044
6.773	688.671
6.774	647.742
6.775	607.47
6.776	568.056
6.777	529.686
6.778	492.525
6.779	456.722
6.78	422.407
6.781	389.689
6.782	358.662
6.783	329.399
6.784	301.959
6.785	276.388
6.786	252.717
6.787	230.97
6.788	211.161
6.789	193.3
6.79	177.394
6.791	163.447
6.792	151.466
6.793	141.461
6.794	133.447
6.795	127.442
6.796	123.474
6.797	121.577
6.798	121.794
6.799	124.174
6.8	128.775
6.801	135.658
6.802	144.89
6.803	156.538
6.804	170.67
6.805	187.347
6.806	206.624
6.807	228.544
6.808	253.132
6.809	280.394
6.81	310.311
6.811	342.837
6.812	377.89
6.813	415.357
6.814	455.085
6.815	496.882
6.816	540.518
6.817	585.723
6.818	632.19
6.819	679.578
6.82	727.518
6.821	775.613
6.822	823.45
6.823	870.603
6.824	916.641
6.825	961.138
6.826	1003.68
6.827	1043.87
6.828	1081.35
6.829	1115.77
6.83	1146.86
6.831	1174.37
6.832	1198.11
6.833	1217.95
6.834	1233.83
6.835	1245.72
6.836	1253.67
6.837	1257.81
6.838	1258.3
6.839	1255.34
6.84	1249.22
6.841	1240.23
6.842	1228.73
6.843	1215.06
6.844	1199.61
6.845	1182.76
6.846	1164.9
6.847	1146.39
6.848	1127.57
6.849	1108.75
6.85	1090.21
6.851	1072.17
6.852	1054.81
6.853	1038.25
6.854	1022.56
6.855	1007.76
6.856	993.815
6.857	980.646
6.858	968.129
6.859	956.109
6.86	944.407
6.861	932.825
6.862	921.157
6.863	909.202
6.864	896.768
6.865	883.68
6.866	869.794
6.867	854.996
6.868	839.209
6.869	822.402
6.87	804.582
6.871	785.804
6.872	766.163
6.873	745.796
6.874	724.873
6.875	703.599
6.876	682.2
6.877	660.922
6.878	640.019
6.879	619.751
6.88	600.369
6.881	582.112
6.882	565.198
6.883	549.817
6.884	536.126
6.885	524.245
6.886	514.25
6.887	506.171
6.888	499.995
6.889	495.662
6.89	493.067
6.891	492.062
6.892	492.465
6.893	494.059
6.894	496.601
6.895	499.828
6.896	503.467
6.897	507.239
6.898	510.867
6.899	514.087
6.9	516.652
6.901	518.339
6.902	518.955
6.903	518.341
6.904	516.378
6.905	512.986
6.906	508.127
6.907	501.804
6.908	494.062
6.909	484.981
6.91	474.679
6.911	463.303
6.912	451.028
6.913	438.049
6.914	424.577
6.915	410.835
6.916	397.051
6.917	383.452
6.918	370.265
6.919	357.706
6.92	345.979
6.921	335.277
6.922	325.771
6.923	317.618
6.924	310.952
6.925	305.885
6.926	302.511
6.927	300.898
6.928	301.094
6.929	303.128
6.93	307.004
6.931	312.708
6.932	320.207
6.933	329.449
6.934	340.363
6.935	352.863
6.936	366.848
6.937	382.201
6.938	398.795
6.939	416.491
6.94	435.144
6.941	454.6
6.942	474.704
6.943	495.3
6.944	516.234
6.945	537.358
6.946	558.531
6.947	579.627
6.948	600.532
6.949	621.15
6.95	641.402
6.951	661.233
6.952	680.608
6.953	699.515
6.954	717.965
6.955	735.99
6.956	753.641
6.957	770.988
6.958	788.116
6.959	805.122
6.96	822.107
6.961	839.181
6.962	856.447
6.963	874.006
6.964	891.947
6.965	910.342
6.966	929.243
6.967	948.68
6.968	968.651
6.969	989.125
6.97	1010.04
6.971	1031.29
6.972	1052.74
6.973	1074.21
6.974	1095.52
6.975	1116.41
6.976	1136.63
6.977	1155.89
6.978	1173.9
6.979	1190.35
6.98	1204.95
6.981	1217.4
6.982	1227.42
6.983	1234.79
6.984	1239.29
6.985	1240.77
6.986	1239.13
6.987	1234.32
6.988	1226.35
6.989	1215.33
6.99	1201.39
6.991	1184.75
6.992	1165.69
6.993	1144.53
6.994	1121.64
6.995	1097.44
6.996	1072.34
6.997	1046.79
6.998	1021.24
6.999	996.112
7	971.817
7.001	948.73
7.002	927.18
7.003	907.448
7.004	889.761
7.005	874.285
7.006	861.126
7.007	850.331
7.008	841.891
7.009	835.744
7.01	831.78
7.011	829.853
7.012	829.783
7.013	831.367
7.014	834.389
7.015	838.625
7.016	843.853
7.017	849.859
7.018	856.445
7.019	863.427
7.02	870.649
7.021	877.974
7.022	885.293
7.023	892.521
7.024	899.596
7.025	906.476
7.026	913.137
7.027	919.567
7.028	925.765
7.029	931.735
7.03	937.48
7.031	943.003
7.032	948.297
7.033	953.35
7.034	958.137
7.035	962.622
7.036	966.755
7.037	970.476
7.038	973.712
7.039	976.384
7.04	978.402
7.041	979.676
7.042	980.111
7.043	979.616
7.044	978.104
7.045	975.495
7.046	971.72
7.047	966.719
7.048	960.449
7.049	952.88
7.05	943.999
7.051	933.809
7.052	922.329
7.053	909.597
7.054	895.665
7.055	880.602
7.056	864.493
7.057	847.436
7.058	829.545
7.059	810.944
7.06	791.773
7.061	772.177
7.062	752.314
7.063	732.346
7.064	712.443
7.065	692.775
7.066	673.512
7.067	654.822
7.068	636.867
7.069	619.801
7.07	603.764
7.071	588.884
7.072	575.269
7.073	563.012
7.074	552.181
7.075	542.824
7.076	534.967
7.077	528.613
7.078	523.743
7.079	520.319
7.08	518.282
7.081	517.558
7.082	518.057
7.083	519.679
7.084	522.313
7.085	525.843
7.086	530.148
7.087	535.106
7.088	540.596
7.089	546.499
7.09	552.704
7.091	559.105
7.092	565.606
7.093	572.123
7.094	578.584
7.095	584.936
7.096	591.139
7.097	597.176
7.098	603.049
7.099	608.783
7.1	614.427
7.101	620.054
7.102	625.761
7.103	631.667
7.104	637.913
7.105	644.656
7.106	652.065
7.107	660.32
7.108	669.598
7.109	680.073
7.11	691.902
7.111	705.221
7.112	720.134
7.113	736.704
7.114	754.951
7.115	774.836
7.116	796.267
7.117	819.088
7.118	843.082
7.119	867.972
7.12	893.424
7.121	919.055
7.122	944.44
7.123	969.122
7.124	992.63
7.125	1014.49
7.126	1034.22
7.127	1051.4
7.128	1065.62
7.129	1076.53
7.13	1083.85
7.131	1087.37
7.132	1086.96
7.133	1082.6
7.134	1074.32
7.135	1062.28
7.136	1046.68
7.137	1027.84
7.138	1006.1
7.139	981.895
7.14	955.68
7.141	927.943
7.142	899.184
7.143	869.903
7.144	840.584
7.145	811.683
7.146	783.617
7.147	756.755
7.148	731.412
7.149	707.84
7.15	686.229
7.151	666.704
7.152	649.328
7.153	634.102
7.154	620.973
7.155	609.837
7.156	600.545
7.157	592.916
7.158	586.737
7.159	581.774
7.16	577.783
7.161	574.512
7.162	571.71
7.163	569.133
7.164	566.552
7.165	563.752
7.166	560.541
7.167	556.75
7.168	552.239
7.169	546.893
7.17	540.625
7.171	533.38
7.172	525.129
7.173	515.871
7.174	505.63
7.175	494.456
7.176	482.421
7.177	469.617
7.178	456.155
7.179	442.161
7.18	427.774
7.181	413.145
7.182	398.433
7.183	383.801
7.184	369.417
7.185	355.449
7.186	342.061
7.187	329.413
7.188	317.658
7.189	306.936
7.19	297.378
7.191	289.096
7.192	282.186
7.193	276.726
7.194	272.771
7.195	270.356
7.196	269.492
7.197	270.169
7.198	272.354
7.199	275.993
7.2	281.014
7.201	287.326
7.202	294.825
7.203	303.397
7.204	312.92
7.205	323.268
7.206	334.315
7.207	345.942
7.208	358.033
7.209	370.487
7.21	383.214
7.211	396.14
7.212	409.207
7.213	422.375
7.214	435.619
7.215	448.927
7.216	462.3
7.217	475.75
7.218	489.291
7.219	502.939
7.22	516.708
7.221	530.6
7.222	544.61
7.223	558.712
7.224	572.865
7.225	587.005
7.226	601.044
7.227	614.872
7.228	628.358
7.229	641.351
7.23	653.683
7.231	665.174
7.232	675.639
7.233	684.889
7.234	692.745
7.235	699.038
7.236	703.616
7.237	706.355
7.238	707.161
7.239	705.973
7.24	702.769
7.241	697.57
7.242	690.437
7.243	681.472
7.244	670.818
7.245	658.652
7.246	645.186
7.247	630.656
7.248	615.322
7.249	599.453
7.25	583.33
7.251	567.229
7.252	551.421
7.253	536.162
7.254	521.689
7.255	508.213
7.256	495.915
7.257	484.945
7.258	475.416
7.259	467.407
7.26	460.962
7.261	456.087
7.262	452.758
7.263	450.92
7.264	450.489
7.265	451.36
7.266	453.406
7.267	456.487
7.268	460.45
7.269	465.135
7.27	470.38
7.271	476.021
7.272	481.901
7.273	487.868
7.274	493.783
7.275	499.518
7.276	504.96
7.277	510.015
7.278	514.605
7.279	518.675
7.28	522.189
7.281	525.133
7.282	527.514
7.283	529.359
7.284	530.716
7.285	531.65
7.286	532.242
7.287	532.584
7.288	532.781
7.289	532.941
7.29	533.173
7.291	533.585
7.292	534.276
7.293	535.334
7.294	536.829
7.295	538.813
7.296	541.313
7.297	544.333
7.298	547.847
7.299	551.806
7.3	556.132
7.301	560.724
7.302	565.46
7.303	570.2
7.304	574.794
7.305	579.084
7.306	582.914
7.307	586.132
7.308	588.599
7.309	590.194
7.31	590.821
7.311	590.409
7.312	588.919
7.313	586.347
7.314	582.719
7.315	578.099
7.316	572.58
7.317	566.284
7.318	559.358
7.319	551.97
7.32	544.301
7.321	536.54
7.322	528.878
7.323	521.502
7.324	514.589
7.325	508.3
7.326	502.775
7.327	498.131
7.328	494.459
7.329	491.822
7.33	490.251
7.331	489.753
7.332	490.304
7.333	491.858
7.334	494.348
7.335	497.685
7.336	501.769
7.337	506.489
7.338	511.728
7.339	517.366
7.34	523.282
7.341	529.364
7.342	535.502
7.343	541.597
7.344	547.558
7.345	553.304
7.346	558.767
7.347	563.887
7.348	568.614
7.349	572.907
7.35	576.733
7.351	580.067
7.352	582.886
7.353	585.177
7.354	586.929
7.355	588.137
7.356	588.798
7.357	588.916
7.358	588.499
7.359	587.561
7.36	586.12
7.361	584.202
7.362	581.84
7.363	579.071
7.364	575.941
7.365	572.501
7.366	568.807
7.367	564.92
7.368	560.904
7.369	556.824
7.37	552.746
7.371	548.736
7.372	544.855
7.373	541.162
7.374	537.708
7.375	534.54
7.376	531.696
7.377	529.205
7.378	527.089
7.379	525.36
7.38	524.021
7.381	523.066
7.382	522.48
7.383	522.24
7.384	522.314
7.385	522.662
7.386	523.237
7.387	523.984
7.388	524.844
7.389	525.749
7.39	526.626
7.391	527.401
7.392	527.993
7.393	528.323
7.394	528.309
7.395	527.874
7.396	526.942
7.397	525.447
7.398	523.332
7.399	520.549
7.4	517.069
7.401	512.877
7.402	507.978
7.403	502.4
7.404	496.191
7.405	489.423
7.406	482.189
7.407	474.607
7.408	466.812
7.409	458.957
7.41	451.212
7.411	443.752
7.412	436.763
7.413	430.428
7.414	424.928
7.415	420.433
7.416	417.099
7.417	415.063
7.418	414.439
7.419	415.314
7.42	417.745
7.421	421.76
7.422	427.355
7.423	434.494
7.424	443.114
7.425	453.121
7.426	464.401
7.427	476.818
7.428	490.223
7.429	504.453
7.43	519.342
7.431	534.723
7.432	550.434
7.433	566.319
7.434	582.236
7.435	598.057
7.436	613.672
7.437	628.986
7.438	643.927
7.439	658.437
7.44	672.476
7.441	686.019
7.442	699.051
7.443	711.568
7.444	723.571
7.445	735.063
7.446	746.048
7.447	756.526
7.448	766.495
7.449	775.942
7.45	784.849
7.451	793.193
7.452	800.939
7.453	808.049
7.454	814.481
7.455	820.189
7.456	825.128
7.457	829.257
7.458	832.539
7.459	834.945
7.46	836.455
7.461	837.063
7.462	836.774
7.463	835.605
7.464	833.589
7.465	830.77
7.466	827.204
7.467	822.956
7.468	818.1
7.469	812.716
7.47	806.886
7.471	800.694
7.472	794.224
7.473	787.557
7.474	780.769
7.475	773.931
7.476	767.111
7.477	760.37
7.478	753.765
7.479	747.347
7.48	741.17
7.481	735.284
7.482	729.741
7.483	724.598
7.484	719.917
7.485	715.767
7.486	712.225
7.487	709.38
7.488	707.329
7.489	706.179
7.49	706.048
7.491	707.06
7.492	709.347
7.493	713.043
7.494	718.282
7.495	725.194
7.496	733.905
7.497	744.526
7.498	757.154
7.499	771.865
