0.5	0
0.501	0
0.502	0
0.503	0
0.504	0
0.505	0
0.506	0
0.507	0
0.508	0
0.509	0
0.51	0
0.511	0
0.512	0
0.513	0
0.514	0
0.515	0
0.516	0
0.517	0
0.518	0
0.519	0
0.52	0
0.521	0
0.522	0
0.523	0
0.524	0
0.525	0
0.526	0
0.527	0
0.528	0
0.529	0
0.53	0
0.531	0
0.532	0
0.533	0
0.534	0
0.535	0
0.536	0
0.537	0
0.538	0
0.539	0
0.54	0
0.541	0
0.542	0
0.543	0
0.544	0
0.545	0
0.546	5.38028e-319
0.547	9.21447e-316
0.548	1.52816e-312
0.549	2.44063e-309
0.55	3.75375e-306
0.551	5.55985e-303
0.552	7.93037e-300
0.553	1.08932e-296
0.554	1.44097e-293
0.555	1.83562e-290
0.556	2.25189e-287
0.557	2.66038e-284
0.558	3.02672e-281
0.559	3.31615e-278
0.56	3.49889e-275
0.561	3.55515e-272
0.562	3.47872e-269
0.563	3.27804e-266
0.564	2.9747e-263
0.565	2.59958e-260
0.566	2.18775e-257
0.567	1.77307e-254
0.568	1.38384e-251
0.569	1.04011e-248
0.57	7.52844e-246
0.571	5.24764e-243
0.572	3.52255e-240
0.573	2.2771e-237
0.574	1.41756e-234
0.575	8.49834e-232
0.576	4.90636e-229
0.577	2.72783e-226
0.578	1.46052e-223
0.579	7.53066e-221
0.58	3.7393e-218
0.581	1.78806e-215
0.582	8.23389e-213
0.583	3.65142e-210
0.584	1.55938e-207
0.585	6.4132e-205
0.586	2.53998e-202
0.587	9.68769e-200
0.588	3.5583e-197
0.589	1.25863e-194
0.59	4.28733e-192
0.591	1.4064e-189
0.592	4.44287e-187
0.593	1.35161e-184
0.594	3.95979e-182
0.595	1.11719e-179
0.596	3.03539e-177
0.597	7.94208e-175
0.598	2.00119e-172
0.599	4.85595e-170
0.6	1.13473e-167
0.601	2.55357e-165
0.602	5.53392e-163
0.603	1.15492e-160
0.604	2.32115e-158
0.605	4.49251e-156
0.606	8.37351e-154
0.607	1.503e-151
0.608	2.59803e-149
0.609	4.32475e-147
0.61	6.93285e-145
0.611	1.07028e-142
0.612	1.59116e-140
0.613	2.27805e-138
0.614	3.14084e-136
0.615	4.17025e-134
0.616	5.33227e-132
0.617	6.5659e-130
0.618	7.78592e-128
0.619	8.89117e-126
0.62	9.77779e-124
0.621	1.03551e-121
0.622	1.0561e-119
0.623	1.03725e-117
0.624	9.81068e-116
0.625	8.93607e-114
0.626	7.83839e-112
0.627	6.62126e-110
0.628	5.38626e-108
0.629	4.21956e-106
0.63	3.18332e-104
0.631	2.31274e-102
0.632	1.6181e-100
0.633	1.09023e-98
0.634	7.07396e-97
0.635	4.42019e-95
0.636	2.65982e-93
0.637	1.54134e-91
0.638	8.60152e-90
0.639	4.6226e-88
0.64	2.39238e-86
0.641	1.19236e-84
0.642	5.72292e-83
0.643	2.64521e-81
0.644	1.17744e-79
0.645	5.04715e-78
0.646	2.08348e-76
0.647	8.28257e-75
0.648	3.17084e-73
0.649	1.169e-71
0.65	4.15041e-70
0.651	1.41905e-68
0.652	4.6724e-67
0.653	1.48154e-65
0.654	4.524e-64
0.655	1.33034e-62
0.656	3.76735e-61
0.657	1.02741e-59
0.658	2.69826e-58
0.659	6.82427e-57
0.66	1.66212e-55
0.661	3.89854e-54
0.662	8.8059e-53
0.663	1.91549e-51
0.664	4.01253e-50
0.665	8.09449e-49
0.666	1.57251e-47
0.667	2.94193e-46
0.668	5.30033e-45
0.669	9.19618e-44
0.67	1.53654e-42
0.671	2.47238e-41
0.672	3.83105e-40
0.673	5.71682e-39
0.674	8.21532e-38
0.675	1.13691e-36
0.676	1.51518e-35
0.677	1.94461e-34
0.678	2.40344e-33
0.679	2.86068e-32
0.68	3.27897e-31
0.681	3.61942e-30
0.682	3.84745e-29
0.683	3.93859e-28
0.684	3.88277e-27
0.685	3.68617e-26
0.686	3.3701e-25
0.687	2.96717e-24
0.688	2.5158e-23
0.689	2.0542e-22
0.69	1.61525e-21
0.691	1.22313e-20
0.692	8.91947e-20
0.693	6.2638e-19
0.694	4.23613e-18
0.695	2.75889e-17
0.696	1.73034e-16
0.697	1.04511e-15
0.698	6.07894e-15
0.699	3.40506e-14
0.7	1.83677e-13
0.701	9.54155e-13
0.702	4.77327e-12
0.703	2.29956e-11
0.704	1.06686e-10
0.705	4.76655e-10
0.706	2.05085e-09
0.707	8.49758e-09
0.708	3.39071e-08
0.709	1.30292e-07
0.71	4.82148e-07
0.711	1.71821e-06
0.712	5.89662e-06
0.713	1.94878e-05
0.714	6.20237e-05
0.715	0.000190101
0.716	0.000561106
0.717	0.00159492
0.718	0.00436581
0.719	0.0115086
0.72	0.0292157
0.721	0.0714236
0.722	0.168152
0.723	0.381235
0.724	0.832372
0.725	1.75015
0.726	3.54378
0.727	6.91021
0.728	12.9762
0.729	23.466
0.73	40.8661
0.731	68.5361
0.732	110.69
0.733	172.16
0.734	257.863
0.735	371.944
0.736	516.654
0.737	691.123
0.738	890.315
0.739	1104.5
0.74	1319.53
0.741	1518.13
0.742	1682.01
0.743	1794.66
0.744	1844.04
0.745	1824.69
0.746	1738.78
0.747	1595.62
0.748	1410.1
0.749	1200.06
0.75	983.531
0.751	776.26
0.752	590.009
0.753	431.861
0.754	304.412
0.755	206.64
0.756	135.082
0.757	85.0385
0.758	51.5545
0.759	30.0989
0.76	16.9226
0.761	9.16256
0.762	4.77749
0.763	2.39892
0.764	1.16002
0.765	0.540191
0.766	0.24225
0.767	0.104619
0.768	0.0435104
0.769	0.0174264
0.77	0.00672135
0.771	0.00249653
0.772	0.000893
0.773	0.000307609
0.774	0.000102042
0.775	3.25981e-05
0.776	1.00286e-05
0.777	2.97111e-06
0.778	8.47679e-07
0.779	2.32904e-07
0.78	6.16249e-08
0.781	1.57025e-08
0.782	3.85313e-09
0.783	9.10525e-10
0.784	2.07207e-10
0.785	4.54096e-11
0.786	9.58353e-12
0.787	1.94776e-12
0.788	3.81224e-13
0.789	7.1855e-14
0.79	1.30427e-14
0.791	2.27987e-15
0.792	3.83784e-16
0.793	6.22151e-17
0.794	9.71267e-18
0.795	1.46021e-18
0.796	2.11409e-19
0.797	2.94757e-20
0.798	3.95767e-21
0.799	5.11738e-22
0.8	6.37219e-23
0.801	7.64123e-24
0.802	8.8241e-25
0.803	9.8132e-26
0.804	1.05096e-26
0.805	1.0839e-27
0.806	1.07654e-28
0.807	1.02968e-29
0.808	9.4844e-31
0.809	8.41296e-32
0.81	7.18656e-33
0.811	5.91189e-34
0.812	4.68344e-35
0.813	3.57303e-36
0.814	2.62507e-37
0.815	1.85729e-38
0.816	1.26546e-39
0.817	8.30335e-41
0.818	5.24675e-42
0.819	3.19272e-43
0.82	1.87096e-44
0.821	1.05585e-45
0.822	5.73812e-47
0.823	3.00312e-48
0.824	1.51359e-49
0.825	7.34644e-51
0.826	3.43383e-52
0.827	1.54566e-53
0.828	6.70011e-55
0.829	2.79694e-56
0.83	1.12439e-57
0.831	4.35297e-59
0.832	1.62288e-60
0.833	5.82666e-62
0.834	2.01459e-63
0.835	6.70789e-65
0.836	2.15089e-66
0.837	6.64179e-68
0.838	1.97508e-69
0.839	5.6561e-71
0.84	1.55985e-72
0.841	4.14267e-74
0.842	1.05953e-75
0.843	2.60962e-77
0.844	6.18978e-79
0.845	1.41386e-80
0.846	3.11007e-82
0.847	6.58821e-84
0.848	1.34399e-85
0.849	2.64035e-87
0.85	4.99525e-89
0.851	9.10096e-91
0.852	1.5968e-92
0.853	2.69802e-94
0.854	4.39015e-96
0.855	6.97921e-98
0.856	2.24104e-98
0.857	4.47574e-97
0.858	9.18605e-96
0.859	1.84793e-94
0.86	3.64354e-93
0.861	7.04107e-92
0.862	1.33363e-90
0.863	2.47576e-89
0.864	4.50465e-88
0.865	8.03328e-87
0.866	1.40412e-85
0.867	2.40544e-84
0.868	4.03891e-83
0.869	6.6468e-82
0.87	1.07211e-80
0.871	1.69491e-79
0.872	2.62623e-78
0.873	3.98839e-77
0.874	5.93666e-76
0.875	8.66094e-75
0.876	1.23842e-73
0.877	1.7356e-72
0.878	2.38402e-71
0.879	3.20958e-70
0.88	4.23514e-69
0.881	5.47728e-68
0.882	6.94291e-67
0.883	8.62577e-66
0.884	1.05035e-64
0.885	1.25356e-63
0.886	1.46636e-62
0.887	1.68117e-61
0.888	1.88914e-60
0.889	2.08063e-59
0.89	2.24597e-58
0.891	2.37625e-57
0.892	2.46411e-56
0.893	2.50442e-55
0.894	2.49478e-54
0.895	2.43578e-53
0.896	2.33089e-52
0.897	2.18618e-51
0.898	2.00968e-50
0.899	1.81071e-49
0.9	1.59901e-48
0.901	1.38398e-47
0.902	1.17405e-46
0.903	9.76172e-46
0.904	7.95505e-45
0.905	6.35388e-44
0.906	4.9741e-43
0.907	3.81653e-42
0.908	2.87013e-41
0.909	2.11551e-40
0.91	1.52829e-39
0.911	1.08212e-38
0.912	7.50976e-38
0.913	5.10805e-37
0.914	3.40536e-36
0.915	2.2251e-35
0.916	1.425e-34
0.917	8.9446e-34
0.918	5.50282e-33
0.919	3.31809e-32
0.92	1.96097e-31
0.921	1.13588e-30
0.922	6.44872e-30
0.923	3.58834e-29
0.924	1.95701e-28
0.925	1.04609e-27
0.926	5.48059e-27
0.927	2.81425e-26
0.928	1.41638e-25
0.929	6.98671e-25
0.93	3.37789e-24
0.931	1.60066e-23
0.932	7.43413e-23
0.933	3.38408e-22
0.934	1.50984e-21
0.935	6.60237e-21
0.936	2.82975e-20
0.937	1.18871e-19
0.938	4.89419e-19
0.939	1.975e-18
0.94	7.81143e-18
0.941	3.02813e-17
0.942	1.15053e-16
0.943	4.28448e-16
0.944	1.56379e-15
0.945	5.59421e-15
0.946	1.96145e-14
0.947	6.74056e-14
0.948	2.27035e-13
0.949	7.49496e-13
0.95	2.42507e-12
0.951	7.69059e-12
0.952	2.39041e-11
0.953	7.28225e-11
0.954	2.17439e-10
0.955	6.36338e-10
0.956	1.82523e-09
0.957	5.1313e-09
0.958	1.41389e-08
0.959	3.81841e-08
0.96	1.01072e-07
0.961	2.62213e-07
0.962	6.66743e-07
0.963	1.66166e-06
0.964	4.05887e-06
0.965	9.71733e-06
0.966	2.28017e-05
0.967	5.24406e-05
0.968	0.000118208
0.969	0.000261159
0.97	0.000565513
0.971	0.00120021
0.972	0.00249663
0.973	0.00509013
0.974	0.0101714
0.975	0.0199212
0.976	0.0382408
0.977	0.0719479
0.978	0.132675
0.979	0.239793
0.98	0.424781
0.981	0.737518
0.982	1.25504
0.983	2.09327
0.984	3.42192
0.985	5.48268
0.986	8.60985
0.987	13.2519
0.988	19.9912
0.989	29.5583
0.99	42.8349
0.991	60.841
0.992	84.6982
0.993	115.566
0.994	154.549
0.995	202.573
0.996	260.242
0.997	327.681
0.998	404.395
0.999	489.148
1	579.904
1.001	673.835
1.002	767.423
1.003	856.649
1.004	937.262
1.005	1005.12
1.006	1056.52
1.007	1088.58
1.008	1099.48
1.009	1088.68
1.01	1056.95
1.011	1006.33
1.012	939.95
1.013	861.724
1.014	776.027
1.015	687.331
1.016	599.861
1.017	517.311
1.018	442.638
1.019	377.944
1.02	324.438
1.021	282.477
1.022	251.667
1.023	230.998
1.024	218.999
1.025	213.902
1.026	213.797
1.027	216.766
1.028	221.013
1.029	224.955
1.03	227.297
1.031	227.078
1.032	223.697
1.033	216.9
1.034	206.759
1.035	193.619
1.036	178.031
1.037	160.687
1.038	142.335
1.039	123.721
1.04	105.521
1.041	88.3035
1.042	72.5015
1.043	58.4034
1.044	46.1579
1.045	35.7907
1.046	27.2275
1.047	20.322
1.048	14.8818
1.049	10.6935
1.05	7.54174
1.051	5.22431
1.052	3.56188
1.053	2.40363
1.054	1.62984
1.055	1.15271
1.056	0.916697
1.057	0.899817
1.058	1.11695
1.059	1.62651
1.06	2.54147
1.061	4.04574
1.062	6.41673
1.063	10.0543
1.064	15.516
1.065	23.5573
1.066	35.174
1.067	51.6429
1.068	74.5538
1.069	105.826
1.07	147.7
1.071	202.687
1.072	273.485
1.073	362.828
1.074	473.292
1.075	607.041
1.076	765.54
1.077	949.243
1.078	1157.31
1.079	1387.33
1.08	1635.2
1.081	1895.06
1.082	2159.41
1.083	2419.4
1.084	2665.27
1.085	2886.92
1.086	3074.6
1.087	3219.61
1.088	3314.97
1.089	3355.95
1.09	3340.5
1.091	3269.4
1.092	3146.2
1.093	2976.9
1.094	2769.5
1.095	2533.38
1.096	2278.56
1.097	2015.02
1.098	1752.11
1.099	1497.96
1.1	1259.22
1.101	1040.79
1.102	845.838
1.103	675.881
1.104	531.023
1.105	410.22
1.106	311.589
1.107	232.706
1.108	170.88
1.109	123.378
1.11	87.588
1.111	61.138
1.112	41.9603
1.113	28.3157
1.114	18.7878
1.115	12.257
1.116	7.86237
1.117	4.95888
1.118	3.0752
1.119	1.8751
1.12	1.12418
1.121	0.662686
1.122	0.384097
1.123	0.218894
1.124	0.122655
1.125	0.0675773
1.126	0.0366079
1.127	0.0194989
1.128	0.0102119
1.129	0.00525849
1.13	0.00266243
1.131	0.00132542
1.132	0.000648772
1.133	0.000312241
1.134	0.000147757
1.135	6.87494e-05
1.136	3.14525e-05
1.137	1.4149e-05
1.138	6.26019e-06
1.139	2.72748e-06
1.14	1.17734e-06
1.141	5.18816e-07
1.142	2.64925e-07
1.143	2.12999e-07
1.144	3.01911e-07
1.145	5.58692e-07
1.146	1.09678e-06
1.147	2.15575e-06
1.148	4.19105e-06
1.149	8.0399e-06
1.15	1.52119e-05
1.151	2.83845e-05
1.152	5.22319e-05
1.153	9.47868e-05
1.154	0.000169635
1.155	0.000299392
1.156	0.000521098
1.157	0.00089445
1.158	0.00151408
1.159	0.00252753
1.16	0.00416103
1.161	0.00675556
1.162	0.0108163
1.163	0.0170785
1.164	0.0265937
1.165	0.040838
1.166	0.0618451
1.167	0.0923639
1.168	0.136036
1.169	0.19759
1.17	0.283028
1.171	0.399807
1.172	0.556965
1.173	0.765176
1.174	1.03669
1.175	1.38515
1.176	1.82515
1.177	2.37168
1.178	3.03927
1.179	3.84096
1.18	4.78702
1.181	5.88366
1.182	7.13158
1.183	8.52471
1.184	10.0492
1.185	11.6825
1.186	13.3936
1.187	15.1432
1.188	16.8846
1.189	18.5662
1.19	20.133
1.191	21.5304
1.192	22.7065
1.193	23.616
1.194	24.2224
1.195	24.501
1.196	24.4403
1.197	24.0429
1.198	23.325
1.199	22.3158
1.2	21.0553
1.201	19.5913
1.202	17.9773
1.203	16.2682
1.204	14.5181
1.205	12.7773
1.206	11.0898
1.207	9.49211
1.208	8.01233
1.209	6.66978
1.21	5.47545
1.211	4.43286
1.212	3.53919
1.213	2.78664
1.214	2.16378
1.215	1.65692
1.216	1.25126
1.217	0.931853
1.218	0.684391
1.219	0.495698
1.22	0.354067
1.221	0.249408
1.222	0.173258
1.223	0.118694
1.224	0.0801905
1.225	0.0534284
1.226	0.0351057
1.227	0.0227478
1.228	0.0145364
1.229	0.00916074
1.23	0.00569325
1.231	0.00348936
1.232	0.00210906
1.233	0.00125715
1.234	0.000738993
1.235	0.000428401
1.236	0.000244916
1.237	0.000138083
1.238	7.67745e-05
1.239	4.2097e-05
1.24	2.27637e-05
1.241	1.21392e-05
1.242	6.38398e-06
1.243	3.31093e-06
1.244	1.69343e-06
1.245	8.54169e-07
1.246	4.24914e-07
1.247	2.08511e-07
1.248	1.01033e-07
1.249	4.85751e-08
1.25	2.37051e-08
1.251	1.29146e-08
1.252	1.01719e-08
1.253	1.39635e-08
1.254	2.65861e-08
1.255	5.54279e-08
1.256	1.16891e-07
1.257	2.44819e-07
1.258	5.07278e-07
1.259	1.03906e-06
1.26	2.10356e-06
1.261	4.20898e-06
1.262	8.32348e-06
1.263	1.62681e-05
1.264	3.14249e-05
1.265	5.99949e-05
1.266	0.000113203
1.267	0.00021111
1.268	0.0003891
1.269	0.000708793
1.27	0.00127609
1.271	0.00227064
1.272	0.00399317
1.273	0.00694053
1.274	0.0119226
1.275	0.0202421
1.276	0.0339658
1.277	0.0563292
1.278	0.0923272
1.279	0.149565
1.28	0.239461
1.281	0.378916
1.282	0.592592
1.283	0.915952
1.284	1.39925
1.285	2.11261
1.286	3.15246
1.287	4.64926
1.288	6.77676
1.289	9.76258
1.29	13.8999
1.291	19.5597
1.292	27.2031
1.293	37.3919
1.294	50.7974
1.295	68.2039
1.296	90.5069
1.297	118.702
1.298	153.865
1.299	197.117
1.3	249.582
1.301	312.325
1.302	386.282
1.303	472.179
1.304	570.444
1.305	681.119
1.306	803.781
1.307	937.469
1.308	1080.64
1.309	1231.14
1.31	1386.24
1.311	1542.68
1.312	1696.74
1.313	1844.42
1.314	1981.57
1.315	2104.08
1.316	2208.1
1.317	2290.24
1.318	2347.72
1.319	2378.57
1.32	2381.72
1.321	2357.05
1.322	2305.42
1.323	2228.63
1.324	2129.26
1.325	2010.59
1.326	1876.39
1.327	1730.72
1.328	1577.74
1.329	1421.5
1.33	1265.8
1.331	1114
1.332	968.971
1.333	832.991
1.334	707.74
1.335	594.308
1.336	493.235
1.337	404.576
1.338	327.982
1.339	262.788
1.34	208.096
1.341	162.865
1.342	125.978
1.343	96.309
1.344	72.7684
1.345	54.3404
1.346	40.1058
1.347	29.2547
1.348	21.0906
1.349	15.0275
1.35	10.5825
1.351	7.36536
1.352	5.06645
1.353	3.44444
1.354	2.31439
1.355	1.53696
1.356	1.00877
1.357	0.654389
1.358	0.419571
1.359	0.265917
1.36	0.166639
1.361	0.103337
1.362	0.0635621
1.363	0.0390394
1.364	0.0243856
1.365	0.0162155
1.366	0.0125431
1.367	0.0124049
1.368	0.0156623
1.369	0.0229515
1.37	0.0357716
1.371	0.056716
1.372	0.0898701
1.373	0.14141
1.374	0.220461
1.375	0.340276
1.376	0.519836
1.377	0.785955
1.378	1.17601
1.379	1.74143
1.38	2.55198
1.381	3.70105
1.382	5.31192
1.383	7.54494
1.384	10.6057
1.385	14.7537
1.386	20.3115
1.387	27.6736
1.388	37.314
1.389	49.7921
1.39	65.7558
1.391	85.94
1.392	111.159
1.393	142.294
1.394	180.27
1.395	226.027
1.396	280.478
1.397	344.467
1.398	418.707
1.399	503.728
1.4	599.81
1.401	706.926
1.402	824.688
1.403	952.309
1.404	1088.57
1.405	1231.82
1.406	1380
1.407	1530.68
1.408	1681.13
1.409	1828.43
1.41	1969.57
1.411	2101.59
1.412	2221.73
1.413	2327.54
1.414	2417.04
1.415	2488.78
1.416	2541.96
1.417	2576.47
1.418	2592.84
1.419	2592.28
1.42	2576.52
1.421	2547.79
1.422	2508.6
1.423	2461.67
1.424	2409.71
1.425	2355.29
1.426	2300.72
1.427	2247.9
1.428	2198.27
1.429	2152.73
1.43	2111.64
1.431	2074.85
1.432	2041.72
1.433	2011.22
1.434	1982.03
1.435	1952.63
1.436	1921.44
1.437	1886.91
1.438	1847.65
1.439	1802.48
1.44	1750.53
1.441	1691.27
1.442	1624.54
1.443	1550.53
1.444	1469.82
1.445	1383.25
1.446	1291.94
1.447	1197.21
1.448	1100.47
1.449	1003.22
1.45	906.937
1.451	813.026
1.452	722.782
1.453	637.346
1.454	557.686
1.455	484.587
1.456	418.652
1.457	360.317
1.458	309.874
1.459	267.495
1.46	233.27
1.461	207.233
1.462	189.397
1.463	179.776
1.464	178.406
1.465	185.356
1.466	200.73
1.467	224.658
1.468	257.281
1.469	298.724
1.47	349.062
1.471	408.282
1.472	476.241
1.473	552.622
1.474	636.899
1.475	728.3
1.476	825.785
1.477	928.037
1.478	1033.46
1.479	1140.22
1.48	1246.24
1.481	1349.31
1.482	1447.09
1.483	1537.27
1.484	1617.57
1.485	1685.92
1.486	1740.45
1.487	1779.68
1.488	1802.5
1.489	1808.26
1.49	1796.79
1.491	1768.42
1.492	1723.96
1.493	1664.63
1.494	1592.07
1.495	1508.19
1.496	1415.15
1.497	1315.23
1.498	1210.74
1.499	1103.96
1.5	997.022
1.501	891.887
1.502	790.255
1.503	693.549
1.504	602.894
1.505	519.109
1.506	442.723
1.507	373.995
1.508	312.941
1.509	259.378
1.51	212.958
1.511	173.209
1.512	139.576
1.513	111.454
1.514	88.2203
1.515	69.2583
1.516	53.9793
1.517	41.8365
1.518	32.3348
1.519	25.0367
1.52	19.564
1.521	15.5971
1.522	12.8714
1.523	11.1732
1.524	10.3336
1.525	10.2223
1.526	10.7416
1.527	11.8198
1.528	13.4052
1.529	15.4606
1.53	17.9578
1.531	20.8732
1.532	24.1836
1.533	27.8629
1.534	31.8786
1.535	36.1903
1.536	40.7477
1.537	45.4901
1.538	50.3463
1.539	55.2353
1.54	60.0682
1.541	64.7497
1.542	69.1815
1.543	73.2652
1.544	76.9056
1.545	80.015
1.546	82.5158
1.547	84.3446
1.548	85.4542
1.549	85.8163
1.55	85.4226
1.551	84.2855
1.552	82.4382
1.553	79.9333
1.554	76.8419
1.555	73.2513
1.556	69.2635
1.557	64.9933
1.558	60.5669
1.559	56.122
1.56	51.809
1.561	47.7937
1.562	44.263
1.563	41.4327
1.564	39.5589
1.565	38.9534
1.566	40.0027
1.567	43.1918
1.568	49.1328
1.569	58.5984
1.57	72.56
1.571	92.2304
1.572	119.109
1.573	155.032
1.574	202.216
1.575	263.308
1.576	341.423
1.577	440.174
1.578	563.686
1.579	716.592
1.58	904.006
1.581	1131.45
1.582	1404.79
1.583	1730.05
1.584	2113.27
1.585	2560.3
1.586	3076.5
1.587	3666.46
1.588	4333.71
1.589	5080.34
1.59	5906.7
1.591	6811.09
1.592	7789.44
1.593	8835.15
1.594	9938.93
1.595	11088.8
1.596	12270
1.597	13465.6
1.598	14656.2
1.599	15821.1
1.6	16938.3
1.601	17985.4
1.602	18940.4
1.603	19782.2
1.604	20491.8
1.605	21052.4
1.606	21450.7
1.607	21677
1.608	21725.7
1.609	21595.7
1.61	21290.1
1.611	20816.5
1.612	20186.1
1.613	19414.1
1.614	18518.2
1.615	17518.6
1.616	16436.8
1.617	15295.1
1.618	14115.8
1.619	12920.4
1.62	11729.2
1.621	10560.2
1.622	9429.7
1.623	8351.04
1.624	7335.01
1.625	6389.67
1.626	5520.45
1.627	4730.29
1.628	4019.94
1.629	3388.2
1.63	2832.28
1.631	2348.13
1.632	1930.75
1.633	1574.54
1.634	1273.54
1.635	1021.69
1.636	813.072
1.637	642.052
1.638	503.453
1.639	392.689
1.64	305.894
1.641	240.068
1.642	193.234
1.643	164.628
1.644	154.899
1.645	166.313
1.646	202.909
1.647	270.561
1.648	376.866
1.649	530.802
1.65	742.102
1.651	1020.33
1.652	1373.69
1.653	1807.74
1.654	2323.98
1.655	2918.73
1.656	3582.29
1.657	4298.51
1.658	5045.01
1.659	5793.93
1.66	6513.19
1.661	7168.33
1.662	7724.76
1.663	8150.27
1.664	8417.77
1.665	8507.96
1.666	8411.53
1.667	8130.75
1.668	7679.8
1.669	7084.04
1.67	6377.74
1.671	5600.89
1.672	4795.27
1.673	4000.47
1.674	3250.48
1.675	2571.22
1.676	1979.35
1.677	1482.36
1.678	1079.72
1.679	764.685
1.68	526.474
1.681	352.302
1.682	229.103
1.683	144.766
1.684	88.8734
1.685	53.0041
1.686	30.7075
1.687	17.2802
1.688	9.4449
1.689	5.01386
1.69	2.58497
1.691	1.29429
1.692	0.629353
1.693	0.297187
1.694	0.13628
1.695	0.0606866
1.696	0.0262427
1.697	0.0110198
1.698	0.00449349
1.699	0.00177925
1.7	0.000684117
1.701	0.000255424
1.702	9.26038e-05
1.703	3.2601e-05
1.704	1.11447e-05
1.705	3.69944e-06
1.706	1.19244e-06
1.707	3.73221e-07
1.708	1.1343e-07
1.709	3.34749e-08
1.71	9.59271e-09
1.711	2.66927e-09
1.712	7.21226e-10
1.713	1.89226e-10
1.714	4.82078e-11
1.715	1.19257e-11
1.716	2.86483e-12
1.717	6.68762e-13
1.718	1.53755e-13
1.719	4.3325e-14
1.72	4.78244e-14
1.721	1.62427e-13
1.722	6.20512e-13
1.723	2.32974e-12
1.724	8.53025e-12
1.725	3.04464e-11
1.726	1.05931e-10
1.727	3.59267e-10
1.728	1.18774e-09
1.729	3.8277e-09
1.73	1.20244e-08
1.731	3.68215e-08
1.732	1.09913e-07
1.733	3.1982e-07
1.734	9.07136e-07
1.735	2.50813e-06
1.736	6.75987e-06
1.737	1.77597e-05
1.738	4.54826e-05
1.739	0.000113544
1.74	0.000276308
1.741	0.000655439
1.742	0.00151559
1.743	0.00341619
1.744	0.00750606
1.745	0.0160765
1.746	0.0335647
1.747	0.06831
1.748	0.135518
1.749	0.26207
1.75	0.494026
1.751	0.907803
1.752	1.62609
1.753	2.83927
1.754	4.83259
1.755	8.01795
1.756	12.9675
1.757	20.4438
1.758	31.4178
1.759	47.0652
1.76	68.7281
1.761	97.8317
1.762	135.748
1.763	183.612
1.764	242.09
1.765	311.145
1.766	389.815
1.767	476.064
1.768	566.739
1.769	657.673
1.77	743.957
1.771	820.343
1.772	881.767
1.773	923.894
1.774	943.628
1.775	939.485
1.776	911.778
1.777	862.579
1.778	795.461
1.779	715.071
1.78	626.599
1.781	535.23
1.782	445.657
1.783	361.72
1.784	286.19
1.785	220.722
1.786	165.939
1.787	121.608
1.788	86.8727
1.789	60.4945
1.79	41.0638
1.791	27.1715
1.792	17.5258
1.793	11.0192
1.794	6.7536
1.795	4.03488
1.796	2.34982
1.797	1.33398
1.798	0.738203
1.799	0.39821
1.8	0.209392
1.801	0.10733
1.802	0.0536301
1.803	0.026127
1.804	0.0124185
1.805	0.0057781
1.806	0.00267267
1.807	0.00131341
1.808	0.000845281
1.809	0.000916774
1.81	0.00147241
1.811	0.00267775
1.812	0.00493
1.813	0.00893391
1.814	0.0158378
1.815	0.0274315
1.816	0.0464074
1.817	0.0766803
1.818	0.123747
1.819	0.195047
1.82	0.300259
1.821	0.451447
1.822	0.662934
1.823	0.950795
1.824	1.33185
1.825	1.82213
1.826	2.43475
1.827	3.17747
1.828	4.05008
1.829	5.04194
1.83	6.13034
1.831	7.27989
1.832	8.44341
1.833	9.56454
1.834	10.5819
1.835	11.4345
1.836	12.0676
1.837	12.4388
1.838	12.5225
1.839	12.3127
1.84	11.8242
1.841	11.0902
1.842	10.1593
1.843	9.08949
1.844	7.9427
1.845	6.77876
1.846	5.65047
1.847	4.60016
1.848	3.65775
1.849	2.84058
1.85	2.15454
1.851	1.59608
1.852	1.1548
1.853	0.816042
1.854	0.563212
1.855	0.379652
1.856	0.249952
1.857	0.160732
1.858	0.100969
1.859	0.0619945
1.86	0.0372883
1.861	0.0221625
1.862	0.0134454
1.863	0.00923053
1.864	0.00876711
1.865	0.012575
1.866	0.0229143
1.867	0.044813
1.868	0.0879802
1.869	0.170109
1.87	0.322305
1.871	0.597661
1.872	1.08431
1.873	1.92456
1.874	3.34177
1.875	5.6766
1.876	9.43335
1.877	15.3359
1.878	24.3903
1.879	37.9483
1.88	57.7607
1.881	86.0079
1.882	125.288
1.883	178.545
1.884	248.914
1.885	339.483
1.886	452.952
1.887	591.224
1.888	754.949
1.889	943.081
1.89	1152.51
1.891	1377.87
1.892	1611.52
1.893	1843.87
1.894	2063.9
1.895	2260.03
1.896	2421.06
1.897	2537.24
1.898	2601.26
1.899	2608.99
1.9	2559.91
1.901	2457.22
1.902	2307.43
1.903	2119.73
1.904	1905
1.905	1674.86
1.906	1440.54
1.907	1212.1
1.908	997.738
1.909	803.454
1.91	632.953
1.911	487.806
1.912	367.78
1.913	271.266
1.914	195.735
1.915	138.168
1.916	95.4137
1.917	64.4585
1.918	42.6006
1.919	27.5434
1.92	17.4214
1.921	10.7799
1.922	6.5255
1.923	3.86436
1.924	2.23876
1.925	1.26883
1.926	0.703498
1.927	0.381583
1.928	0.20248
1.929	0.105109
1.93	0.053378
1.931	0.0265187
1.932	0.0128886
1.933	0.00612811
1.934	0.00285044
1.935	0.00129707
1.936	0.000577406
1.937	0.000251457
1.938	0.000107131
1.939	4.46506e-05
1.94	1.82057e-05
1.941	7.26195e-06
1.942	2.83377e-06
1.943	1.08179e-06
1.944	4.04003e-07
1.945	1.47602e-07
1.946	5.27554e-08
1.947	1.84462e-08
1.948	6.30982e-09
1.949	2.1117e-09
1.95	6.91959e-10
1.951	2.23551e-10
1.952	7.57003e-11
1.953	3.93629e-11
1.954	5.70483e-11
1.955	1.4096e-10
1.956	3.74931e-10
1.957	9.8844e-10
1.958	2.55839e-09
1.959	6.49472e-09
1.96	1.6169e-08
1.961	3.94758e-08
1.962	9.45161e-08
1.963	2.21926e-07
1.964	5.11025e-07
1.965	1.154e-06
1.966	2.55569e-06
1.967	5.5507e-06
1.968	1.18231e-05
1.969	2.4698e-05
1.97	5.05996e-05
1.971	0.00010167
1.972	0.000200361
1.973	0.000387268
1.974	0.000734188
1.975	0.00136526
1.976	0.0024903
1.977	0.00445601
1.978	0.00782213
1.979	0.0134718
1.98	0.022766
1.981	0.0377545
1.982	0.0614513
1.983	0.0981871
1.984	0.15404
1.985	0.237349
1.986	0.359297
1.987	0.534566
1.988	0.78205
1.989	1.12563
1.99	1.59503
1.991	2.22682
1.992	3.06569
1.993	4.16611
1.994	5.59457
1.995	7.43269
1.996	9.7813
1.997	12.7655
1.998	16.5406
1.999	21.2985
2	27.2736
2.001	34.7468
2.002	44.0456
2.003	55.5395
2.004	69.6268
2.005	86.713
2.006	107.178
2.007	131.336
2.008	159.381
2.009	191.339
2.01	227.01
2.011	265.927
2.012	307.325
2.013	350.135
2.014	393.012
2.015	434.384
2.016	472.539
2.017	505.739
2.018	532.345
2.019	550.95
2.02	560.499
2.021	560.387
2.022	550.517
2.023	531.315
2.024	503.702
2.025	469.013
2.026	428.893
2.027	385.164
2.028	339.693
2.029	294.258
2.03	250.453
2.031	209.612
2.032	172.773
2.033	140.684
2.034	113.833
2.035	92.5114
2.036	76.8899
2.037	67.102
2.038	63.3265
2.039	65.8607
2.04	75.1761
2.041	91.9534
2.042	117.091
2.043	151.686
2.044	196.979
2.045	254.271
2.046	324.809
2.047	409.635
2.048	509.425
2.049	624.306
2.05	753.684
2.051	896.095
2.052	1049.09
2.053	1209.22
2.054	1372.02
2.055	1532.22
2.056	1683.92
2.057	1820.98
2.058	1937.35
2.059	2027.54
2.06	2087.04
2.061	2112.68
2.062	2102.93
2.063	2058.02
2.064	1979.98
2.065	1872.45
2.066	1740.43
2.067	1589.86
2.068	1427.18
2.069	1258.88
2.07	1091.05
2.071	929.05
2.072	777.23
2.073	638.82
2.074	515.887
2.075	409.42
2.076	319.471
2.077	245.36
2.078	185.891
2.079	139.571
2.08	104.805
2.081	80.0589
2.082	63.9801
2.083	55.4785
2.084	53.7645
2.085	58.3532
2.086	69.0358
2.087	85.8255
2.088	108.882
2.089	138.421
2.09	174.613
2.091	217.482
2.092	266.809
2.093	322.053
2.094	382.297
2.095	446.23
2.096	512.172
2.097	578.141
2.098	641.967
2.099	701.433
2.1	754.446
2.101	799.203
2.102	834.344
2.103	859.066
2.104	873.195
2.105	877.184
2.106	872.067
2.107	859.349
2.108	840.86
2.109	818.594
2.11	794.542
2.111	770.551
2.112	748.216
2.113	728.811
2.114	713.262
2.115	702.16
2.116	695.789
2.117	694.166
2.118	697.083
2.119	704.132
2.12	714.718
2.121	728.059
2.122	743.184
2.123	758.937
2.124	773.991
2.125	786.897
2.126	796.147
2.127	800.276
2.128	797.965
2.129	788.162
2.13	770.181
2.131	743.781
2.132	709.206
2.133	667.181
2.134	618.866
2.135	565.772
2.136	509.646
2.137	452.347
2.138	395.724
2.139	341.503
2.14	291.205
2.141	246.089
2.142	207.131
2.143	175.028
2.144	150.222
2.145	132.939
2.146	123.231
2.147	121.013
2.148	126.086
2.149	138.155
2.15	156.831
2.151	181.619
2.152	211.915
2.153	246.994
2.154	286.017
2.155	328.057
2.156	372.137
2.157	417.298
2.158	462.674
2.159	507.588
2.16	551.63
2.161	594.739
2.162	637.244
2.163	679.872
2.164	723.719
2.165	770.164
2.166	820.756
2.167	877.063
2.168	940.516
2.169	1012.25
2.17	1092.97
2.171	1182.86
2.172	1281.54
2.173	1388.06
2.174	1500.95
2.175	1618.32
2.176	1737.94
2.177	1857.37
2.178	1974.04
2.179	2085.36
2.18	2188.77
2.181	2281.75
2.182	2361.92
2.183	2427.03
2.184	2475.04
2.185	2504.17
2.186	2513.04
2.187	2500.74
2.188	2466.94
2.189	2412.05
2.19	2337.19
2.191	2244.27
2.192	2135.88
2.193	2015.17
2.194	1885.67
2.195	1751.07
2.196	1614.96
2.197	1480.61
2.198	1350.8
2.199	1227.65
2.2	1112.6
2.201	1006.38
2.202	909.116
2.203	820.448
2.204	739.67
2.205	665.899
2.206	598.232
2.207	535.862
2.208	478.173
2.209	424.787
2.21	375.58
2.211	330.663
2.212	290.346
2.213	255.088
2.214	225.445
2.215	202.017
2.216	185.409
2.217	176.189
2.218	174.86
2.219	181.831
2.22	197.389
2.221	221.662
2.222	254.589
2.223	295.877
2.224	344.963
2.225	400.978
2.226	462.725
2.227	528.673
2.228	596.972
2.229	665.498
2.23	731.931
2.231	793.847
2.232	848.848
2.233	894.69
2.234	929.425
2.235	951.52
2.236	959.968
2.237	954.352
2.238	934.879
2.239	902.36
2.24	858.156
2.241	804.082
2.242	742.279
2.243	675.077
2.244	604.846
2.245	533.861
2.246	464.185
2.247	397.578
2.248	335.436
2.249	278.77
2.25	228.205
2.251	184.016
2.252	146.172
2.253	114.398
2.254	88.2445
2.255	67.1501
2.256	50.5034
2.257	37.6954
2.258	28.1623
2.259	21.4202
2.26	17.0898
2.261	14.916
2.262	14.7812
2.263	16.7153
2.264	20.9031
2.265	27.688
2.266	37.5726
2.267	51.2134
2.268	69.4077
2.269	93.0706
2.27	123.198
2.271	160.813
2.272	206.902
2.273	262.329
2.274	327.746
2.275	403.488
2.276	489.488
2.277	585.186
2.278	689.483
2.279	800.717
2.28	916.697
2.281	1034.78
2.282	1152.03
2.283	1265.35
2.284	1371.78
2.285	1468.69
2.286	1554.02
2.287	1626.54
2.288	1685.95
2.289	1733
2.29	1769.47
2.291	1798.06
2.292	1822.2
2.293	1845.7
2.294	1872.49
2.295	1906.14
2.296	1949.57
2.297	2004.65
2.298	2072.01
2.299	2150.85
2.3	2238.96
2.301	2332.79
2.302	2427.72
2.303	2518.41
2.304	2599.13
2.305	2664.29
2.306	2708.82
2.307	2728.58
2.308	2720.62
2.309	2683.42
2.31	2616.95
2.311	2522.62
2.312	2403.13
2.313	2262.24
2.314	2104.45
2.315	1934.72
2.316	1758.12
2.317	1579.51
2.318	1403.39
2.319	1233.63
2.32	1073.41
2.321	925.177
2.322	790.654
2.323	670.884
2.324	566.327
2.325	476.964
2.326	402.398
2.327	341.951
2.328	294.75
2.329	259.791
2.33	235.986
2.331	222.194
2.332	217.233
2.333	219.885
2.334	228.903
2.335	243.002
2.336	260.872
2.337	281.184
2.338	302.613
2.339	323.863
2.34	343.714
2.341	361.054
2.342	374.932
2.343	384.598
2.344	389.537
2.345	389.502
2.346	384.52
2.347	374.895
2.348	361.192
2.349	344.205
2.35	324.915
2.351	304.441
2.352	283.984
2.353	264.772
2.354	248
2.355	234.785
2.356	226.113
2.357	222.806
2.358	225.48
2.359	234.523
2.36	250.074
2.361	272.002
2.362	299.909
2.363	333.123
2.364	370.715
2.365	411.525
2.366	454.197
2.367	497.233
2.368	539.055
2.369	578.079
2.37	612.794
2.371	641.843
2.372	664.096
2.373	678.713
2.374	685.19
2.375	683.385
2.376	673.513
2.377	656.131
2.378	632.082
2.379	602.441
2.38	568.431
2.381	531.348
2.382	492.48
2.383	453.033
2.384	414.081
2.385	376.526
2.386	341.079
2.387	308.267
2.388	278.452
2.389	251.877
2.39	228.711
2.391	209.116
2.392	193.311
2.393	181.639
2.394	174.632
2.395	173.073
2.396	178.044
2.397	190.964
2.398	213.617
2.399	248.152
2.4	297.062
2.401	363.137
2.402	449.373
2.403	558.851
2.404	694.575
2.405	859.259
2.406	1055.1
2.407	1283.52
2.408	1544.89
2.409	1838.27
2.41	2161.26
2.411	2509.74
2.412	2877.93
2.413	3258.37
2.414	3642.11
2.415	4019.01
2.416	4378.19
2.417	4708.51
2.418	4999.17
2.419	5240.31
2.42	5423.6
2.421	5542.74
2.422	5593.89
2.423	5575.87
2.424	5490.29
2.425	5341.41
2.426	5135.93
2.427	4882.54
2.428	4591.46
2.429	4273.81
2.43	3941.1
2.431	3604.58
2.432	3274.81
2.433	2961.19
2.434	2671.67
2.435	2412.55
2.436	2188.33
2.437	2001.77
2.438	1853.86
2.439	1744.03
2.44	1670.26
2.441	1629.29
2.442	1616.84
2.443	1627.87
2.444	1656.76
2.445	1697.62
2.446	1744.53
2.447	1791.75
2.448	1834.02
2.449	1866.73
2.45	1886.15
2.451	1889.56
2.452	1875.36
2.453	1843.15
2.454	1793.68
2.455	1728.82
2.456	1651.41
2.457	1565.14
2.458	1474.29
2.459	1383.56
2.46	1297.81
2.461	1221.85
2.462	1160.19
2.463	1116.87
2.464	1095.23
2.465	1097.83
2.466	1126.27
2.467	1181.11
2.468	1261.82
2.469	1366.75
2.47	1493.15
2.471	1637.23
2.472	1794.27
2.473	1958.78
2.474	2124.7
2.475	2285.64
2.476	2435.19
2.477	2567.21
2.478	2676.09
2.479	2757.09
2.48	2806.56
2.481	2822.11
2.482	2802.77
2.483	2748.96
2.484	2662.47
2.485	2546.35
2.486	2404.66
2.487	2242.24
2.488	2064.41
2.489	1876.68
2.49	1684.47
2.491	1492.83
2.492	1306.28
2.493	1128.58
2.494	962.728
2.495	810.863
2.496	674.318
2.497	553.676
2.498	448.873
2.499	359.312
2.5	283.994
2.501	221.646
2.502	170.83
2.503	130.05
2.504	97.8343
2.505	72.7949
2.506	53.674
2.507	39.3709
2.508	28.9557
2.509	21.673
2.51	16.9377
2.511	14.3265
2.512	13.5678
2.513	14.5302
2.514	17.2117
2.515	21.73
2.516	28.3127
2.517	37.2868
2.518	49.0675
2.519	64.1431
2.52	83.0565
2.521	106.381
2.522	134.69
2.523	168.519
2.524	208.326
2.525	254.441
2.526	307.02
2.527	365.997
2.528	431.038
2.529	501.514
2.53	576.475
2.531	654.654
2.532	734.481
2.533	814.13
2.534	891.579
2.535	964.697
2.536	1031.34
2.537	1089.48
2.538	1137.29
2.539	1173.28
2.54	1196.37
2.541	1206
2.542	1202.13
2.543	1185.31
2.544	1156.62
2.545	1117.61
2.546	1070.29
2.547	1016.95
2.548	960.081
2.549	902.231
2.55	845.882
2.551	793.321
2.552	746.534
2.553	707.114
2.554	676.198
2.555	654.426
2.556	641.926
2.557	638.332
2.558	642.818
2.559	654.16
2.56	670.816
2.561	691.012
2.562	712.846
2.563	734.39
2.564	753.794
2.565	769.375
2.566	779.704
2.567	783.672
2.568	780.532
2.569	769.929
2.57	751.9
2.571	726.856
2.572	695.543
2.573	658.99
2.574	618.441
2.575	575.285
2.576	530.985
2.577	487.002
2.578	444.737
2.579	405.479
2.58	370.365
2.581	340.359
2.582	316.232
2.583	298.571
2.584	287.782
2.585	284.112
2.586	287.663
2.587	298.418
2.588	316.259
2.589	340.978
2.59	372.292
2.591	409.841
2.592	453.185
2.593	501.796
2.594	555.047
2.595	612.199
2.596	672.387
2.597	734.624
2.598	797.796
2.599	860.686
2.6	921.997
2.601	980.402
2.602	1034.59
2.603	1083.37
2.604	1125.68
2.605	1160.75
2.606	1188.15
2.607	1207.86
2.608	1220.37
2.609	1226.73
2.61	1228.57
2.611	1228.15
2.612	1228.33
2.613	1232.55
2.614	1244.78
2.615	1269.42
2.616	1311.18
2.617	1375
2.618	1465.78
2.619	1588.29
2.62	1746.88
2.621	1945.29
2.622	2186.38
2.623	2471.88
2.624	2802.19
2.625	3176.13
2.626	3590.8
2.627	4041.48
2.628	4521.61
2.629	5022.87
2.63	5535.39
2.631	6048.01
2.632	6548.69
2.633	7025.04
2.634	7464.77
2.635	7856.37
2.636	8189.59
2.637	8456.03
2.638	8649.5
2.639	8766.37
2.64	8805.69
2.641	8769.22
2.642	8661.24
2.643	8488.22
2.644	8258.43
2.645	7981.35
2.646	7667.14
2.647	7326.04
2.648	6967.88
2.649	6601.59
2.65	6234.87
2.651	5873.96
2.652	5523.56
2.653	5186.82
2.654	4865.49
2.655	4560.14
2.656	4270.37
2.657	3995.12
2.658	3732.96
2.659	3482.3
2.66	3241.63
2.661	3009.67
2.662	2785.44
2.663	2568.37
2.664	2358.22
2.665	2155.11
2.666	1959.42
2.667	1771.71
2.668	1592.66
2.669	1422.96
2.67	1263.27
2.671	1114.14
2.672	975.977
2.673	849.028
2.674	733.361
2.675	628.87
2.676	535.289
2.677	452.206
2.678	379.087
2.679	315.306
2.68	260.164
2.681	212.92
2.682	172.81
2.683	139.071
2.684	110.955
2.685	87.747
2.686	68.7735
2.687	53.413
2.688	41.1003
2.689	31.3295
2.69	23.6545
2.691	17.6879
2.692	13.0979
2.693	9.6045
2.694	6.97473
2.695	5.01767
2.696	3.5792
2.697	2.53701
2.698	1.79593
2.699	1.28381
2.7	0.948048
2.701	0.752835
2.702	0.677249
2.703	0.714177
2.704	0.870162
2.705	1.1662
2.706	1.63956
2.707	2.34655
2.708	3.36647
2.709	4.80648
2.71	6.80746
2.711	9.55079
2.712	13.2657
2.713	18.2366
2.714	24.8111
2.715	33.4056
2.716	44.5111
2.717	58.695
2.718	76.6006
2.719	98.9412
2.72	126.49
2.721	160.062
2.722	200.495
2.723	248.615
2.724	305.207
2.725	370.974
2.726	446.493
2.727	532.178
2.728	628.238
2.729	734.644
2.73	851.103
2.731	977.043
2.732	1111.62
2.733	1253.7
2.734	1401.94
2.735	1554.77
2.736	1710.47
2.737	1867.22
2.738	2023.15
2.739	2176.39
2.74	2325.12
2.741	2467.63
2.742	2602.28
2.743	2727.57
2.744	2842.12
2.745	2944.64
2.746	3033.94
2.747	3108.92
2.748	3168.53
2.749	3211.79
2.75	3237.79
2.751	3245.75
2.752	3235.01
2.753	3205.13
2.754	3155.91
2.755	3087.46
2.756	3000.26
2.757	2895.16
2.758	2773.45
2.759	2636.82
2.76	2487.34
2.761	2327.41
2.762	2159.66
2.763	1986.91
2.764	1812.03
2.765	1637.84
2.766	1467.03
2.767	1302.03
2.768	1145
2.769	997.721
2.77	861.603
2.771	737.656
2.772	626.518
2.773	528.481
2.774	443.541
2.775	371.451
2.776	311.787
2.777	264.002
2.778	227.484
2.779	201.605
2.78	185.758
2.781	179.379
2.782	181.965
2.783	193.069
2.784	212.291
2.785	239.257
2.786	273.591
2.787	314.88
2.788	362.642
2.789	416.294
2.79	475.121
2.791	538.262
2.792	604.699
2.793	673.257
2.794	742.625
2.795	811.387
2.796	878.06
2.797	941.152
2.798	999.222
2.799	1050.95
2.8	1095.18
2.801	1131.03
2.802	1157.88
2.803	1175.46
2.804	1183.86
2.805	1183.51
2.806	1175.22
2.807	1160.07
2.808	1139.42
2.809	1114.85
2.81	1088.02
2.811	1060.66
2.812	1034.46
2.813	1010.99
2.814	991.625
2.815	977.512
2.816	969.497
2.817	968.114
2.818	973.571
2.819	985.756
2.82	1004.26
2.821	1028.41
2.822	1057.35
2.823	1090.03
2.824	1125.38
2.825	1162.26
2.826	1199.63
2.827	1236.55
2.828	1272.29
2.829	1306.31
2.83	1338.35
2.831	1368.43
2.832	1396.81
2.833	1424.03
2.834	1450.82
2.835	1478.05
2.836	1506.7
2.837	1537.72
2.838	1572
2.839	1610.27
2.84	1653.02
2.841	1700.46
2.842	1752.48
2.843	1808.62
2.844	1868.11
2.845	1929.87
2.846	1992.61
2.847	2054.9
2.848	2115.28
2.849	2172.36
2.85	2224.95
2.851	2272.2
2.852	2313.65
2.853	2349.33
2.854	2379.86
2.855	2406.4
2.856	2430.7
2.857	2455.04
2.858	2482.13
2.859	2515.02
2.86	2556.95
2.861	2611.18
2.862	2680.8
2.863	2768.57
2.864	2876.72
2.865	3006.76
2.866	3159.34
2.867	3334.12
2.868	3529.69
2.869	3743.52
2.87	3972.01
2.871	4210.5
2.872	4453.47
2.873	4694.64
2.874	4927.27
2.875	5144.39
2.876	5339.09
2.877	5504.8
2.878	5635.65
2.879	5726.68
2.88	5774.07
2.881	5775.39
2.882	5729.65
2.883	5637.35
2.884	5500.5
2.885	5322.49
2.886	5107.94
2.887	4862.47
2.888	4592.45
2.889	4304.72
2.89	4006.31
2.891	3704.12
2.892	3404.7
2.893	3113.99
2.894	2837.14
2.895	2578.38
2.896	2340.95
2.897	2127.04
2.898	1937.84
2.899	1773.58
2.9	1633.66
2.901	1516.74
2.902	1420.92
2.903	1343.88
2.904	1283.02
2.905	1235.64
2.906	1199.09
2.907	1170.81
2.908	1148.54
2.909	1130.3
2.91	1114.46
2.911	1099.81
2.912	1085.48
2.913	1070.99
2.914	1056.16
2.915	1041.07
2.916	1026
2.917	1011.37
2.918	997.629
2.919	985.242
2.92	974.592
2.921	965.943
2.922	959.406
2.923	954.915
2.924	952.219
2.925	950.892
2.926	950.355
2.927	949.909
2.928	948.779
2.929	946.162
2.93	941.281
2.931	933.434
2.932	922.045
2.933	906.707
2.934	887.212
2.935	863.577
2.936	836.056
2.937	805.143
2.938	771.561
2.939	736.246
2.94	700.323
2.941	665.073
2.942	631.901
2.943	602.301
2.944	577.821
2.945	560.032
2.946	550.496
2.947	550.74
2.948	562.236
2.949	586.376
2.95	624.458
2.951	677.668
2.952	747.06
2.953	833.54
2.954	937.846
2.955	1060.52
2.956	1201.88
2.957	1362
2.958	1540.64
2.959	1737.26
2.96	1950.93
2.961	2180.32
2.962	2423.67
2.963	2678.73
2.964	2942.78
2.965	3212.64
2.966	3484.64
2.967	3754.69
2.968	4018.36
2.969	4270.93
2.97	4507.54
2.971	4723.3
2.972	4913.45
2.973	5073.54
2.974	5199.57
2.975	5288.15
2.976	5336.69
2.977	5343.47
2.978	5307.78
2.979	5229.93
2.98	5111.29
2.981	4954.25
2.982	4762.15
2.983	4539.11
2.984	4289.96
2.985	4019.99
2.986	3734.8
2.987	3440.07
2.988	3141.4
2.989	2844.12
2.99	2553.12
2.991	2272.78
2.992	2006.84
2.993	1758.37
2.994	1529.73
2.995	1322.66
2.996	1138.23
2.997	976.978
2.998	838.962
2.999	723.847
3	630.998
3.001	559.561
3.002	508.539
3.003	476.849
3.004	463.373
3.005	466.985
3.006	486.571
3.007	521.032
3.008	569.279
3.009	630.221
3.01	702.749
3.011	785.722
3.012	877.955
3.013	978.21
3.014	1085.2
3.015	1197.58
3.016	1314
3.017	1433.08
3.018	1553.46
3.019	1673.84
3.02	1792.98
3.021	1909.72
3.022	2023.04
3.023	2132.01
3.024	2235.85
3.025	2333.86
3.026	2425.45
3.027	2510.08
3.028	2587.26
3.029	2656.51
3.03	2717.31
3.031	2769.14
3.032	2811.4
3.033	2843.46
3.034	2864.66
3.035	2874.33
3.036	2871.86
3.037	2856.69
3.038	2828.42
3.039	2786.83
3.04	2731.95
3.041	2664.07
3.042	2583.81
3.043	2492.13
3.044	2390.29
3.045	2279.89
3.046	2162.79
3.047	2041.08
3.048	1917.03
3.049	1793
3.05	1671.36
3.051	1554.44
3.052	1444.42
3.053	1343.27
3.054	1252.7
3.055	1174.1
3.056	1108.48
3.057	1056.47
3.058	1018.31
3.059	993.811
3.06	982.428
3.061	983.248
3.062	995.048
3.063	1016.34
3.064	1045.45
3.065	1080.54
3.066	1119.76
3.067	1161.23
3.068	1203.2
3.069	1244.03
3.07	1282.34
3.071	1316.99
3.072	1347.17
3.073	1372.38
3.074	1392.47
3.075	1407.61
3.076	1418.26
3.077	1425.13
3.078	1429.14
3.079	1431.34
3.08	1432.82
3.081	1434.67
3.082	1437.89
3.083	1443.34
3.084	1451.68
3.085	1463.32
3.086	1478.45
3.087	1496.99
3.088	1518.63
3.089	1542.86
3.09	1569.01
3.091	1596.35
3.092	1624.07
3.093	1651.45
3.094	1677.82
3.095	1702.69
3.096	1725.73
3.097	1746.85
3.098	1766.15
3.099	1783.94
3.1	1800.69
3.101	1817.03
3.102	1833.6
3.103	1851.1
3.104	1870.12
3.105	1891.11
3.106	1914.36
3.107	1939.89
3.108	1967.43
3.109	1996.45
3.11	2026.12
3.111	2055.34
3.112	2082.83
3.113	2107.11
3.114	2126.66
3.115	2139.93
3.116	2145.47
3.117	2141.97
3.118	2128.35
3.119	2103.84
3.12	2067.97
3.121	2020.63
3.122	1962.1
3.123	1892.97
3.124	1814.16
3.125	1726.88
3.126	1632.54
3.127	1532.71
3.128	1429.05
3.129	1323.24
3.13	1216.91
3.131	1111.61
3.132	1008.73
3.133	909.477
3.134	814.871
3.135	725.704
3.136	642.555
3.137	565.791
3.138	495.59
3.139	431.957
3.14	374.753
3.141	323.722
3.142	278.52
3.143	238.738
3.144	203.933
3.145	173.642
3.146	147.407
3.147	124.782
3.148	105.35
3.149	88.7233
3.15	74.5554
3.151	62.5384
3.152	52.4059
3.153	43.9322
3.154	36.9327
3.155	31.2624
3.156	26.8168
3.157	23.532
3.158	21.3861
3.159	20.4025
3.16	20.6527
3.161	22.2613
3.162	25.4109
3.163	30.3484
3.164	37.3903
3.165	46.929
3.166	59.4372
3.167	75.4715
3.168	95.6741
3.169	120.771
3.17	151.568
3.171	188.943
3.172	233.831
3.173	287.211
3.174	350.084
3.175	423.447
3.176	508.266
3.177	605.452
3.178	715.826
3.179	840.095
3.18	978.828
3.181	1132.44
3.182	1301.19
3.183	1485.15
3.184	1684.26
3.185	1898.29
3.186	2126.94
3.187	2369.79
3.188	2626.41
3.189	2896.34
3.19	3179.15
3.191	3474.49
3.192	3782.04
3.193	4101.55
3.194	4432.79
3.195	4775.5
3.196	5129.35
3.197	5493.81
3.198	5868.05
3.199	6250.87
3.2	6640.55
3.201	7034.76
3.202	7430.51
3.203	7824.08
3.204	8211.02
3.205	8586.23
3.206	8943.98
3.207	9278.13
3.208	9582.25
3.209	9849.9
3.21	10074.9
3.211	10251.4
3.212	10374.5
3.213	10440.2
3.214	10445.8
3.215	10389.9
3.216	10272.5
3.217	10095.3
3.218	9861.45
3.219	9575.44
3.22	9243
3.221	8870.89
3.222	8466.58
3.223	8038.03
3.224	7593.33
3.225	7140.45
3.226	6686.96
3.227	6239.78
3.228	5805.01
3.229	5387.78
3.23	4992.17
3.231	4621.18
3.232	4276.77
3.233	3959.9
3.234	3670.64
3.235	3408.32
3.236	3171.66
3.237	2958.94
3.238	2768.15
3.239	2597.11
3.24	2443.66
3.241	2305.71
3.242	2181.36
3.243	2068.99
3.244	1967.23
3.245	1875.05
3.246	1791.73
3.247	1716.84
3.248	1650.25
3.249	1592.01
3.25	1542.42
3.251	1501.86
3.252	1470.84
3.253	1449.88
3.254	1439.51
3.255	1440.19
3.256	1452.3
3.257	1476.1
3.258	1511.71
3.259	1559.05
3.26	1617.91
3.261	1687.84
3.262	1768.24
3.263	1858.3
3.264	1957.01
3.265	2063.22
3.266	2175.59
3.267	2292.64
3.268	2412.76
3.269	2534.23
3.27	2655.25
3.271	2773.95
3.272	2888.42
3.273	2996.76
3.274	3097.11
3.275	3187.66
3.276	3266.72
3.277	3332.75
3.278	3384.38
3.279	3420.48
3.28	3440.18
3.281	3442.92
3.282	3428.44
3.283	3396.82
3.284	3348.52
3.285	3284.29
3.286	3205.26
3.287	3112.83
3.288	3008.67
3.289	2894.67
3.29	2772.88
3.291	2645.44
3.292	2514.54
3.293	2382.3
3.294	2250.8
3.295	2121.93
3.296	1997.43
3.297	1878.77
3.298	1767.2
3.299	1663.7
3.3	1569
3.301	1483.55
3.302	1407.59
3.303	1341.16
3.304	1284.09
3.305	1236.1
3.306	1196.77
3.307	1165.6
3.308	1142.04
3.309	1125.49
3.31	1115.33
3.311	1110.93
3.312	1111.68
3.313	1116.94
3.314	1126.11
3.315	1138.57
3.316	1153.72
3.317	1170.96
3.318	1189.72
3.319	1209.42
3.32	1229.51
3.321	1249.46
3.322	1268.8
3.323	1287.08
3.324	1303.93
3.325	1319.07
3.326	1332.3
3.327	1343.52
3.328	1352.76
3.329	1360.17
3.33	1366.03
3.331	1370.75
3.332	1374.87
3.333	1379.02
3.334	1383.96
3.335	1390.5
3.336	1399.5
3.337	1411.84
3.338	1428.37
3.339	1449.87
3.34	1477.02
3.341	1510.34
3.342	1550.17
3.343	1596.63
3.344	1649.59
3.345	1708.62
3.346	1773.06
3.347	1841.92
3.348	1913.97
3.349	1987.74
3.35	2061.53
3.351	2133.51
3.352	2201.74
3.353	2264.23
3.354	2319.04
3.355	2364.33
3.356	2398.43
3.357	2419.9
3.358	2427.61
3.359	2420.76
3.36	2398.91
3.361	2362.01
3.362	2310.42
3.363	2244.87
3.364	2166.42
3.365	2076.46
3.366	1976.63
3.367	1868.77
3.368	1754.85
3.369	1636.9
3.37	1516.93
3.371	1396.91
3.372	1278.67
3.373	1163.88
3.374	1053.98
3.375	950.188
3.376	853.483
3.377	764.576
3.378	683.939
3.379	611.813
3.38	548.231
3.381	493.05
3.382	445.982
3.383	406.626
3.384	374.509
3.385	349.114
3.386	329.913
3.387	316.394
3.388	308.088
3.389	304.581
3.39	305.535
3.391	310.688
3.392	319.866
3.393	332.976
3.394	350.002
3.395	370.995
3.396	396.059
3.397	425.336
3.398	458.984
3.399	497.162
3.4	539.998
3.401	587.579
3.402	639.917
3.403	696.938
3.404	758.457
3.405	824.167
3.406	893.625
3.407	966.251
3.408	1041.33
3.409	1118
3.41	1195.3
3.411	1272.17
3.412	1347.48
3.413	1420.05
3.414	1488.74
3.415	1552.43
3.416	1610.09
3.417	1660.83
3.418	1703.95
3.419	1738.92
3.42	1765.47
3.421	1783.57
3.422	1793.46
3.423	1795.63
3.424	1790.83
3.425	1779.99
3.426	1764.25
3.427	1744.87
3.428	1723.2
3.429	1700.61
3.43	1678.43
3.431	1657.9
3.432	1640.11
3.433	1625.97
3.434	1616.15
3.435	1611.04
3.436	1610.78
3.437	1615.23
3.438	1623.98
3.439	1636.36
3.44	1651.53
3.441	1668.45
3.442	1685.99
3.443	1702.97
3.444	1718.22
3.445	1730.61
3.446	1739.18
3.447	1743.09
3.448	1741.75
3.449	1734.81
3.45	1722.15
3.451	1703.96
3.452	1680.67
3.453	1652.96
3.454	1621.73
3.455	1588.06
3.456	1553.17
3.457	1518.36
3.458	1484.97
3.459	1454.32
3.46	1427.69
3.461	1406.22
3.462	1390.91
3.463	1382.57
3.464	1381.81
3.465	1389
3.466	1404.28
3.467	1427.56
3.468	1458.49
3.469	1496.52
3.47	1540.89
3.471	1590.64
3.472	1644.7
3.473	1701.82
3.474	1760.68
3.475	1819.9
3.476	1878.07
3.477	1933.77
3.478	1985.63
3.479	2032.35
3.48	2072.73
3.481	2105.69
3.482	2130.32
3.483	2145.88
3.484	2151.86
3.485	2147.93
3.486	2134.01
3.487	2110.25
3.488	2077.03
3.489	2034.96
3.49	1984.86
3.491	1927.73
3.492	1864.75
3.493	1797.23
3.494	1726.59
3.495	1654.32
3.496	1581.91
3.497	1510.86
3.498	1442.62
3.499	1378.53
3.5	1319.84
3.501	1267.6
3.502	1222.73
3.503	1185.9
3.504	1157.6
3.505	1138.05
3.506	1127.28
3.507	1125.04
3.508	1130.87
3.509	1144.1
3.51	1163.85
3.511	1189.06
3.512	1218.53
3.513	1250.92
3.514	1284.84
3.515	1318.84
3.516	1351.47
3.517	1381.34
3.518	1407.11
3.519	1427.59
3.52	1441.77
3.521	1448.79
3.522	1448.05
3.523	1439.19
3.524	1422.08
3.525	1396.87
3.526	1363.98
3.527	1324.05
3.528	1277.98
3.529	1226.83
3.53	1171.89
3.531	1114.56
3.532	1056.36
3.533	998.882
3.534	943.753
3.535	892.613
3.536	847.068
3.537	808.672
3.538	778.889
3.539	759.077
3.54	750.458
3.541	754.099
3.542	770.89
3.543	801.527
3.544	846.485
3.545	906.005
3.546	980.074
3.547	1068.41
3.548	1170.43
3.549	1285.28
3.55	1411.78
3.551	1548.46
3.552	1693.56
3.553	1845.05
3.554	2000.63
3.555	2157.84
3.556	2314.02
3.557	2466.44
3.558	2612.32
3.559	2748.95
3.56	2873.69
3.561	2984.15
3.562	3078.15
3.563	3153.89
3.564	3209.91
3.565	3245.22
3.566	3259.27
3.567	3251.99
3.568	3223.76
3.569	3175.43
3.57	3108.25
3.571	3023.83
3.572	2924.08
3.573	2811.13
3.574	2687.28
3.575	2554.89
3.576	2416.34
3.577	2273.91
3.578	2129.8
3.579	1986
3.58	1844.3
3.581	1706.24
3.582	1573.13
3.583	1445.98
3.584	1325.59
3.585	1212.5
3.586	1107.05
3.587	1009.4
3.588	919.558
3.589	837.403
3.59	762.731
3.591	695.273
3.592	634.722
3.593	580.749
3.594	533.025
3.595	491.224
3.596	455.032
3.597	424.154
3.598	398.302
3.599	377.204
3.6	360.588
3.601	348.183
3.602	339.71
3.603	334.878
3.604	333.375
3.605	334.874
3.606	339.021
3.607	345.445
3.608	353.757
3.609	363.555
3.61	374.431
3.611	385.981
3.612	397.811
3.613	409.548
3.614	420.85
3.615	431.415
3.616	440.989
3.617	449.375
3.618	456.432
3.619	462.086
3.62	466.326
3.621	469.202
3.622	470.825
3.623	471.359
3.624	471.017
3.625	470.048
3.626	468.734
3.627	467.377
3.628	466.296
3.629	465.815
3.63	466.262
3.631	467.965
3.632	471.249
3.633	476.44
3.634	483.866
3.635	493.866
3.636	506.79
3.637	523.011
3.638	542.93
3.639	566.981
3.64	595.636
3.641	629.405
3.642	668.834
3.643	714.501
3.644	767.002
3.645	826.939
3.646	894.9
3.647	971.434
3.648	1057.03
3.649	1152.07
3.65	1256.82
3.651	1371.4
3.652	1495.73
3.653	1629.51
3.654	1772.22
3.655	1923.08
3.656	2081.05
3.657	2244.82
3.658	2412.84
3.659	2583.3
3.66	2754.2
3.661	2923.34
3.662	3088.42
3.663	3247.06
3.664	3396.83
3.665	3535.38
3.666	3660.46
3.667	3769.98
3.668	3862.09
3.669	3935.22
3.67	3988.14
3.671	4019.98
3.672	4030.27
3.673	4018.94
3.674	3986.34
3.675	3933.2
3.676	3860.64
3.677	3770.1
3.678	3663.35
3.679	3542.36
3.68	3409.31
3.681	3266.53
3.682	3116.37
3.683	2961.22
3.684	2803.42
3.685	2645.21
3.686	2488.67
3.687	2335.72
3.688	2188.06
3.689	2047.17
3.69	1914.26
3.691	1790.3
3.692	1676.04
3.693	1571.93
3.694	1478.25
3.695	1395.04
3.696	1322.13
3.697	1259.23
3.698	1205.85
3.699	1161.43
3.7	1125.26
3.701	1096.6
3.702	1074.62
3.703	1058.48
3.704	1047.3
3.705	1040.2
3.706	1036.33
3.707	1034.84
3.708	1034.91
3.709	1035.78
3.71	1036.72
3.711	1037.06
3.712	1036.2
3.713	1033.61
3.714	1028.81
3.715	1021.41
3.716	1011.11
3.717	997.675
3.718	980.973
3.719	960.952
3.72	937.648
3.721	911.188
3.722	881.779
3.723	849.713
3.724	815.354
3.725	779.134
3.726	741.546
3.727	703.131
3.728	664.469
3.729	626.167
3.73	588.848
3.731	553.139
3.732	519.656
3.733	488.995
3.734	461.723
3.735	438.363
3.736	419.386
3.737	405.205
3.738	396.161
3.739	392.523
3.74	394.476
3.741	402.121
3.742	415.466
3.743	434.424
3.744	458.813
3.745	488.355
3.746	522.675
3.747	561.303
3.748	603.685
3.749	649.181
3.75	697.079
3.751	746.607
3.752	796.944
3.753	847.24
3.754	896.626
3.755	944.244
3.756	989.259
3.757	1030.88
3.758	1068.4
3.759	1101.17
3.76	1128.67
3.761	1150.51
3.762	1166.4
3.763	1176.23
3.764	1180.03
3.765	1177.96
3.766	1170.36
3.767	1157.7
3.768	1140.56
3.769	1119.65
3.77	1095.77
3.771	1069.79
3.772	1042.62
3.773	1015.19
3.774	988.423
3.775	963.211
3.776	940.387
3.777	920.706
3.778	904.823
3.779	893.279
3.78	886.489
3.781	884.739
3.782	888.178
3.783	896.827
3.784	910.581
3.785	929.228
3.786	952.459
3.787	979.888
3.788	1011.08
3.789	1045.55
3.79	1082.82
3.791	1122.43
3.792	1163.93
3.793	1206.93
3.794	1251.11
3.795	1296.2
3.796	1342.04
3.797	1388.51
3.798	1435.6
3.799	1483.34
3.8	1531.81
3.801	1581.14
3.802	1631.47
3.803	1682.92
3.804	1735.62
3.805	1789.63
3.806	1844.96
3.807	1901.56
3.808	1959.3
3.809	2017.94
3.81	2077.19
3.811	2136.66
3.812	2195.89
3.813	2254.36
3.814	2311.5
3.815	2366.74
3.816	2419.49
3.817	2469.15
3.818	2515.19
3.819	2557.12
3.82	2594.51
3.821	2627.01
3.822	2654.35
3.823	2676.37
3.824	2692.97
3.825	2704.16
3.826	2710.03
3.827	2710.73
3.828	2706.46
3.829	2697.49
3.83	2684.11
3.831	2666.63
3.832	2645.36
3.833	2620.62
3.834	2592.7
3.835	2561.89
3.836	2528.44
3.837	2492.56
3.838	2454.47
3.839	2414.32
3.84	2372.26
3.841	2328.41
3.842	2282.88
3.843	2235.75
3.844	2187.1
3.845	2137.02
3.846	2085.57
3.847	2032.83
3.848	1978.88
3.849	1923.81
3.85	1867.73
3.851	1810.73
3.852	1752.95
3.853	1694.53
3.854	1635.63
3.855	1576.42
3.856	1517.11
3.857	1457.92
3.858	1399.1
3.859	1340.93
3.86	1283.69
3.861	1227.7
3.862	1173.29
3.863	1120.82
3.864	1070.65
3.865	1023.14
3.866	978.638
3.867	937.505
3.868	900.065
3.869	866.616
3.87	837.419
3.871	812.689
3.872	792.587
3.873	777.213
3.874	766.602
3.875	760.717
3.876	759.453
3.877	762.632
3.878	770.008
3.879	781.272
3.88	796.059
3.881	813.958
3.882	834.521
3.883	857.282
3.884	881.767
3.885	907.512
3.886	934.08
3.887	961.076
3.888	988.162
3.889	1015.07
3.89	1041.63
3.891	1067.75
3.892	1093.43
3.893	1118.8
3.894	1144.05
3.895	1169.5
3.896	1195.51
3.897	1222.54
3.898	1251.06
3.899	1281.58
3.9	1314.61
3.901	1350.6
3.902	1389.97
3.903	1433.03
3.904	1479.99
3.905	1530.93
3.906	1585.77
3.907	1644.28
3.908	1706.05
3.909	1770.52
3.91	1836.96
3.911	1904.53
3.912	1972.24
3.913	2039.02
3.914	2103.76
3.915	2165.3
3.916	2222.52
3.917	2274.35
3.918	2319.81
3.919	2358.05
3.92	2388.38
3.921	2410.27
3.922	2423.42
3.923	2427.71
3.924	2423.24
3.925	2410.32
3.926	2389.42
3.927	2361.21
3.928	2326.47
3.929	2286.11
3.93	2241.11
3.931	2192.47
3.932	2141.23
3.933	2088.35
3.934	2034.77
3.935	1981.32
3.936	1928.73
3.937	1877.59
3.938	1828.37
3.939	1781.41
3.94	1736.9
3.941	1694.91
3.942	1655.4
3.943	1618.25
3.944	1583.24
3.945	1550.12
3.946	1518.6
3.947	1488.38
3.948	1459.17
3.949	1430.7
3.95	1402.75
3.951	1375.14
3.952	1347.76
3.953	1320.54
3.954	1293.48
3.955	1266.65
3.956	1240.13
3.957	1214.09
3.958	1188.69
3.959	1164.15
3.96	1140.68
3.961	1118.5
3.962	1097.82
3.963	1078.85
3.964	1061.78
3.965	1046.78
3.966	1034
3.967	1023.56
3.968	1015.58
3.969	1010.15
3.97	1007.34
3.971	1007.22
3.972	1009.86
3.973	1015.3
3.974	1023.6
3.975	1034.81
3.976	1048.98
3.977	1066.15
3.978	1086.36
3.979	1109.64
3.98	1136
3.981	1165.44
3.982	1197.94
3.983	1233.43
3.984	1271.85
3.985	1313.09
3.986	1357
3.987	1403.43
3.988	1452.18
3.989	1503.05
3.99	1555.82
3.991	1610.25
3.992	1666.12
3.993	1723.19
3.994	1781.25
3.995	1840.1
3.996	1899.55
3.997	1959.42
3.998	2019.56
3.999	2079.82
4	2140.05
4.001	2200.11
4.002	2259.81
4.003	2318.98
4.004	2377.38
4.005	2434.74
4.006	2490.74
4.007	2545.02
4.008	2597.15
4.009	2646.66
4.01	2693.04
4.011	2735.77
4.012	2774.29
4.013	2808.09
4.014	2836.64
4.015	2859.5
4.016	2876.3
4.017	2886.74
4.018	2890.67
4.019	2888.03
4.02	2878.92
4.021	2863.58
4.022	2842.38
4.023	2815.81
4.024	2784.5
4.025	2749.14
4.026	2710.54
4.027	2669.51
4.028	2626.91
4.029	2583.56
4.03	2540.28
4.031	2497.78
4.032	2456.72
4.033	2417.63
4.034	2380.93
4.035	2346.94
4.036	2315.83
4.037	2287.68
4.038	2262.45
4.039	2240
4.04	2220.16
4.041	2202.66
4.042	2187.23
4.043	2173.59
4.044	2161.45
4.045	2150.54
4.046	2140.64
4.047	2131.56
4.048	2123.15
4.049	2115.28
4.05	2107.89
4.051	2100.91
4.052	2094.29
4.053	2087.98
4.054	2081.9
4.055	2075.96
4.056	2070
4.057	2063.83
4.058	2057.21
4.059	2049.82
4.06	2041.3
4.061	2031.27
4.062	2019.27
4.063	2004.87
4.064	1987.61
4.065	1967.07
4.066	1942.86
4.067	1914.64
4.068	1882.17
4.069	1845.29
4.07	1803.95
4.071	1758.21
4.072	1708.24
4.073	1654.34
4.074	1596.91
4.075	1536.47
4.076	1473.61
4.077	1408.99
4.078	1343.35
4.079	1277.44
4.08	1212.03
4.081	1147.9
4.082	1085.77
4.083	1026.36
4.084	970.286
4.085	918.116
4.086	870.323
4.087	827.292
4.088	789.307
4.089	756.556
4.09	729.13
4.091	707.027
4.092	690.16
4.093	678.365
4.094	671.411
4.095	669.013
4.096	670.843
4.097	676.541
4.098	685.729
4.099	698.022
4.1	713.037
4.101	730.402
4.102	749.763
4.103	770.789
4.104	793.173
4.105	816.637
4.106	840.927
4.107	865.813
4.108	891.085
4.109	916.545
4.11	942.007
4.111	967.285
4.112	992.194
4.113	1016.54
4.114	1040.12
4.115	1062.73
4.116	1084.14
4.117	1104.11
4.118	1122.41
4.119	1138.8
4.12	1153.04
4.121	1164.92
4.122	1174.26
4.123	1180.88
4.124	1184.69
4.125	1185.61
4.126	1183.65
4.127	1178.86
4.128	1171.39
4.129	1161.42
4.13	1149.23
4.131	1135.15
4.132	1119.57
4.133	1102.92
4.134	1085.68
4.135	1068.35
4.136	1051.43
4.137	1035.43
4.138	1020.81
4.139	1008.03
4.14	997.479
4.141	989.473
4.142	984.266
4.143	982.019
4.144	982.806
4.145	986.598
4.146	993.273
4.147	1002.61
4.148	1014.3
4.149	1027.94
4.15	1043.07
4.151	1059.14
4.152	1075.59
4.153	1091.79
4.154	1107.11
4.155	1120.93
4.156	1132.63
4.157	1141.65
4.158	1147.44
4.159	1149.56
4.16	1147.63
4.161	1141.33
4.162	1130.49
4.163	1114.98
4.164	1094.81
4.165	1070.07
4.166	1040.96
4.167	1007.76
4.168	970.828
4.169	930.591
4.17	887.537
4.171	842.195
4.172	795.123
4.173	746.895
4.174	698.088
4.175	649.267
4.176	600.976
4.177	553.726
4.178	507.99
4.179	464.193
4.18	422.709
4.181	383.862
4.182	347.918
4.183	315.093
4.184	285.555
4.185	259.421
4.186	236.773
4.187	217.654
4.188	202.081
4.189	190.051
4.19	181.545
4.191	176.542
4.192	175.02
4.193	176.97
4.194	182.398
4.195	191.338
4.196	203.852
4.197	220.046
4.198	240.067
4.199	264.114
4.2	292.44
4.201	325.357
4.202	363.234
4.203	406.502
4.204	455.648
4.205	511.212
4.206	573.779
4.207	643.967
4.208	722.417
4.209	809.776
4.21	906.672
4.211	1013.7
4.212	1131.39
4.213	1260.19
4.214	1400.42
4.215	1552.26
4.216	1715.72
4.217	1890.63
4.218	2076.56
4.219	2272.89
4.22	2478.71
4.221	2692.88
4.222	2913.98
4.223	3140.36
4.224	3370.12
4.225	3601.15
4.226	3831.15
4.227	4057.69
4.228	4278.22
4.229	4490.14
4.23	4690.85
4.231	4877.81
4.232	5048.55
4.233	5200.81
4.234	5332.49
4.235	5441.78
4.236	5527.16
4.237	5587.44
4.238	5621.81
4.239	5629.82
4.24	5611.43
4.241	5566.97
4.242	5497.17
4.243	5403.14
4.244	5286.29
4.245	5148.4
4.246	4991.47
4.247	4817.76
4.248	4629.69
4.249	4429.82
4.25	4220.8
4.251	4005.27
4.252	3785.87
4.253	3565.16
4.254	3345.59
4.255	3129.43
4.256	2918.76
4.257	2715.44
4.258	2521.1
4.259	2337.07
4.26	2164.45
4.261	2004.03
4.262	1856.37
4.263	1721.74
4.264	1600.2
4.265	1491.58
4.266	1395.5
4.267	1311.46
4.268	1238.78
4.269	1176.72
4.27	1124.45
4.271	1081.11
4.272	1045.84
4.273	1017.78
4.274	996.14
4.275	980.177
4.276	969.231
4.277	962.733
4.278	960.206
4.279	961.273
4.28	965.645
4.281	973.121
4.282	983.574
4.283	996.935
4.284	1013.18
4.285	1032.31
4.286	1054.32
4.287	1079.23
4.288	1107.01
4.289	1137.57
4.29	1170.81
4.291	1206.54
4.292	1244.52
4.293	1284.43
4.294	1325.89
4.295	1368.48
4.296	1411.71
4.297	1455.06
4.298	1498.01
4.299	1540.01
4.3	1580.53
4.301	1619.07
4.302	1655.2
4.303	1688.51
4.304	1718.67
4.305	1745.47
4.306	1768.72
4.307	1788.38
4.308	1804.46
4.309	1817.06
4.31	1826.36
4.311	1832.61
4.312	1836.11
4.313	1837.19
4.314	1836.22
4.315	1833.59
4.316	1829.68
4.317	1824.85
4.318	1819.46
4.319	1813.82
4.32	1808.21
4.321	1802.89
4.322	1798.05
4.323	1793.84
4.324	1790.38
4.325	1787.76
4.326	1786.02
4.327	1785.18
4.328	1785.22
4.329	1786.14
4.33	1787.87
4.331	1790.39
4.332	1793.63
4.333	1797.54
4.334	1802.07
4.335	1807.15
4.336	1812.76
4.337	1818.86
4.338	1825.41
4.339	1832.42
4.34	1839.91
4.341	1847.89
4.342	1856.45
4.343	1865.68
4.344	1875.73
4.345	1886.77
4.346	1899.05
4.347	1912.85
4.348	1928.53
4.349	1946.47
4.35	1967.15
4.351	1991.08
4.352	2018.82
4.353	2050.94
4.354	2088.07
4.355	2130.82
4.356	2179.8
4.357	2235.56
4.358	2298.6
4.359	2369.36
4.36	2448.12
4.361	2535.07
4.362	2630.21
4.363	2733.4
4.364	2844.28
4.365	2962.3
4.366	3086.72
4.367	3216.57
4.368	3350.73
4.369	3487.88
4.37	3626.57
4.371	3765.21
4.372	3902.17
4.373	4035.76
4.374	4164.29
4.375	4286.15
4.376	4399.81
4.377	4503.91
4.378	4597.24
4.379	4678.86
4.38	4748.03
4.381	4804.31
4.382	4847.53
4.383	4877.8
4.384	4895.47
4.385	4901.16
4.386	4895.69
4.387	4880.07
4.388	4855.42
4.389	4822.94
4.39	4783.89
4.391	4739.46
4.392	4690.83
4.393	4639.02
4.394	4584.92
4.395	4529.24
4.396	4472.51
4.397	4415.02
4.398	4356.89
4.399	4298.03
4.4	4238.18
4.401	4176.95
4.402	4113.81
4.403	4048.2
4.404	3979.51
4.405	3907.14
4.406	3830.57
4.407	3749.35
4.408	3663.15
4.409	3571.79
4.41	3475.26
4.411	3373.72
4.412	3267.48
4.413	3157.03
4.414	3043.02
4.415	2926.2
4.416	2807.46
4.417	2687.74
4.418	2568.04
4.419	2449.4
4.42	2332.81
4.421	2219.28
4.422	2109.74
4.423	2005.06
4.424	1906.03
4.425	1813.37
4.426	1727.69
4.427	1649.52
4.428	1579.35
4.429	1517.54
4.43	1464.45
4.431	1420.37
4.432	1385.56
4.433	1360.27
4.434	1344.75
4.435	1339.24
4.436	1343.99
4.437	1359.28
4.438	1385.38
4.439	1422.56
4.44	1471.12
4.441	1531.3
4.442	1603.34
4.443	1687.42
4.444	1783.62
4.445	1891.96
4.446	2012.31
4.447	2144.42
4.448	2287.83
4.449	2441.95
4.45	2605.93
4.451	2778.73
4.452	2959.09
4.453	3145.51
4.454	3336.3
4.455	3529.53
4.456	3723.11
4.457	3914.81
4.458	4102.27
4.459	4283.06
4.46	4454.74
4.461	4614.9
4.462	4761.21
4.463	4891.51
4.464	5003.83
4.465	5096.44
4.466	5167.96
4.467	5217.3
4.468	5243.8
4.469	5247.16
4.47	5227.52
4.471	5185.4
4.472	5121.73
4.473	5037.81
4.474	4935.28
4.475	4816.04
4.476	4682.25
4.477	4536.23
4.478	4380.42
4.479	4217.28
4.48	4049.26
4.481	3878.74
4.482	3707.93
4.483	3538.86
4.484	3373.36
4.485	3212.95
4.486	3058.89
4.487	2912.16
4.488	2773.43
4.489	2643.09
4.49	2521.28
4.491	2407.91
4.492	2302.68
4.493	2205.11
4.494	2114.64
4.495	2030.59
4.496	1952.25
4.497	1878.9
4.498	1809.86
4.499	1744.5
4.5	1682.26
4.501	1622.7
4.502	1565.45
4.503	1510.29
4.504	1457.08
4.505	1405.82
4.506	1356.56
4.507	1309.47
4.508	1264.76
4.509	1222.69
4.51	1183.56
4.511	1147.65
4.512	1115.26
4.513	1086.66
4.514	1062.06
4.515	1041.66
4.516	1025.57
4.517	1013.88
4.518	1006.58
4.519	1003.64
4.52	1004.94
4.521	1010.34
4.522	1019.64
4.523	1032.61
4.524	1049.02
4.525	1068.58
4.526	1091.05
4.527	1116.15
4.528	1143.65
4.529	1173.3
4.53	1204.91
4.531	1238.3
4.532	1273.34
4.533	1309.92
4.534	1347.98
4.535	1387.48
4.536	1428.42
4.537	1470.83
4.538	1514.76
4.539	1560.28
4.54	1607.48
4.541	1656.45
4.542	1707.26
4.543	1760.01
4.544	1814.76
4.545	1871.54
4.546	1930.36
4.547	1991.18
4.548	2053.92
4.549	2118.45
4.55	2184.57
4.551	2252.03
4.552	2320.5
4.553	2389.62
4.554	2458.92
4.555	2527.91
4.556	2596.02
4.557	2662.64
4.558	2727.12
4.559	2788.8
4.56	2846.97
4.561	2900.96
4.562	2950.07
4.563	2993.66
4.564	3031.12
4.565	3061.9
4.566	3085.5
4.567	3101.53
4.568	3109.67
4.569	3109.69
4.57	3101.49
4.571	3085.03
4.572	3060.42
4.573	3027.83
4.574	2987.55
4.575	2939.95
4.576	2885.47
4.577	2824.63
4.578	2757.99
4.579	2686.17
4.58	2609.81
4.581	2529.57
4.582	2446.13
4.583	2360.15
4.584	2272.31
4.585	2183.25
4.586	2093.59
4.587	2003.92
4.588	1914.82
4.589	1826.83
4.59	1740.43
4.591	1656.12
4.592	1574.34
4.593	1495.5
4.594	1419.99
4.595	1348.18
4.596	1280.43
4.597	1217.06
4.598	1158.37
4.599	1104.68
4.6	1056.24
4.601	1013.34
4.602	976.218
4.603	945.104
4.604	920.216
4.605	901.749
4.606	889.876
4.607	884.745
4.608	886.474
4.609	895.148
4.61	910.816
4.611	933.48
4.612	963.096
4.613	999.564
4.614	1042.72
4.615	1092.34
4.616	1148.13
4.617	1209.7
4.618	1276.6
4.619	1348.29
4.62	1424.14
4.621	1503.45
4.622	1585.42
4.623	1669.21
4.624	1753.89
4.625	1838.47
4.626	1921.95
4.627	2003.27
4.628	2081.39
4.629	2155.27
4.63	2223.92
4.631	2286.37
4.632	2341.77
4.633	2389.32
4.634	2428.37
4.635	2458.37
4.636	2478.93
4.637	2489.79
4.638	2490.87
4.639	2482.24
4.64	2464.1
4.641	2436.83
4.642	2400.94
4.643	2357.05
4.644	2305.89
4.645	2248.29
4.646	2185.14
4.647	2117.36
4.648	2045.9
4.649	1971.73
4.65	1895.76
4.651	1818.89
4.652	1741.94
4.653	1665.69
4.654	1590.81
4.655	1517.9
4.656	1447.46
4.657	1379.9
4.658	1315.54
4.659	1254.61
4.66	1197.28
4.661	1143.64
4.662	1093.73
4.663	1047.55
4.664	1005.06
4.665	966.213
4.666	930.958
4.667	899.25
4.668	871.06
4.669	846.389
4.67	825.268
4.671	807.764
4.672	793.985
4.673	784.075
4.674	778.215
4.675	776.613
4.676	779.502
4.677	787.127
4.678	799.737
4.679	817.571
4.68	840.846
4.681	869.745
4.682	904.4
4.683	944.884
4.684	991.197
4.685	1043.26
4.686	1100.89
4.687	1163.82
4.688	1231.67
4.689	1303.98
4.69	1380.16
4.691	1459.56
4.692	1541.43
4.693	1624.96
4.694	1709.27
4.695	1793.49
4.696	1876.71
4.697	1958.05
4.698	2036.68
4.699	2111.84
4.7	2182.88
4.701	2249.29
4.702	2310.7
4.703	2366.92
4.704	2417.98
4.705	2464.11
4.706	2505.76
4.707	2543.61
4.708	2578.54
4.709	2611.65
4.71	2644.21
4.711	2677.65
4.712	2713.51
4.713	2753.41
4.714	2799
4.715	2851.9
4.716	2913.66
4.717	2985.7
4.718	3069.26
4.719	3165.32
4.72	3274.63
4.721	3397.57
4.722	3534.23
4.723	3684.27
4.724	3847
4.725	4021.36
4.726	4205.9
4.727	4398.83
4.728	4598.03
4.729	4801.14
4.73	5005.56
4.731	5208.53
4.732	5407.19
4.733	5598.67
4.734	5780.13
4.735	5948.83
4.736	6102.2
4.737	6237.92
4.738	6353.95
4.739	6448.56
4.74	6520.42
4.741	6568.55
4.742	6592.42
4.743	6591.89
4.744	6567.23
4.745	6519.11
4.746	6448.56
4.747	6356.96
4.748	6246
4.749	6117.61
4.75	5973.95
4.751	5817.36
4.752	5650.28
4.753	5475.22
4.754	5294.72
4.755	5111.31
4.756	4927.44
4.757	4745.45
4.758	4567.56
4.759	4395.81
4.76	4232.06
4.761	4077.95
4.762	3934.88
4.763	3804.03
4.764	3686.34
4.765	3582.48
4.766	3492.92
4.767	3417.86
4.768	3357.3
4.769	3311.02
4.77	3278.62
4.771	3259.52
4.772	3252.99
4.773	3258.17
4.774	3274.09
4.775	3299.7
4.776	3333.86
4.777	3375.41
4.778	3423.15
4.779	3475.88
4.78	3532.38
4.781	3591.47
4.782	3651.99
4.783	3712.82
4.784	3772.88
4.785	3831.14
4.786	3886.64
4.787	3938.47
4.788	3985.79
4.789	4027.82
4.79	4063.85
4.791	4093.26
4.792	4115.52
4.793	4130.15
4.794	4136.82
4.795	4135.25
4.796	4125.31
4.797	4106.97
4.798	4080.35
4.799	4045.7
4.8	4003.38
4.801	3953.95
4.802	3898.09
4.803	3836.63
4.804	3770.55
4.805	3700.96
4.806	3629.12
4.807	3556.36
4.808	3484.14
4.809	3413.96
4.81	3347.38
4.811	3285.96
4.812	3231.26
4.813	3184.76
4.814	3147.87
4.815	3121.9
4.816	3107.99
4.817	3107.1
4.818	3119.99
4.819	3147.19
4.82	3188.98
4.821	3245.36
4.822	3316.08
4.823	3400.6
4.824	3498.09
4.825	3607.5
4.826	3727.47
4.827	3856.47
4.828	3992.71
4.829	4134.26
4.83	4279.05
4.831	4424.9
4.832	4569.59
4.833	4710.86
4.834	4846.48
4.835	4974.31
4.836	5092.29
4.837	5198.53
4.838	5291.31
4.839	5369.1
4.84	5430.64
4.841	5474.9
4.842	5501.11
4.843	5508.79
4.844	5497.71
4.845	5467.93
4.846	5419.75
4.847	5353.72
4.848	5270.61
4.849	5171.4
4.85	5057.22
4.851	4929.38
4.852	4789.28
4.853	4638.44
4.854	4478.41
4.855	4310.81
4.856	4137.25
4.857	3959.35
4.858	3778.68
4.859	3596.78
4.86	3415.14
4.861	3235.15
4.862	3058.15
4.863	2885.39
4.864	2718.03
4.865	2557.15
4.866	2403.76
4.867	2258.77
4.868	2123.02
4.869	1997.29
4.87	1882.29
4.871	1778.65
4.872	1686.96
4.873	1607.73
4.874	1541.44
4.875	1488.49
4.876	1449.21
4.877	1423.86
4.878	1412.65
4.879	1415.67
4.88	1432.94
4.881	1464.34
4.882	1509.66
4.883	1568.56
4.884	1640.55
4.885	1724.99
4.886	1821.12
4.887	1928
4.888	2044.55
4.889	2169.54
4.89	2301.62
4.891	2439.31
4.892	2581.04
4.893	2725.18
4.894	2870.04
4.895	3013.93
4.896	3155.18
4.897	3292.19
4.898	3423.45
4.899	3547.61
4.9	3663.45
4.901	3769.98
4.902	3866.44
4.903	3952.3
4.904	4027.31
4.905	4091.47
4.906	4145.06
4.907	4188.62
4.908	4222.93
4.909	4248.98
4.91	4267.97
4.911	4281.25
4.912	4290.28
4.913	4296.6
4.914	4301.79
4.915	4307.41
4.916	4314.99
4.917	4325.95
4.918	4341.6
4.919	4363.12
4.92	4391.51
4.921	4427.56
4.922	4471.9
4.923	4524.94
4.924	4586.9
4.925	4657.79
4.926	4737.47
4.927	4825.61
4.928	4921.75
4.929	5025.29
4.93	5135.55
4.931	5251.72
4.932	5372.95
4.933	5498.33
4.934	5626.91
4.935	5757.73
4.936	5889.77
4.937	6022.04
4.938	6153.5
4.939	6283.14
4.94	6409.89
4.941	6532.71
4.942	6650.51
4.943	6762.18
4.944	6866.62
4.945	6962.68
4.946	7049.21
4.947	7125.04
4.948	7189.03
4.949	7240.03
4.95	7276.96
4.951	7298.8
4.952	7304.63
4.953	7293.63
4.954	7265.17
4.955	7218.79
4.956	7154.24
4.957	7071.52
4.958	6970.9
4.959	6852.93
4.96	6718.43
4.961	6568.54
4.962	6404.66
4.963	6228.47
4.964	6041.89
4.965	5847.05
4.966	5646.25
4.967	5441.9
4.968	5236.48
4.969	5032.49
4.97	4832.37
4.971	4638.48
4.972	4453
4.973	4277.9
4.974	4114.91
4.975	3965.48
4.976	3830.7
4.977	3711.34
4.978	3607.84
4.979	3520.25
4.98	3448.29
4.981	3391.36
4.982	3348.54
4.983	3318.66
4.984	3300.3
4.985	3291.88
4.986	3291.65
4.987	3297.81
4.988	3308.49
4.989	3321.84
4.99	3336.07
4.991	3349.51
4.992	3360.61
4.993	3368.02
4.994	3370.59
4.995	3367.4
4.996	3357.79
4.997	3341.37
4.998	3317.98
4.999	3287.78
5	3251.13
5.001	3208.68
5.002	3161.27
5.003	3109.96
5.004	3055.97
5.005	3000.67
5.006	2945.55
5.007	2892.17
5.008	2842.13
5.009	2797.04
5.01	2758.49
5.011	2727.99
5.012	2706.98
5.013	2696.76
5.014	2698.45
5.015	2713.02
5.016	2741.21
5.017	2783.51
5.018	2840.19
5.019	2911.22
5.02	2996.3
5.021	3094.83
5.022	3205.95
5.023	3328.49
5.024	3461.02
5.025	3601.86
5.026	3749.09
5.027	3900.61
5.028	4054.16
5.029	4207.36
5.03	4357.76
5.031	4502.91
5.032	4640.4
5.033	4767.92
5.034	4883.3
5.035	4984.59
5.036	5070.09
5.037	5138.36
5.038	5188.34
5.039	5219.27
5.04	5230.78
5.041	5222.85
5.042	5195.84
5.043	5150.43
5.044	5087.63
5.045	5008.72
5.046	4915.22
5.047	4808.85
5.048	4691.45
5.049	4564.98
5.05	4431.41
5.051	4292.71
5.052	4150.78
5.053	4007.45
5.054	3864.4
5.055	3723.14
5.056	3585.04
5.057	3451.24
5.058	3322.7
5.059	3200.19
5.06	3084.28
5.061	2975.35
5.062	2873.62
5.063	2779.16
5.064	2691.88
5.065	2611.6
5.066	2538.03
5.067	2470.78
5.068	2409.4
5.069	2353.4
5.07	2302.23
5.071	2255.33
5.072	2212.11
5.073	2171.99
5.074	2134.38
5.075	2098.72
5.076	2064.44
5.077	2031.03
5.078	1998.01
5.079	1964.93
5.08	1931.38
5.081	1897.04
5.082	1861.62
5.083	1824.89
5.084	1786.72
5.085	1747
5.086	1705.72
5.087	1662.94
5.088	1618.75
5.089	1573.33
5.09	1526.89
5.091	1479.7
5.092	1432.05
5.093	1384.27
5.094	1336.68
5.095	1289.63
5.096	1243.45
5.097	1198.43
5.098	1154.88
5.099	1113.03
5.1	1073.1
5.101	1035.23
5.102	999.541
5.103	966.088
5.104	934.878
5.105	905.873
5.106	878.993
5.107	854.124
5.108	831.125
5.109	809.837
5.11	790.095
5.111	771.735
5.112	754.606
5.113	738.58
5.114	723.56
5.115	709.49
5.116	696.357
5.117	684.204
5.118	673.129
5.119	663.288
5.12	654.897
5.121	648.233
5.122	643.626
5.123	641.461
5.124	642.17
5.125	646.224
5.126	654.126
5.127	666.398
5.128	683.574
5.129	706.185
5.13	734.743
5.131	769.728
5.132	811.573
5.133	860.644
5.134	917.228
5.135	981.512
5.136	1053.57
5.137	1133.33
5.138	1220.61
5.139	1315.05
5.14	1416.12
5.141	1523.15
5.142	1635.28
5.143	1751.5
5.144	1870.65
5.145	1991.42
5.146	2112.4
5.147	2232.07
5.148	2348.84
5.149	2461.12
5.15	2567.29
5.151	2665.78
5.152	2755.1
5.153	2833.88
5.154	2900.89
5.155	2955.09
5.156	2995.62
5.157	3021.89
5.158	3033.52
5.159	3030.39
5.16	3012.65
5.161	2980.67
5.162	2935.08
5.163	2876.72
5.164	2806.62
5.165	2725.98
5.166	2636.13
5.167	2538.5
5.168	2434.6
5.169	2325.96
5.17	2214.12
5.171	2100.6
5.172	1986.86
5.173	1874.28
5.174	1764.15
5.175	1657.65
5.176	1555.87
5.177	1459.74
5.178	1370.09
5.179	1287.64
5.18	1212.96
5.181	1146.55
5.182	1088.77
5.183	1039.92
5.184	1000.2
5.185	969.735
5.186	948.58
5.187	936.731
5.188	934.127
5.189	940.652
5.19	956.139
5.191	980.372
5.192	1013.08
5.193	1053.95
5.194	1102.61
5.195	1158.63
5.196	1221.52
5.197	1290.74
5.198	1365.68
5.199	1445.68
5.2	1530.02
5.201	1617.92
5.202	1708.56
5.203	1801.08
5.204	1894.6
5.205	1988.21
5.206	2081.02
5.207	2172.16
5.208	2260.78
5.209	2346.12
5.21	2427.49
5.211	2504.31
5.212	2576.14
5.213	2642.65
5.214	2703.74
5.215	2759.42
5.216	2809.94
5.217	2855.71
5.218	2897.36
5.219	2935.66
5.22	2971.59
5.221	3006.24
5.222	3040.83
5.223	3076.64
5.224	3115
5.225	3157.23
5.226	3204.58
5.227	3258.2
5.228	3319.09
5.229	3388.04
5.23	3465.58
5.231	3551.99
5.232	3647.21
5.233	3750.89
5.234	3862.32
5.235	3980.47
5.236	4104
5.237	4231.29
5.238	4360.48
5.239	4489.51
5.24	4616.2
5.241	4738.29
5.242	4853.51
5.243	4959.68
5.244	5054.74
5.245	5136.83
5.246	5204.35
5.247	5255.99
5.248	5290.81
5.249	5308.21
5.25	5307.98
5.251	5290.28
5.252	5255.65
5.253	5204.95
5.254	5139.34
5.255	5060.26
5.256	4969.33
5.257	4868.33
5.258	4759.13
5.259	4643.63
5.26	4523.71
5.261	4401.19
5.262	4277.77
5.263	4155
5.264	4034.28
5.265	3916.8
5.266	3803.57
5.267	3695.39
5.268	3592.9
5.269	3496.54
5.27	3406.62
5.271	3323.32
5.272	3246.71
5.273	3176.8
5.274	3113.54
5.275	3056.84
5.276	3006.64
5.277	2962.85
5.278	2925.42
5.279	2894.32
5.28	2869.56
5.281	2851.15
5.282	2839.16
5.283	2833.64
5.284	2834.63
5.285	2842.18
5.286	2856.28
5.287	2876.86
5.288	2903.82
5.289	2936.95
5.29	2975.94
5.291	3020.39
5.292	3069.78
5.293	3123.5
5.294	3180.82
5.295	3240.89
5.296	3302.81
5.297	3365.57
5.298	3428.14
5.299	3489.42
5.3	3548.34
5.301	3603.84
5.302	3654.89
5.303	3700.55
5.304	3739.99
5.305	3772.47
5.306	3797.43
5.307	3814.44
5.308	3823.25
5.309	3823.76
5.31	3816.08
5.311	3800.44
5.312	3777.27
5.313	3747.1
5.314	3710.58
5.315	3668.46
5.316	3621.56
5.317	3570.72
5.318	3516.79
5.319	3460.61
5.32	3402.96
5.321	3344.56
5.322	3286.05
5.323	3227.96
5.324	3170.73
5.325	3114.67
5.326	3060.01
5.327	3006.85
5.328	2955.23
5.329	2905.08
5.33	2856.32
5.331	2808.78
5.332	2762.31
5.333	2716.76
5.334	2671.96
5.335	2627.82
5.336	2584.27
5.337	2541.32
5.338	2499.02
5.339	2457.51
5.34	2416.96
5.341	2377.62
5.342	2339.8
5.343	2303.82
5.344	2270.04
5.345	2238.82
5.346	2210.51
5.347	2185.46
5.348	2163.94
5.349	2146.2
5.35	2132.41
5.351	2122.68
5.352	2117.02
5.353	2115.39
5.354	2117.64
5.355	2123.55
5.356	2132.85
5.357	2145.18
5.358	2160.13
5.359	2177.27
5.36	2196.13
5.361	2216.23
5.362	2237.08
5.363	2258.21
5.364	2279.18
5.365	2299.57
5.366	2319.03
5.367	2337.21
5.368	2353.85
5.369	2368.73
5.37	2381.69
5.371	2392.59
5.372	2401.38
5.373	2408
5.374	2412.46
5.375	2414.79
5.376	2415.01
5.377	2413.21
5.378	2409.42
5.379	2403.73
5.38	2396.19
5.381	2386.86
5.382	2375.79
5.383	2363.03
5.384	2348.62
5.385	2332.58
5.386	2314.96
5.387	2295.77
5.388	2275.06
5.389	2252.87
5.39	2229.23
5.391	2204.23
5.392	2177.92
5.393	2150.4
5.394	2121.78
5.395	2092.19
5.396	2061.78
5.397	2030.73
5.398	1999.22
5.399	1967.46
5.4	1935.7
5.401	1904.18
5.402	1873.18
5.403	1843
5.404	1813.95
5.405	1786.38
5.406	1760.65
5.407	1737.15
5.408	1716.28
5.409	1698.49
5.41	1684.25
5.411	1674.04
5.412	1668.41
5.413	1667.9
5.414	1673.09
5.415	1684.6
5.416	1703.04
5.417	1729.06
5.418	1763.28
5.419	1806.33
5.42	1858.8
5.421	1921.25
5.422	1994.14
5.423	2077.88
5.424	2172.71
5.425	2278.78
5.426	2396.04
5.427	2524.24
5.428	2662.94
5.429	2811.44
5.43	2968.82
5.431	3133.88
5.432	3305.18
5.433	3481.03
5.434	3659.51
5.435	3838.51
5.436	4015.72
5.437	4188.73
5.438	4355.05
5.439	4512.15
5.44	4657.55
5.441	4788.87
5.442	4903.88
5.443	5000.58
5.444	5077.23
5.445	5132.45
5.446	5165.19
5.447	5174.83
5.448	5161.15
5.449	5124.39
5.45	5065.19
5.451	4984.63
5.452	4884.18
5.453	4765.66
5.454	4631.22
5.455	4483.25
5.456	4324.37
5.457	4157.33
5.458	3984.96
5.459	3810.12
5.46	3635.63
5.461	3464.22
5.462	3298.45
5.463	3140.71
5.464	2993.17
5.465	2857.72
5.466	2735.97
5.467	2629.26
5.468	2538.6
5.469	2464.7
5.47	2407.96
5.471	2368.49
5.472	2346.13
5.473	2340.44
5.474	2350.75
5.475	2376.15
5.476	2415.54
5.477	2467.63
5.478	2530.99
5.479	2604.06
5.48	2685.16
5.481	2772.56
5.482	2864.44
5.483	2958.99
5.484	3054.37
5.485	3148.77
5.486	3240.43
5.487	3327.65
5.488	3408.83
5.489	3482.5
5.49	3547.31
5.491	3602.08
5.492	3645.79
5.493	3677.61
5.494	3696.92
5.495	3703.29
5.496	3696.5
5.497	3676.56
5.498	3643.65
5.499	3598.17
5.5	3540.67
5.501	3471.91
5.502	3392.77
5.503	3304.26
5.504	3207.49
5.505	3103.66
5.506	2994.01
5.507	2879.84
5.508	2762.43
5.509	2643.06
5.51	2522.97
5.511	2403.36
5.512	2285.35
5.513	2169.99
5.514	2058.27
5.515	1951.05
5.516	1849.15
5.517	1753.26
5.518	1664
5.519	1581.93
5.52	1507.51
5.521	1441.15
5.522	1383.2
5.523	1333.96
5.524	1293.68
5.525	1262.57
5.526	1240.82
5.527	1228.56
5.528	1225.91
5.529	1232.93
5.53	1249.65
5.531	1276.04
5.532	1312.03
5.533	1357.46
5.534	1412.12
5.535	1475.69
5.536	1547.78
5.537	1627.88
5.538	1715.39
5.539	1809.61
5.54	1909.72
5.541	2014.78
5.542	2123.77
5.543	2235.59
5.544	2349.02
5.545	2462.81
5.546	2575.64
5.547	2686.16
5.548	2793.03
5.549	2894.91
5.55	2990.49
5.551	3078.54
5.552	3157.89
5.553	3227.51
5.554	3286.47
5.555	3334
5.556	3369.51
5.557	3392.56
5.558	3402.91
5.559	3400.53
5.56	3385.56
5.561	3358.34
5.562	3319.42
5.563	3269.48
5.564	3209.4
5.565	3140.17
5.566	3062.91
5.567	2978.84
5.568	2889.22
5.569	2795.38
5.57	2698.62
5.571	2600.25
5.572	2501.53
5.573	2403.63
5.574	2307.65
5.575	2214.58
5.576	2125.26
5.577	2040.42
5.578	1960.63
5.579	1886.32
5.58	1817.77
5.581	1755.12
5.582	1698.38
5.583	1647.44
5.584	1602.06
5.585	1561.94
5.586	1526.68
5.587	1495.81
5.588	1468.85
5.589	1445.26
5.59	1424.52
5.591	1406.1
5.592	1389.49
5.593	1374.25
5.594	1359.94
5.595	1346.22
5.596	1332.8
5.597	1319.46
5.598	1306.1
5.599	1292.65
5.6	1279.15
5.601	1265.75
5.602	1252.64
5.603	1240.12
5.604	1228.54
5.605	1218.34
5.606	1209.99
5.607	1204.03
5.608	1201.01
5.609	1201.51
5.61	1206.12
5.611	1215.4
5.612	1229.91
5.613	1250.12
5.614	1276.49
5.615	1309.36
5.616	1348.99
5.617	1395.54
5.618	1449.01
5.619	1509.32
5.62	1576.19
5.621	1649.23
5.622	1727.88
5.623	1811.44
5.624	1899.08
5.625	1989.83
5.626	2082.59
5.627	2176.2
5.628	2269.41
5.629	2360.93
5.63	2449.47
5.631	2533.74
5.632	2612.53
5.633	2684.69
5.634	2749.21
5.635	2805.21
5.636	2851.99
5.637	2889.04
5.638	2916.07
5.639	2932.99
5.64	2939.96
5.641	2937.34
5.642	2925.7
5.643	2905.83
5.644	2878.65
5.645	2845.28
5.646	2806.92
5.647	2764.86
5.648	2720.48
5.649	2675.11
5.65	2630.13
5.651	2586.83
5.652	2546.43
5.653	2510.04
5.654	2478.68
5.655	2453.18
5.656	2434.26
5.657	2422.44
5.658	2418.13
5.659	2421.54
5.66	2432.74
5.661	2451.66
5.662	2478.1
5.663	2511.72
5.664	2552.1
5.665	2598.69
5.666	2650.88
5.667	2707.99
5.668	2769.27
5.669	2833.9
5.67	2901.06
5.671	2969.85
5.672	3039.38
5.673	3108.71
5.674	3176.92
5.675	3243.05
5.676	3306.18
5.677	3365.41
5.678	3419.84
5.679	3468.64
5.68	3511.05
5.681	3546.38
5.682	3574
5.683	3593.45
5.684	3604.34
5.685	3606.44
5.686	3599.66
5.687	3584.09
5.688	3559.94
5.689	3527.61
5.69	3487.66
5.691	3440.77
5.692	3387.8
5.693	3329.72
5.694	3267.58
5.695	3202.56
5.696	3135.86
5.697	3068.73
5.698	3002.41
5.699	2938.1
5.7	2876.98
5.701	2820.1
5.702	2768.4
5.703	2722.71
5.704	2683.65
5.705	2651.69
5.706	2627.09
5.707	2609.9
5.708	2599.97
5.709	2596.95
5.71	2600.27
5.711	2609.19
5.712	2622.81
5.713	2640.07
5.714	2659.83
5.715	2680.84
5.716	2701.84
5.717	2721.55
5.718	2738.74
5.719	2752.23
5.72	2760.98
5.721	2764.09
5.722	2760.81
5.723	2750.64
5.724	2733.24
5.725	2708.56
5.726	2676.77
5.727	2638.27
5.728	2593.72
5.729	2544.01
5.73	2490.25
5.731	2433.71
5.732	2375.89
5.733	2318.39
5.734	2262.95
5.735	2211.39
5.736	2165.56
5.737	2127.37
5.738	2098.68
5.739	2081.31
5.74	2077
5.741	2087.36
5.742	2113.84
5.743	2157.72
5.744	2220.03
5.745	2301.58
5.746	2402.88
5.747	2524.14
5.748	2665.25
5.749	2825.76
5.75	3004.88
5.751	3201.45
5.752	3413.99
5.753	3640.68
5.754	3879.4
5.755	4127.74
5.756	4383.08
5.757	4642.61
5.758	4903.38
5.759	5162.38
5.76	5416.6
5.761	5663.06
5.762	5898.92
5.763	6121.54
5.764	6328.49
5.765	6517.64
5.766	6687.18
5.767	6835.65
5.768	6962
5.769	7065.5
5.77	7145.86
5.771	7203.12
5.772	7237.67
5.773	7250.18
5.774	7241.64
5.775	7213.22
5.776	7166.29
5.777	7102.35
5.778	7022.97
5.779	6929.79
5.78	6824.43
5.781	6708.49
5.782	6583.53
5.783	6451
5.784	6312.28
5.785	6168.64
5.786	6021.23
5.787	5871.09
5.788	5719.18
5.789	5566.33
5.79	5413.29
5.791	5260.71
5.792	5109.18
5.793	4959.23
5.794	4811.32
5.795	4665.86
5.796	4523.24
5.797	4383.81
5.798	4247.9
5.799	4115.82
5.8	3987.87
5.801	3864.39
5.802	3745.67
5.803	3632.06
5.804	3523.93
5.805	3421.65
5.806	3325.66
5.807	3236.4
5.808	3154.38
5.809	3080.11
5.81	3014.17
5.811	2957.12
5.812	2909.56
5.813	2872.05
5.814	2845.16
5.815	2829.4
5.816	2825.21
5.817	2832.94
5.818	2852.83
5.819	2884.97
5.82	2929.31
5.821	2985.61
5.822	3053.42
5.823	3132.1
5.824	3220.79
5.825	3318.43
5.826	3423.71
5.827	3535.17
5.828	3651.12
5.829	3769.75
5.83	3889.09
5.831	4007.07
5.832	4121.59
5.833	4230.48
5.834	4331.64
5.835	4423
5.836	4502.61
5.837	4568.66
5.838	4619.55
5.839	4653.89
5.84	4670.55
5.841	4668.69
5.842	4647.77
5.843	4607.56
5.844	4548.16
5.845	4469.99
5.846	4373.78
5.847	4260.54
5.848	4131.56
5.849	3988.36
5.85	3832.66
5.851	3666.36
5.852	3491.46
5.853	3310.04
5.854	3124.21
5.855	2936.06
5.856	2747.65
5.857	2560.91
5.858	2377.67
5.859	2199.6
5.86	2028.2
5.861	1864.75
5.862	1710.37
5.863	1565.94
5.864	1432.15
5.865	1309.49
5.866	1198.27
5.867	1098.62
5.868	1010.55
5.869	933.892
5.87	868.407
5.871	813.748
5.872	769.504
5.873	735.212
5.874	710.373
5.875	694.468
5.876	686.966
5.877	687.329
5.878	695.025
5.879	709.519
5.88	730.281
5.881	756.779
5.882	788.478
5.883	824.832
5.884	865.284
5.885	909.258
5.886	956.159
5.887	1005.37
5.888	1056.25
5.889	1108.15
5.89	1160.39
5.891	1212.32
5.892	1263.24
5.893	1312.52
5.894	1359.54
5.895	1403.71
5.896	1444.51
5.897	1481.48
5.898	1514.27
5.899	1542.58
5.9	1566.24
5.901	1585.17
5.902	1599.41
5.903	1609.07
5.904	1614.4
5.905	1615.7
5.906	1613.38
5.907	1607.89
5.908	1599.74
5.909	1589.48
5.91	1577.65
5.911	1564.8
5.912	1551.48
5.913	1538.17
5.914	1525.33
5.915	1513.37
5.916	1502.61
5.917	1493.32
5.918	1485.71
5.919	1479.91
5.92	1475.98
5.921	1473.94
5.922	1473.74
5.923	1475.29
5.924	1478.49
5.925	1483.18
5.926	1489.2
5.927	1496.4
5.928	1504.61
5.929	1513.68
5.93	1523.46
5.931	1533.84
5.932	1544.72
5.933	1556.03
5.934	1567.7
5.935	1579.73
5.936	1592.11
5.937	1604.87
5.938	1618.06
5.939	1631.76
5.94	1646.09
5.941	1661.2
5.942	1677.25
5.943	1694.46
5.944	1713.1
5.945	1733.46
5.946	1755.88
5.947	1780.77
5.948	1808.56
5.949	1839.73
5.95	1874.79
5.951	1914.27
5.952	1958.73
5.953	2008.68
5.954	2064.63
5.955	2127.02
5.956	2196.21
5.957	2272.46
5.958	2355.87
5.959	2446.39
5.96	2543.79
5.961	2647.65
5.962	2757.31
5.963	2871.92
5.964	2990.39
5.965	3111.47
5.966	3233.7
5.967	3355.47
5.968	3475.07
5.969	3590.7
5.97	3700.56
5.971	3802.84
5.972	3895.83
5.973	3977.92
5.974	4047.69
5.975	4103.92
5.976	4145.63
5.977	4172.11
5.978	4182.94
5.979	4177.99
5.98	4157.43
5.981	4121.73
5.982	4071.61
5.983	4008.05
5.984	3932.24
5.985	3845.58
5.986	3749.6
5.987	3645.97
5.988	3536.42
5.989	3422.76
5.99	3306.81
5.991	3190.39
5.992	3075.27
5.993	2963.19
5.994	2855.8
5.995	2754.66
5.996	2661.24
5.997	2576.85
5.998	2502.71
5.999	2439.83
6	2389.11
6.001	2351.21
6.002	2326.64
6.003	2315.66
6.004	2318.32
6.005	2334.45
6.006	2363.61
6.007	2405.13
6.008	2458.08
6.009	2521.31
6.01	2593.45
6.011	2672.9
6.012	2757.92
6.013	2846.6
6.014	2936.96
6.015	3026.96
6.016	3114.53
6.017	3197.69
6.018	3274.53
6.019	3343.3
6.02	3402.44
6.021	3450.64
6.022	3486.87
6.023	3510.38
6.024	3520.75
6.025	3517.89
6.026	3502.04
6.027	3473.73
6.028	3433.8
6.029	3383.36
6.03	3323.73
6.031	3256.43
6.032	3183.11
6.033	3105.52
6.034	3025.44
6.035	2944.66
6.036	2864.92
6.037	2787.88
6.038	2715.08
6.039	2647.87
6.04	2587.48
6.041	2534.9
6.042	2490.93
6.043	2456.14
6.044	2430.9
6.045	2415.35
6.046	2409.4
6.047	2412.79
6.048	2425.05
6.049	2445.55
6.05	2473.47
6.051	2507.9
6.052	2547.78
6.053	2591.96
6.054	2639.24
6.055	2688.36
6.056	2738.05
6.057	2787.06
6.058	2834.17
6.059	2878.26
6.06	2918.26
6.061	2953.27
6.062	2982.5
6.063	3005.35
6.064	3021.37
6.065	3030.34
6.066	3032.22
6.067	3027.16
6.068	3015.5
6.069	2997.77
6.07	2974.65
6.071	2946.96
6.072	2915.64
6.073	2881.68
6.074	2846.12
6.075	2810.03
6.076	2774.42
6.077	2740.24
6.078	2708.37
6.079	2679.53
6.08	2654.31
6.081	2633.13
6.082	2616.23
6.083	2603.66
6.084	2595.29
6.085	2590.81
6.086	2589.74
6.087	2591.48
6.088	2595.27
6.089	2600.29
6.09	2605.63
6.091	2610.36
6.092	2613.55
6.093	2614.29
6.094	2611.73
6.095	2605.13
6.096	2593.84
6.097	2577.34
6.098	2555.28
6.099	2527.45
6.1	2493.8
6.101	2454.49
6.102	2409.8
6.103	2360.2
6.104	2306.29
6.105	2248.83
6.106	2188.69
6.107	2126.82
6.108	2064.28
6.109	2002.15
6.11	1941.56
6.111	1883.63
6.112	1829.47
6.113	1780.13
6.114	1736.56
6.115	1699.64
6.116	1670.12
6.117	1648.58
6.118	1635.45
6.119	1630.99
6.12	1635.26
6.121	1648.11
6.122	1669.21
6.123	1698.02
6.124	1733.83
6.125	1775.73
6.126	1822.68
6.127	1873.49
6.128	1926.89
6.129	1981.51
6.13	2035.97
6.131	2088.91
6.132	2138.98
6.133	2184.93
6.134	2225.65
6.135	2260.15
6.136	2287.65
6.137	2307.57
6.138	2319.57
6.139	2323.55
6.14	2319.64
6.141	2308.22
6.142	2289.91
6.143	2265.51
6.144	2236.04
6.145	2202.65
6.146	2166.62
6.147	2129.31
6.148	2092.12
6.149	2056.45
6.15	2023.68
6.151	1995.1
6.152	1971.91
6.153	1955.18
6.154	1945.82
6.155	1944.58
6.156	1952.02
6.157	1968.55
6.158	1994.34
6.159	2029.43
6.16	2073.66
6.161	2126.72
6.162	2188.12
6.163	2257.28
6.164	2333.46
6.165	2415.82
6.166	2503.44
6.167	2595.3
6.168	2690.34
6.169	2787.42
6.17	2885.36
6.171	2982.98
6.172	3079.05
6.173	3172.33
6.174	3261.61
6.175	3345.68
6.176	3423.36
6.177	3493.51
6.178	3555.06
6.179	3607.02
6.18	3648.48
6.181	3678.62
6.182	3696.78
6.183	3702.4
6.184	3695.08
6.185	3674.58
6.186	3640.83
6.187	3593.91
6.188	3534.1
6.189	3461.84
6.19	3377.71
6.191	3282.48
6.192	3177.06
6.193	3062.46
6.194	2939.83
6.195	2810.39
6.196	2675.44
6.197	2536.3
6.198	2394.35
6.199	2250.92
6.2	2107.36
6.201	1964.94
6.202	1824.9
6.203	1688.36
6.204	1556.39
6.205	1429.95
6.206	1309.87
6.207	1196.91
6.208	1091.7
6.209	994.778
6.21	906.566
6.211	827.412
6.212	757.574
6.213	697.242
6.214	646.543
6.215	605.551
6.216	574.3
6.217	552.789
6.218	540.99
6.219	538.853
6.22	546.31
6.221	563.273
6.222	589.639
6.223	625.278
6.224	670.037
6.225	723.729
6.226	786.124
6.227	856.945
6.228	935.857
6.229	1022.46
6.23	1116.27
6.231	1216.73
6.232	1323.21
6.233	1434.96
6.234	1551.15
6.235	1670.87
6.236	1793.11
6.237	1916.79
6.238	2040.77
6.239	2163.83
6.24	2284.73
6.241	2402.21
6.242	2515.01
6.243	2621.9
6.244	2721.69
6.245	2813.28
6.246	2895.65
6.247	2967.94
6.248	3029.41
6.249	3079.48
6.25	3117.77
6.251	3144.09
6.252	3158.44
6.253	3161.04
6.254	3152.28
6.255	3132.76
6.256	3103.23
6.257	3064.63
6.258	3017.97
6.259	2964.39
6.26	2905.1
6.261	2841.31
6.262	2774.25
6.263	2705.1
6.264	2634.98
6.265	2564.9
6.266	2495.74
6.267	2428.27
6.268	2363.07
6.269	2300.58
6.27	2241.06
6.271	2184.62
6.272	2131.22
6.273	2080.7
6.274	2032.78
6.275	1987.1
6.276	1943.23
6.277	1900.75
6.278	1859.2
6.279	1818.18
6.28	1777.32
6.281	1736.35
6.282	1695.09
6.283	1653.46
6.284	1611.5
6.285	1569.37
6.286	1527.37
6.287	1485.86
6.288	1445.34
6.289	1406.36
6.29	1369.55
6.291	1335.57
6.292	1305.06
6.293	1278.69
6.294	1257.06
6.295	1240.71
6.296	1230.09
6.297	1225.56
6.298	1227.33
6.299	1235.49
6.3	1249.98
6.301	1270.61
6.302	1297.02
6.303	1328.73
6.304	1365.11
6.305	1405.43
6.306	1448.86
6.307	1494.47
6.308	1541.3
6.309	1588.36
6.31	1634.64
6.311	1679.18
6.312	1721.06
6.313	1759.44
6.314	1793.59
6.315	1822.89
6.316	1846.9
6.317	1865.31
6.318	1877.99
6.319	1884.98
6.32	1886.53
6.321	1883.01
6.322	1874.99
6.323	1863.18
6.324	1848.42
6.325	1831.64
6.326	1813.86
6.327	1796.17
6.328	1779.65
6.329	1765.39
6.33	1754.45
6.331	1747.81
6.332	1746.38
6.333	1750.94
6.334	1762.16
6.335	1780.56
6.336	1806.49
6.337	1840.18
6.338	1881.66
6.339	1930.82
6.34	1987.4
6.341	2051
6.342	2121.06
6.343	2196.94
6.344	2277.89
6.345	2363.05
6.346	2451.53
6.347	2542.38
6.348	2634.62
6.349	2727.26
6.35	2819.33
6.351	2909.9
6.352	2998.06
6.353	3082.99
6.354	3163.92
6.355	3240.2
6.356	3311.24
6.357	3376.59
6.358	3435.86
6.359	3488.82
6.36	3535.3
6.361	3575.23
6.362	3608.64
6.363	3635.63
6.364	3656.35
6.365	3670.99
6.366	3679.78
6.367	3682.95
6.368	3680.73
6.369	3673.32
6.37	3660.9
6.371	3643.63
6.372	3621.6
6.373	3594.87
6.374	3563.47
6.375	3527.38
6.376	3486.57
6.377	3440.99
6.378	3390.6
6.379	3335.37
6.38	3275.3
6.381	3210.41
6.382	3140.82
6.383	3066.67
6.384	2988.19
6.385	2905.69
6.386	2819.55
6.387	2730.22
6.388	2638.22
6.389	2544.14
6.39	2448.61
6.391	2352.3
6.392	2255.9
6.393	2160.13
6.394	2065.67
6.395	1973.21
6.396	1883.4
6.397	1796.82
6.398	1714.02
6.399	1635.48
6.4	1561.58
6.401	1492.66
6.402	1428.93
6.403	1370.56
6.404	1317.61
6.405	1270.09
6.406	1227.91
6.407	1190.94
6.408	1158.97
6.409	1131.75
6.41	1109.01
6.411	1090.42
6.412	1075.64
6.413	1064.31
6.414	1056.08
6.415	1050.58
6.416	1047.45
6.417	1046.34
6.418	1046.91
6.419	1048.82
6.42	1051.76
6.421	1055.43
6.422	1059.52
6.423	1063.76
6.424	1067.87
6.425	1071.59
6.426	1074.66
6.427	1076.84
6.428	1077.89
6.429	1077.6
6.43	1075.78
6.431	1072.24
6.432	1066.83
6.433	1059.44
6.434	1049.98
6.435	1038.42
6.436	1024.75
6.437	1009.03
6.438	991.358
6.439	971.891
6.44	950.829
6.441	928.418
6.442	904.949
6.443	880.746
6.444	856.16
6.445	831.562
6.446	807.332
6.447	783.849
6.448	761.48
6.449	740.572
6.45	721.439
6.451	704.361
6.452	689.569
6.453	677.248
6.454	667.526
6.455	660.479
6.456	656.13
6.457	654.448
6.458	655.357
6.459	658.738
6.46	664.438
6.461	672.276
6.462	682.052
6.463	693.557
6.464	706.58
6.465	720.919
6.466	736.384
6.467	752.812
6.468	770.066
6.469	788.047
6.47	806.693
6.471	825.981
6.472	845.935
6.473	866.616
6.474	888.126
6.475	910.601
6.476	934.21
6.477	959.139
6.478	985.594
6.479	1013.78
6.48	1043.91
6.481	1076.15
6.482	1110.69
6.483	1147.63
6.484	1187.05
6.485	1228.98
6.486	1273.38
6.487	1320.14
6.488	1369.07
6.489	1419.92
6.49	1472.38
6.491	1526.04
6.492	1580.47
6.493	1635.15
6.494	1689.54
6.495	1743.08
6.496	1795.18
6.497	1845.24
6.498	1892.7
6.499	1937
6.5	1977.64
6.501	2014.15
6.502	2046.14
6.503	2073.27
6.504	2095.28
6.505	2111.98
6.506	2123.26
6.507	2129.09
6.508	2129.49
6.509	2124.58
6.51	2114.52
6.511	2099.51
6.512	2079.83
6.513	2055.77
6.514	2027.69
6.515	1995.94
6.516	1960.93
6.517	1923.06
6.518	1882.77
6.519	1840.52
6.52	1796.77
6.521	1751.99
6.522	1706.68
6.523	1661.34
6.524	1616.51
6.525	1572.71
6.526	1530.49
6.527	1490.39
6.528	1452.97
6.529	1418.78
6.53	1388.36
6.531	1362.25
6.532	1340.94
6.533	1324.89
6.534	1314.53
6.535	1310.22
6.536	1312.26
6.537	1320.84
6.538	1336.11
6.539	1358.07
6.54	1386.66
6.541	1421.68
6.542	1462.81
6.543	1509.65
6.544	1561.64
6.545	1618.16
6.546	1678.48
6.547	1741.76
6.548	1807.13
6.549	1873.65
6.55	1940.35
6.551	2006.26
6.552	2070.41
6.553	2131.88
6.554	2189.78
6.555	2243.31
6.556	2291.76
6.557	2334.52
6.558	2371.1
6.559	2401.13
6.56	2424.35
6.561	2440.66
6.562	2450.04
6.563	2452.61
6.564	2448.58
6.565	2438.28
6.566	2422.08
6.567	2400.45
6.568	2373.87
6.569	2342.9
6.57	2308.1
6.571	2270.03
6.572	2229.27
6.573	2186.37
6.574	2141.88
6.575	2096.3
6.576	2050.14
6.577	2003.83
6.578	1957.82
6.579	1912.47
6.58	1868.16
6.581	1825.19
6.582	1783.85
6.583	1744.39
6.584	1707.02
6.585	1671.93
6.586	1639.24
6.587	1609.08
6.588	1581.51
6.589	1556.57
6.59	1534.26
6.591	1514.53
6.592	1497.32
6.593	1482.54
6.594	1470.07
6.595	1459.78
6.596	1451.52
6.597	1445.16
6.598	1440.56
6.599	1437.62
6.6	1436.26
6.601	1436.45
6.602	1438.2
6.603	1441.6
6.604	1446.78
6.605	1453.95
6.606	1463.38
6.607	1475.41
6.608	1490.43
6.609	1508.88
6.61	1531.21
6.611	1557.92
6.612	1589.46
6.613	1626.29
6.614	1668.8
6.615	1717.32
6.616	1772.09
6.617	1833.24
6.618	1900.78
6.619	1974.57
6.62	2054.33
6.621	2139.64
6.622	2229.93
6.623	2324.46
6.624	2422.4
6.625	2522.77
6.626	2624.51
6.627	2726.45
6.628	2827.39
6.629	2926.11
6.63	3021.36
6.631	3111.92
6.632	3196.65
6.633	3274.44
6.634	3344.29
6.635	3405.32
6.636	3456.78
6.637	3498.05
6.638	3528.66
6.639	3548.3
6.64	3556.81
6.641	3554.19
6.642	3540.57
6.643	3516.23
6.644	3481.58
6.645	3437.14
6.646	3383.52
6.647	3321.42
6.648	3251.63
6.649	3174.95
6.65	3092.24
6.651	3004.4
6.652	2912.31
6.653	2816.84
6.654	2718.87
6.655	2619.24
6.656	2518.75
6.657	2418.18
6.658	2318.26
6.659	2219.66
6.66	2123.02
6.661	2028.95
6.662	1937.97
6.663	1850.61
6.664	1767.32
6.665	1688.53
6.666	1614.62
6.667	1545.92
6.668	1482.76
6.669	1425.37
6.67	1373.98
6.671	1328.75
6.672	1289.79
6.673	1257.14
6.674	1230.8
6.675	1210.67
6.676	1196.61
6.677	1188.4
6.678	1185.75
6.679	1188.28
6.68	1195.58
6.681	1207.18
6.682	1222.55
6.683	1241.13
6.684	1262.35
6.685	1285.64
6.686	1310.44
6.687	1336.22
6.688	1362.5
6.689	1388.87
6.69	1414.97
6.691	1440.57
6.692	1465.48
6.693	1489.66
6.694	1513.14
6.695	1536.04
6.696	1558.57
6.697	1581.03
6.698	1603.76
6.699	1627.14
6.7	1651.61
6.701	1677.56
6.702	1705.4
6.703	1735.49
6.704	1768.14
6.705	1803.57
6.706	1841.95
6.707	1883.32
6.708	1927.64
6.709	1974.77
6.71	2024.47
6.711	2076.38
6.712	2130.11
6.713	2185.18
6.714	2241.04
6.715	2297.13
6.716	2352.9
6.717	2407.76
6.718	2461.18
6.719	2512.68
6.72	2561.81
6.721	2608.23
6.722	2651.66
6.723	2691.91
6.724	2728.87
6.725	2762.53
6.726	2792.96
6.727	2820.27
6.728	2844.65
6.729	2866.32
6.73	2885.53
6.731	2902.52
6.732	2917.54
6.733	2930.82
6.734	2942.53
6.735	2952.81
6.736	2961.76
6.737	2969.39
6.738	2975.67
6.739	2980.53
6.74	2983.83
6.741	2985.39
6.742	2984.99
6.743	2982.41
6.744	2977.4
6.745	2969.71
6.746	2959.09
6.747	2945.32
6.748	2928.2
6.749	2907.56
6.75	2883.26
6.751	2855.2
6.752	2823.32
6.753	2787.6
6.754	2748.04
6.755	2704.7
6.756	2657.65
6.757	2607.01
6.758	2552.9
6.759	2495.49
6.76	2434.96
6.761	2371.53
6.762	2305.41
6.763	2236.86
6.764	2166.13
6.765	2093.5
6.766	2019.26
6.767	1943.71
6.768	1867.17
6.769	1789.94
6.77	1712.36
6.771	1634.73
6.772	1557.38
6.773	1480.62
6.774	1404.75
6.775	1330.06
6.776	1256.83
6.777	1185.33
6.778	1115.79
6.779	1048.45
6.78	983.518
6.781	921.181
6.782	861.62
6.783	804.998
6.784	751.465
6.785	701.164
6.786	654.226
6.787	610.783
6.788	570.961
6.789	534.892
6.79	502.711
6.791	474.561
6.792	450.595
6.793	430.981
6.794	415.902
6.795	405.556
6.796	400.162
6.797	399.954
6.798	405.185
6.799	416.123
6.8	433.048
6.801	456.247
6.802	486.009
6.803	522.618
6.804	566.343
6.805	617.43
6.806	676.09
6.807	742.485
6.808	816.719
6.809	898.824
6.81	988.746
6.811	1086.34
6.812	1191.34
6.813	1303.39
6.814	1422
6.815	1546.55
6.816	1676.3
6.817	1810.4
6.818	1947.87
6.819	2087.64
6.82	2228.54
6.821	2369.33
6.822	2508.72
6.823	2645.38
6.824	2777.98
6.825	2905.2
6.826	3025.76
6.827	3138.45
6.828	3242.16
6.829	3335.88
6.83	3418.75
6.831	3490.03
6.832	3549.18
6.833	3595.82
6.834	3629.76
6.835	3650.99
6.836	3659.71
6.837	3656.28
6.838	3641.24
6.839	3615.3
6.84	3579.32
6.841	3534.29
6.842	3481.29
6.843	3421.52
6.844	3356.19
6.845	3286.59
6.846	3213.99
6.847	3139.62
6.848	3064.7
6.849	2990.33
6.85	2917.54
6.851	2847.23
6.852	2780.16
6.853	2716.94
6.854	2658.03
6.855	2603.72
6.856	2554.13
6.857	2509.23
6.858	2468.86
6.859	2432.7
6.86	2400.32
6.861	2371.2
6.862	2344.75
6.863	2320.33
6.864	2297.27
6.865	2274.91
6.866	2252.62
6.867	2229.8
6.868	2205.93
6.869	2180.58
6.87	2153.4
6.871	2124.19
6.872	2092.8
6.873	2059.26
6.874	2023.67
6.875	1986.25
6.876	1947.31
6.877	1907.25
6.878	1866.53
6.879	1825.65
6.88	1785.14
6.881	1745.54
6.882	1707.37
6.883	1671.12
6.884	1637.2
6.885	1606
6.886	1577.79
6.887	1552.76
6.888	1531
6.889	1512.5
6.89	1497.14
6.891	1484.74
6.892	1474.98
6.893	1467.51
6.894	1461.88
6.895	1457.63
6.896	1454.23
6.897	1451.17
6.898	1447.91
6.899	1443.95
6.9	1438.83
6.901	1432.1
6.902	1423.42
6.903	1412.48
6.904	1399.06
6.905	1383.02
6.906	1364.29
6.907	1342.89
6.908	1318.92
6.909	1292.55
6.91	1264.01
6.911	1233.58
6.912	1201.63
6.913	1168.52
6.914	1134.68
6.915	1100.56
6.916	1066.6
6.917	1033.27
6.918	1001.03
6.919	970.349
6.92	941.653
6.921	915.37
6.922	891.896
6.923	871.599
6.924	854.816
6.925	841.845
6.926	832.945
6.927	828.333
6.928	828.178
6.929	832.603
6.93	841.678
6.931	855.42
6.932	873.794
6.933	896.707
6.934	924.01
6.935	955.5
6.936	990.92
6.937	1029.96
6.938	1072.27
6.939	1117.45
6.94	1165.07
6.941	1214.68
6.942	1265.79
6.943	1317.94
6.944	1370.64
6.945	1423.43
6.946	1475.88
6.947	1527.59
6.948	1578.21
6.949	1627.45
6.95	1675.07
6.951	1720.91
6.952	1764.88
6.953	1806.96
6.954	1847.19
6.955	1885.68
6.956	1922.62
6.957	1958.2
6.958	1992.7
6.959	2026.4
6.96	2059.59
6.961	2092.56
6.962	2125.61
6.963	2158.98
6.964	2192.89
6.965	2227.5
6.966	2262.93
6.967	2299.2
6.968	2336.28
6.969	2374.06
6.97	2412.37
6.971	2450.93
6.972	2489.44
6.973	2527.48
6.974	2564.63
6.975	2600.38
6.976	2634.21
6.977	2665.59
6.978	2693.96
6.979	2718.79
6.98	2739.55
6.981	2755.78
6.982	2767.06
6.983	2773.04
6.984	2773.46
6.985	2768.15
6.986	2757.05
6.987	2740.19
6.988	2717.73
6.989	2689.96
6.99	2657.25
6.991	2620.1
6.992	2579.09
6.993	2534.91
6.994	2488.29
6.995	2440.03
6.996	2390.97
6.997	2341.95
6.998	2293.8
6.999	2247.35
7	2203.35
7.001	2162.5
7.002	2125.44
7.003	2092.67
7.004	2064.65
7.005	2041.67
7.006	2023.95
7.007	2011.58
7.008	2004.55
7.009	2002.74
7.01	2005.93
7.011	2013.85
7.012	2026.13
7.013	2042.36
7.014	2062.08
7.015	2084.8
7.016	2110.04
7.017	2137.3
7.018	2166.09
7.019	2195.95
7.02	2226.44
7.021	2257.18
7.022	2287.78
7.023	2317.94
7.024	2347.37
7.025	2375.83
7.026	2403.11
7.027	2429.05
7.028	2453.48
7.029	2476.3
7.03	2497.39
7.031	2516.67
7.032	2534.04
7.033	2549.44
7.034	2562.77
7.035	2573.96
7.036	2582.93
7.037	2589.58
7.038	2593.83
7.039	2595.58
7.04	2594.74
7.041	2591.22
7.042	2584.94
7.043	2575.81
7.044	2563.76
7.045	2548.76
7.046	2530.75
7.047	2509.73
7.048	2485.7
7.049	2458.68
7.05	2428.74
7.051	2395.95
7.052	2360.42
7.053	2322.28
7.054	2281.71
7.055	2238.9
7.056	2194.07
7.057	2147.47
7.058	2099.38
7.059	2050.11
7.06	1999.99
7.061	1949.38
7.062	1898.63
7.063	1848.14
7.064	1798.3
7.065	1749.5
7.066	1702.13
7.067	1656.56
7.068	1613.16
7.069	1572.26
7.07	1534.15
7.071	1499.08
7.072	1467.25
7.073	1438.83
7.074	1413.91
7.075	1392.51
7.076	1374.63
7.077	1360.17
7.078	1349
7.079	1340.94
7.08	1335.76
7.081	1333.2
7.082	1332.96
7.083	1334.73
7.084	1338.19
7.085	1343.02
7.086	1348.91
7.087	1355.56
7.088	1362.71
7.089	1370.12
7.09	1377.58
7.091	1384.96
7.092	1392.13
7.093	1399.05
7.094	1405.72
7.095	1412.2
7.096	1418.61
7.097	1425.13
7.098	1431.99
7.099	1439.49
7.1	1447.97
7.101	1457.82
7.102	1469.48
7.103	1483.42
7.104	1500.12
7.105	1520.1
7.106	1543.84
7.107	1571.84
7.108	1604.52
7.109	1642.27
7.11	1685.4
7.111	1734.12
7.112	1788.54
7.113	1848.62
7.114	1914.18
7.115	1984.91
7.116	2060.31
7.117	2139.72
7.118	2222.35
7.119	2307.23
7.12	2393.27
7.121	2479.29
7.122	2564.01
7.123	2646.09
7.124	2724.19
7.125	2796.99
7.126	2863.24
7.127	2921.78
7.128	2971.57
7.129	3011.79
7.13	3041.76
7.131	3061.07
7.132	3069.5
7.133	3067.11
7.134	3054.18
7.135	3031.22
7.136	2998.97
7.137	2958.35
7.138	2910.43
7.139	2856.43
7.14	2797.62
7.141	2735.35
7.142	2670.94
7.143	2605.7
7.144	2540.85
7.145	2477.5
7.146	2416.63
7.147	2359.08
7.148	2305.46
7.149	2256.26
7.15	2211.74
7.151	2171.99
7.152	2136.93
7.153	2106.3
7.154	2079.72
7.155	2056.68
7.156	2036.57
7.157	2018.72
7.158	2002.4
7.159	1986.88
7.16	1971.42
7.161	1955.32
7.162	1937.91
7.163	1918.6
7.164	1896.87
7.165	1872.3
7.166	1844.57
7.167	1813.43
7.168	1778.76
7.169	1740.55
7.17	1698.85
7.171	1653.83
7.172	1605.73
7.173	1554.86
7.174	1501.58
7.175	1446.32
7.176	1389.53
7.177	1331.7
7.178	1273.32
7.179	1214.89
7.18	1156.9
7.181	1099.85
7.182	1044.18
7.183	990.338
7.184	938.722
7.185	889.701
7.186	843.606
7.187	800.726
7.188	761.31
7.189	725.565
7.19	693.657
7.191	665.711
7.192	641.809
7.193	621.997
7.194	606.28
7.195	594.628
7.196	586.975
7.197	583.222
7.198	583.241
7.199	586.874
7.2	593.939
7.201	604.233
7.202	617.536
7.203	633.613
7.204	652.221
7.205	673.112
7.206	696.038
7.207	720.756
7.208	747.033
7.209	774.646
7.21	803.391
7.211	833.082
7.212	863.551
7.213	894.654
7.214	926.267
7.215	958.286
7.216	990.622
7.217	1023.2
7.218	1055.96
7.219	1088.84
7.22	1121.78
7.221	1154.72
7.222	1187.58
7.223	1220.28
7.224	1252.71
7.225	1284.74
7.226	1316.21
7.227	1346.96
7.228	1376.79
7.229	1405.47
7.23	1432.78
7.231	1458.47
7.232	1482.28
7.233	1503.98
7.234	1523.3
7.235	1540.04
7.236	1553.98
7.237	1564.96
7.238	1572.86
7.239	1577.57
7.24	1579.06
7.241	1577.35
7.242	1572.51
7.243	1564.66
7.244	1553.97
7.245	1540.68
7.246	1525.06
7.247	1507.42
7.248	1488.11
7.249	1467.51
7.25	1446.02
7.251	1424.04
7.252	1401.98
7.253	1380.25
7.254	1359.23
7.255	1339.29
7.256	1320.77
7.257	1303.97
7.258	1289.16
7.259	1276.56
7.26	1266.34
7.261	1258.62
7.262	1253.47
7.263	1250.92
7.264	1250.93
7.265	1253.41
7.266	1258.24
7.267	1265.23
7.268	1274.18
7.269	1284.83
7.27	1296.89
7.271	1310.04
7.272	1323.98
7.273	1338.34
7.274	1352.81
7.275	1367.03
7.276	1380.68
7.277	1393.48
7.278	1405.16
7.279	1415.49
7.28	1424.28
7.281	1431.43
7.282	1436.86
7.283	1440.55
7.284	1442.57
7.285	1443.02
7.286	1442.08
7.287	1439.96
7.288	1436.92
7.289	1433.25
7.29	1429.26
7.291	1425.28
7.292	1421.61
7.293	1418.55
7.294	1416.36
7.295	1415.26
7.296	1415.4
7.297	1416.87
7.298	1419.71
7.299	1423.86
7.3	1429.2
7.301	1435.53
7.302	1442.6
7.303	1450.1
7.304	1457.68
7.305	1464.97
7.306	1471.56
7.307	1477.07
7.308	1481.15
7.309	1483.45
7.31	1483.71
7.311	1481.7
7.312	1477.29
7.313	1470.41
7.314	1461.08
7.315	1449.41
7.316	1435.59
7.317	1419.88
7.318	1402.61
7.319	1384.18
7.32	1365.02
7.321	1345.59
7.322	1326.39
7.323	1307.89
7.324	1290.58
7.325	1274.9
7.326	1261.27
7.327	1250.07
7.328	1241.62
7.329	1236.18
7.33	1233.96
7.331	1235.09
7.332	1239.67
7.333	1247.72
7.334	1259.21
7.335	1274.08
7.336	1292.21
7.337	1313.46
7.338	1337.64
7.339	1364.55
7.34	1393.96
7.341	1425.64
7.342	1459.33
7.343	1494.75
7.344	1531.64
7.345	1569.69
7.346	1608.61
7.347	1648.06
7.348	1687.73
7.349	1727.26
7.35	1766.29
7.351	1804.46
7.352	1841.39
7.353	1876.71
7.354	1910.02
7.355	1940.97
7.356	1969.22
7.357	1994.43
7.358	2016.32
7.359	2034.64
7.36	2049.21
7.361	2059.89
7.362	2066.6
7.363	2069.33
7.364	2068.16
7.365	2063.22
7.366	2054.69
7.367	2042.84
7.368	2027.97
7.369	2010.44
7.37	1990.64
7.371	1968.98
7.372	1945.89
7.373	1921.8
7.374	1897.13
7.375	1872.27
7.376	1847.6
7.377	1823.47
7.378	1800.16
7.379	1777.92
7.38	1756.96
7.381	1737.42
7.382	1719.41
7.383	1702.95
7.384	1688.06
7.385	1674.67
7.386	1662.7
7.387	1652.01
7.388	1642.42
7.389	1633.74
7.39	1625.74
7.391	1618.16
7.392	1610.76
7.393	1603.24
7.394	1595.35
7.395	1586.81
7.396	1577.36
7.397	1566.75
7.398	1554.79
7.399	1541.28
7.4	1526.08
7.401	1509.11
7.402	1490.33
7.403	1469.76
7.404	1447.48
7.405	1423.65
7.406	1398.47
7.407	1372.22
7.408	1345.25
7.409	1317.92
7.41	1290.69
7.411	1264
7.412	1238.35
7.413	1214.24
7.414	1192.17
7.415	1172.61
7.416	1156.01
7.417	1142.77
7.418	1133.24
7.419	1127.71
7.42	1126.38
7.421	1129.38
7.422	1136.77
7.423	1148.51
7.424	1164.47
7.425	1184.48
7.426	1208.28
7.427	1235.54
7.428	1265.91
7.429	1298.98
7.43	1334.33
7.431	1371.53
7.432	1410.14
7.433	1449.75
7.434	1489.97
7.435	1530.44
7.436	1570.84
7.437	1610.89
7.438	1650.38
7.439	1689.11
7.44	1726.95
7.441	1763.81
7.442	1799.64
7.443	1834.39
7.444	1868.07
7.445	1900.67
7.446	1932.22
7.447	1962.73
7.448	1992.2
7.449	2020.62
7.45	2047.98
7.451	2074.22
7.452	2099.29
7.453	2123.11
7.454	2145.58
7.455	2166.59
7.456	2186.02
7.457	2203.76
7.458	2219.69
7.459	2233.69
7.46	2245.68
7.461	2255.58
7.462	2263.35
7.463	2268.95
7.464	2272.4
7.465	2273.74
7.466	2273.03
7.467	2270.38
7.468	2265.89
7.469	2259.72
7.47	2252.03
7.471	2242.98
7.472	2232.76
7.473	2221.56
7.474	2209.54
7.475	2196.9
7.476	2183.79
7.477	2170.36
7.478	2156.77
7.479	2143.14
7.48	2129.59
7.481	2116.24
7.482	2103.21
7.483	2090.59
7.484	2078.52
7.485	2067.11
7.486	2056.52
7.487	2046.9
7.488	2038.45
7.489	2031.37
7.49	2025.9
7.491	2022.32
7.492	2020.91
7.493	2022
7.494	2025.91
7.495	2032.99
7.496	2043.58
7.497	2058.01
7.498	2076.61
7.499	2099.65
