0.5	0
0.501	0
0.502	0
0.503	0
0.504	0
0.505	0
0.506	0
0.507	0
0.508	0
0.509	0
0.51	0
0.511	0
0.512	0
0.513	0
0.514	0
0.515	0
0.516	0
0.517	0
0.518	0
0.519	0
0.52	0
0.521	0
0.522	0
0.523	0
0.524	0
0.525	0
0.526	0
0.527	0
0.528	0
0.529	0
0.53	0
0.531	0
0.532	0
0.533	0
0.534	0
0.535	0
0.536	0
0.537	0
0.538	0
0.539	0
0.54	0
0.541	0
0.542	0
0.543	0
0.544	0
0.545	0
0.546	1.30335e-319
0.547	2.23216e-316
0.548	3.70191e-313
0.549	5.9123e-310
0.55	9.09329e-307
0.551	1.34685e-303
0.552	1.9211e-300
0.553	2.63884e-297
0.554	3.49068e-294
0.555	4.44672e-291
0.556	5.4551e-288
0.557	6.44464e-285
0.558	7.33209e-282
0.559	8.03323e-279
0.56	8.47589e-276
0.561	8.6122e-273
0.562	8.42705e-270
0.563	7.94091e-267
0.564	7.20606e-264
0.565	6.29737e-261
0.566	5.29972e-258
0.567	4.29517e-255
0.568	3.35228e-252
0.569	2.51961e-249
0.57	1.82373e-246
0.571	1.27122e-243
0.572	8.53321e-241
0.573	5.51618e-238
0.574	3.43398e-235
0.575	2.05868e-232
0.576	1.18854e-229
0.577	6.60804e-227
0.578	3.53805e-224
0.579	1.82427e-221
0.58	9.05829e-219
0.581	4.33148e-216
0.582	1.99462e-213
0.583	8.8454e-211
0.584	3.77753e-208
0.585	1.55357e-205
0.586	6.153e-203
0.587	2.3468e-200
0.588	8.61982e-198
0.589	3.04898e-195
0.59	1.03859e-192
0.591	3.40694e-190
0.592	1.07626e-187
0.593	3.27421e-185
0.594	9.59242e-183
0.595	2.70634e-180
0.596	7.35308e-178
0.597	1.92393e-175
0.598	4.84779e-173
0.599	1.17633e-170
0.6	2.74884e-168
0.601	6.18589e-166
0.602	1.34057e-163
0.603	2.79774e-161
0.604	5.62289e-159
0.605	1.08829e-156
0.606	2.02844e-154
0.607	3.64095e-152
0.608	6.2936e-150
0.609	1.04765e-147
0.61	1.67945e-145
0.611	2.5927e-143
0.612	3.8545e-141
0.613	5.51847e-139
0.614	7.60855e-137
0.615	1.01022e-134
0.616	1.29172e-132
0.617	1.59056e-130
0.618	1.8861e-128
0.619	2.15384e-126
0.62	2.36862e-124
0.621	2.50848e-122
0.622	2.55835e-120
0.623	2.5127e-118
0.624	2.37659e-116
0.625	2.16472e-114
0.626	1.89881e-112
0.627	1.60397e-110
0.628	1.3048e-108
0.629	1.02217e-106
0.63	7.71144e-105
0.631	5.6025e-103
0.632	3.91977e-101
0.633	2.64103e-99
0.634	1.71363e-97
0.635	1.07077e-95
0.636	6.4433e-94
0.637	3.73382e-92
0.638	2.08368e-90
0.639	1.1198e-88
0.64	5.79543e-87
0.641	2.88844e-85
0.642	1.38635e-83
0.643	6.40791e-82
0.644	2.85228e-80
0.645	1.22265e-78
0.646	5.04713e-77
0.647	2.00641e-75
0.648	7.6812e-74
0.649	2.83186e-72
0.65	1.00542e-70
0.651	3.43759e-69
0.652	1.13187e-67
0.653	3.58897e-66
0.654	1.09592e-64
0.655	3.22269e-63
0.656	9.12624e-62
0.657	2.48885e-60
0.658	6.5364e-59
0.659	1.65315e-57
0.66	4.02641e-56
0.661	9.44402e-55
0.662	2.13319e-53
0.663	4.64018e-52
0.664	9.72016e-51
0.665	1.96085e-49
0.666	3.80934e-48
0.667	7.12669e-47
0.668	1.28398e-45
0.669	2.22773e-44
0.67	3.7222e-43
0.671	5.98922e-42
0.672	9.28055e-41
0.673	1.38487e-39
0.674	1.99012e-38
0.675	2.75412e-37
0.676	3.67044e-36
0.677	4.71072e-35
0.678	5.82223e-34
0.679	6.92986e-33
0.68	7.94315e-32
0.681	8.76788e-31
0.682	9.32028e-30
0.683	9.54106e-29
0.684	9.40583e-28
0.685	8.92958e-27
0.686	8.1639e-26
0.687	7.18783e-25
0.688	6.0944e-24
0.689	4.97619e-23
0.69	3.91288e-22
0.691	2.96298e-21
0.692	2.1607e-20
0.693	1.51738e-19
0.694	1.02618e-18
0.695	6.68329e-18
0.696	4.19168e-17
0.697	2.53174e-16
0.698	1.47259e-15
0.699	8.24861e-15
0.7	4.4495e-14
0.701	2.3114e-13
0.702	1.1563e-12
0.703	5.57059e-12
0.704	2.58442e-11
0.705	1.15467e-10
0.706	4.96808e-10
0.707	2.0585e-09
0.708	8.21384e-09
0.709	3.15627e-08
0.71	1.16798e-07
0.711	4.16227e-07
0.712	1.42843e-06
0.713	4.72084e-06
0.714	1.5025e-05
0.715	4.60511e-05
0.716	0.000135925
0.717	0.000386361
0.718	0.0010576
0.719	0.00278791
0.72	0.00707737
0.721	0.0173021
0.722	0.0407339
0.723	0.0923524
0.724	0.201638
0.725	0.423966
0.726	0.858465
0.727	1.67397
0.728	3.14343
0.729	5.68453
0.73	9.89962
0.731	16.6026
0.732	26.8142
0.733	41.705
0.734	62.4661
0.735	90.1017
0.736	125.157
0.737	167.421
0.738	215.675
0.739	267.56
0.74	319.651
0.741	367.759
0.742	407.459
0.743	434.749
0.744	446.71
0.745	442.024
0.746	421.21
0.747	386.532
0.748	341.59
0.749	290.709
0.75	238.256
0.751	188.045
0.752	142.927
0.753	104.616
0.754	73.7425
0.755	50.0575
0.756	32.723
0.757	20.6002
0.758	12.4888
0.759	7.29131
0.76	4.09942
0.761	2.21959
0.762	1.15733
0.763	0.581128
0.764	0.281009
0.765	0.130859
0.766	0.0586839
0.767	0.0253435
0.768	0.0105402
0.769	0.00422147
0.77	0.00162821
0.771	0.000604774
0.772	0.000216325
0.773	7.45168e-05
0.774	2.47192e-05
0.775	7.89674e-06
0.776	2.42937e-06
0.777	7.19738e-07
0.778	2.05346e-07
0.779	5.642e-08
0.78	1.49284e-08
0.781	3.80386e-09
0.782	9.33403e-10
0.783	2.20571e-10
0.784	5.01948e-11
0.785	1.10003e-11
0.786	2.32157e-12
0.787	4.71837e-13
0.788	9.23497e-14
0.789	1.74065e-14
0.79	3.15953e-15
0.791	5.52288e-16
0.792	9.29699e-17
0.793	1.50713e-17
0.794	2.35285e-18
0.795	3.53728e-19
0.796	5.12128e-20
0.797	7.14036e-21
0.798	9.58727e-22
0.799	1.23966e-22
0.8	1.54363e-23
0.801	1.85105e-24
0.802	2.1376e-25
0.803	2.3772e-26
0.804	2.54589e-27
0.805	2.62571e-28
0.806	2.60787e-29
0.807	2.49436e-30
0.808	2.29755e-31
0.809	2.038e-32
0.81	1.74091e-33
0.811	1.43213e-34
0.812	1.13454e-35
0.813	8.65549e-37
0.814	6.35911e-38
0.815	4.49919e-39
0.816	3.06553e-40
0.817	2.01145e-41
0.818	1.271e-42
0.819	7.73422e-44
0.82	4.53231e-45
0.821	2.55774e-46
0.822	1.39003e-47
0.823	7.27492e-49
0.824	3.6666e-50
0.825	1.77964e-51
0.826	8.3183e-53
0.827	3.74429e-54
0.828	1.62307e-55
0.829	6.77546e-57
0.83	2.72379e-58
0.831	1.05449e-59
0.832	3.93135e-61
0.833	1.41148e-62
0.834	4.88025e-64
0.835	1.62496e-65
0.836	5.21044e-67
0.837	1.60894e-68
0.838	4.78454e-70
0.839	1.37016e-71
0.84	3.77866e-73
0.841	1.00354e-74
0.842	2.56666e-76
0.843	6.32168e-78
0.844	1.49945e-79
0.845	3.42501e-81
0.846	7.534e-83
0.847	1.59596e-84
0.848	3.25577e-86
0.849	6.39612e-88
0.85	1.21008e-89
0.851	2.20466e-91
0.852	3.86817e-93
0.853	6.53584e-95
0.854	1.06349e-96
0.855	1.67698e-98
0.856	2.50104e-99
0.857	4.71122e-98
0.858	9.66893e-97
0.859	1.94507e-95
0.86	3.83506e-94
0.861	7.4112e-93
0.862	1.40373e-91
0.863	2.6059e-90
0.864	4.74144e-89
0.865	8.45556e-88
0.866	1.47793e-86
0.867	2.53189e-85
0.868	4.25122e-84
0.869	6.9962e-83
0.87	1.12847e-81
0.871	1.78401e-80
0.872	2.76428e-79
0.873	4.19805e-78
0.874	6.24873e-77
0.875	9.11622e-76
0.876	1.30352e-74
0.877	1.82683e-73
0.878	2.50933e-72
0.879	3.3783e-71
0.88	4.45776e-70
0.881	5.7652e-69
0.882	7.30788e-68
0.883	9.07919e-67
0.884	1.10556e-65
0.885	1.31946e-64
0.886	1.54344e-63
0.887	1.76955e-62
0.888	1.98844e-61
0.889	2.19e-60
0.89	2.36403e-59
0.891	2.50116e-58
0.892	2.59364e-57
0.893	2.63607e-56
0.894	2.62593e-55
0.895	2.56382e-54
0.896	2.45342e-53
0.897	2.3011e-52
0.898	2.11533e-51
0.899	1.90589e-50
0.9	1.68306e-49
0.901	1.45673e-48
0.902	1.23577e-47
0.903	1.02749e-46
0.904	8.37322e-46
0.905	6.68788e-45
0.906	5.23557e-44
0.907	4.01715e-43
0.908	3.021e-42
0.909	2.22671e-41
0.91	1.60863e-40
0.911	1.13901e-39
0.912	7.90452e-39
0.913	5.37656e-38
0.914	3.58436e-37
0.915	2.34207e-36
0.916	1.49991e-35
0.917	9.41479e-35
0.918	5.79208e-34
0.919	3.49251e-33
0.92	2.06405e-32
0.921	1.19559e-31
0.922	6.7877e-31
0.923	3.77696e-30
0.924	2.05988e-29
0.925	1.10108e-28
0.926	5.76868e-28
0.927	2.96219e-27
0.928	1.49083e-26
0.929	7.35397e-26
0.93	3.55546e-25
0.931	1.6848e-24
0.932	7.82492e-24
0.933	3.56197e-23
0.934	1.58921e-22
0.935	6.94943e-22
0.936	2.9785e-21
0.937	1.25119e-20
0.938	5.15146e-20
0.939	2.07881e-19
0.94	8.22205e-19
0.941	3.18731e-18
0.942	1.21101e-17
0.943	4.5097e-17
0.944	1.646e-16
0.945	5.88828e-16
0.946	2.06456e-15
0.947	7.09489e-15
0.948	2.3897e-14
0.949	7.88895e-14
0.95	2.55255e-13
0.951	8.09485e-13
0.952	2.51607e-12
0.953	7.66505e-12
0.954	2.28869e-11
0.955	6.69788e-11
0.956	1.92118e-10
0.957	5.40103e-10
0.958	1.48821e-09
0.959	4.01913e-09
0.96	1.06384e-08
0.961	2.75997e-08
0.962	7.01792e-08
0.963	1.74901e-07
0.964	4.27223e-07
0.965	1.02281e-06
0.966	2.40003e-06
0.967	5.51972e-06
0.968	1.24422e-05
0.969	2.74887e-05
0.97	5.95239e-05
0.971	0.00012633
0.972	0.000262787
0.973	0.00053577
0.974	0.00107061
0.975	0.00209684
0.976	0.0040251
0.977	0.00757299
0.978	0.0139649
0.979	0.0252398
0.98	0.0447111
0.981	0.0776287
0.982	0.132102
0.983	0.220331
0.984	0.36018
0.985	0.577091
0.986	0.906249
0.987	1.39486
0.988	2.10423
0.989	3.11126
0.99	4.5088
0.991	6.40421
0.992	8.91567
0.993	12.1654
0.994	16.27
0.995	21.3275
0.996	27.4027
0.997	34.5111
0.998	42.6042
0.999	51.5587
1	61.1718
1.001	71.1646
1.002	81.1976
1.003	90.8961
1.004	99.8882
1.005	107.85
1.006	114.561
1.007	119.956
1.008	124.175
1.009	127.615
1.01	130.951
1.011	135.158
1.012	141.501
1.013	151.503
1.014	166.889
1.015	189.499
1.016	221.167
1.017	263.584
1.018	318.124
1.019	385.666
1.02	466.412
1.021	559.729
1.022	664.028
1.023	776.713
1.024	894.214
1.025	1012.11
1.026	1125.38
1.027	1228.69
1.028	1316.83
1.029	1385.06
1.03	1429.59
1.031	1447.85
1.032	1438.73
1.033	1402.71
1.034	1341.77
1.035	1259.24
1.036	1159.45
1.037	1047.39
1.038	928.269
1.039	807.143
1.04	688.552
1.041	576.278
1.042	473.191
1.043	381.197
1.044	301.28
1.045	233.615
1.046	177.722
1.047	132.644
1.048	97.1284
1.049	69.7775
1.05	49.1815
1.051	34.0111
1.052	23.0787
1.053	15.3708
1.054	10.0554
1.055	6.47509
1.056	4.12851
1.057	2.64804
1.058	1.77699
1.059	1.34916
1.06	1.27284
1.061	1.5198
1.062	2.11975
1.063	3.15981
1.064	4.78859
1.065	7.2237
1.066	10.7616
1.067	15.7878
1.068	22.7858
1.069	32.3405
1.07	45.1354
1.071	61.9383
1.072	83.5728
1.073	110.875
1.074	144.631
1.075	185.502
1.076	233.937
1.077	290.074
1.078	353.654
1.079	423.945
1.08	499.69
1.081	579.099
1.082	659.88
1.083	739.33
1.084	814.463
1.085	882.197
1.086	939.55
1.087	983.863
1.088	1013
1.089	1025.52
1.09	1020.8
1.091	999.077
1.092	961.428
1.093	909.692
1.094	846.317
1.095	774.162
1.096	696.292
1.097	615.759
1.098	535.416
1.099	457.754
1.1	384.799
1.101	318.05
1.102	258.475
1.103	206.538
1.104	162.272
1.105	125.357
1.106	95.2166
1.107	71.1111
1.108	52.2183
1.109	37.7024
1.11	26.7655
1.111	18.6828
1.112	12.8224
1.113	8.65282
1.114	5.74124
1.115	3.74554
1.116	2.40262
1.117	1.51535
1.118	0.939733
1.119	0.573001
1.12	0.343532
1.121	0.202506
1.122	0.117374
1.123	0.0668905
1.124	0.0374816
1.125	0.0206505
1.126	0.0111868
1.127	0.00595855
1.128	0.00312059
1.129	0.00160691
1.13	0.000813596
1.131	0.000405029
1.132	0.000198255
1.133	9.54177e-05
1.134	4.51563e-05
1.135	2.10182e-05
1.136	9.63309e-06
1.137	4.37295e-06
1.138	2.0231e-06
1.139	1.07622e-06
1.14	8.87663e-07
1.141	1.29063e-06
1.142	2.47524e-06
1.143	5.05883e-06
1.144	1.03637e-05
1.145	2.10059e-05
1.146	4.2014e-05
1.147	8.28814e-05
1.148	0.000161245
1.149	0.000309366
1.15	0.000585351
1.151	0.00109224
1.152	0.00200989
1.153	0.00364741
1.154	0.00652758
1.155	0.0115206
1.156	0.0200519
1.157	0.0344185
1.158	0.0582619
1.159	0.0972597
1.16	0.160117
1.161	0.259955
1.162	0.416212
1.163	0.657184
1.164	1.02333
1.165	1.57145
1.166	2.37981
1.167	3.55417
1.168	5.2347
1.169	7.60327
1.17	10.891
1.171	15.3846
1.172	21.4321
1.173	29.4441
1.174	39.8921
1.175	53.3007
1.176	70.2319
1.177	91.2625
1.178	116.952
1.179	147.8
1.18	184.205
1.181	226.404
1.182	274.424
1.183	328.032
1.184	386.693
1.185	449.545
1.186	515.389
1.187	582.712
1.188	649.723
1.189	714.429
1.19	774.721
1.191	828.492
1.192	873.75
1.193	908.745
1.194	932.08
1.195	942.801
1.196	940.467
1.197	925.172
1.198	897.549
1.199	858.716
1.2	810.209
1.201	753.877
1.202	691.767
1.203	626.002
1.204	558.66
1.205	491.672
1.206	426.736
1.207	365.258
1.208	308.316
1.209	256.654
1.21	210.696
1.211	170.577
1.212	136.189
1.213	107.23
1.214	83.2625
1.215	63.7585
1.216	48.1485
1.217	35.8578
1.218	26.3354
1.219	19.0745
1.22	13.6246
1.221	9.59727
1.222	6.66697
1.223	4.56737
1.224	3.08574
1.225	2.05593
1.226	1.35087
1.227	0.875338
1.228	0.559362
1.229	0.352506
1.23	0.219077
1.231	0.134271
1.232	0.0811567
1.233	0.0483752
1.234	0.0284365
1.235	0.0164849
1.236	0.00942438
1.237	0.00531343
1.238	0.00295429
1.239	0.0016199
1.24	0.000875948
1.241	0.000467116
1.242	0.000245656
1.243	0.000127405
1.244	6.51631e-05
1.245	3.28679e-05
1.246	1.63493e-05
1.247	8.02017e-06
1.248	3.87996e-06
1.249	1.85117e-06
1.25	8.71187e-07
1.251	4.04735e-07
1.252	1.86341e-07
1.253	8.66019e-08
1.254	4.40056e-08
1.255	3.10544e-08
1.256	3.83682e-08
1.257	6.86802e-08
1.258	1.37373e-07
1.259	2.79326e-07
1.26	5.64648e-07
1.261	1.12946e-06
1.262	2.23342e-06
1.263	4.36514e-06
1.264	8.43205e-06
1.265	1.60981e-05
1.266	3.03752e-05
1.267	5.66458e-05
1.268	0.000104405
1.269	0.000190186
1.27	0.000342406
1.271	0.000609266
1.272	0.00107146
1.273	0.00186231
1.274	0.00319912
1.275	0.00543143
1.276	0.00911385
1.277	0.0151145
1.278	0.0247736
1.279	0.0401319
1.28	0.064253
1.281	0.101672
1.282	0.159007
1.283	0.245772
1.284	0.375451
1.285	0.566865
1.286	0.845881
1.287	1.24751
1.288	1.81837
1.289	2.61953
1.29	3.72967
1.291	5.24834
1.292	7.29924
1.293	10.0331
1.294	13.6302
1.295	18.3007
1.296	24.2852
1.297	31.8506
1.298	41.2856
1.299	52.8912
1.3	66.9688
1.301	83.8043
1.302	103.649
1.303	126.697
1.304	153.064
1.305	182.761
1.306	215.674
1.307	251.545
1.308	289.961
1.309	330.345
1.31	371.962
1.311	413.937
1.312	455.276
1.313	494.902
1.314	531.702
1.315	564.574
1.316	592.486
1.317	614.525
1.318	629.949
1.319	638.227
1.32	639.071
1.321	632.452
1.322	618.601
1.323	597.995
1.324	571.332
1.325	539.49
1.326	503.481
1.327	464.395
1.328	423.346
1.329	381.424
1.33	339.644
1.331	298.913
1.332	259.998
1.333	223.511
1.334	189.904
1.335	159.467
1.336	132.347
1.337	108.557
1.338	88.0055
1.339	70.5123
1.34	55.8372
1.341	43.7006
1.342	33.8029
1.343	25.842
1.344	19.5255
1.345	14.5808
1.346	10.7614
1.347	7.84975
1.348	5.65912
1.349	4.03224
1.35	2.83954
1.351	1.9763
1.352	1.35945
1.353	0.924225
1.354	0.621007
1.355	0.412401
1.356	0.270674
1.357	0.175583
1.358	0.112571
1.359	0.0713331
1.36	0.0446796
1.361	0.0276676
1.362	0.0169489
1.363	0.0102891
1.364	0.00622109
1.365	0.0037991
1.366	0.00242981
1.367	0.00175828
1.368	0.00159507
1.369	0.00187338
1.37	0.00262946
1.371	0.00400204
1.372	0.00624929
1.373	0.00978366
1.374	0.0152271
1.375	0.0234903
1.376	0.0358816
1.377	0.0542521
1.378	0.0811843
1.379	0.120232
1.38	0.176223
1.381	0.255618
1.382	0.366957
1.383	0.521354
1.384	0.733076
1.385	1.02016
1.386	1.40506
1.387	1.9153
1.388	2.58404
1.389	3.45056
1.39	4.56057
1.391	5.96621
1.392	7.72578
1.393	9.90298
1.394	12.5658
1.395	15.7846
1.396	19.6303
1.397	24.1713
1.398	29.4706
1.399	35.5828
1.4	42.5503
1.401	50.401
1.402	59.1453
1.403	68.7747
1.404	79.2616
1.405	90.5598
1.406	102.607
1.407	115.329
1.408	128.644
1.409	142.471
1.41	156.735
1.411	171.375
1.412	186.35
1.413	201.646
1.414	217.281
1.415	233.301
1.416	249.783
1.417	266.832
1.418	284.564
1.419	303.108
1.42	322.581
1.421	343.082
1.422	364.669
1.423	387.353
1.424	411.078
1.425	435.712
1.426	461.044
1.427	486.778
1.428	512.536
1.429	537.868
1.43	562.262
1.431	585.164
1.432	605.995
1.433	624.178
1.434	639.157
1.435	650.428
1.436	657.556
1.437	660.2
1.438	658.127
1.439	651.225
1.44	639.511
1.441	623.13
1.442	602.35
1.443	577.558
1.444	549.234
1.445	517.945
1.446	484.31
1.447	448.989
1.448	412.648
1.449	375.944
1.45	339.498
1.451	303.881
1.452	269.595
1.453	237.067
1.454	206.639
1.455	178.572
1.456	153.039
1.457	130.139
1.458	109.904
1.459	92.3054
1.46	77.269
1.461	64.6864
1.462	54.4257
1.463	46.3428
1.464	40.2895
1.465	36.1215
1.466	33.7026
1.467	32.9081
1.468	33.6255
1.469	35.7534
1.47	39.1987
1.471	43.8732
1.472	49.6886
1.473	56.5514
1.474	64.3578
1.475	72.9897
1.476	82.3108
1.477	92.1643
1.478	102.372
1.479	112.737
1.48	123.043
1.481	133.064
1.482	142.564
1.483	151.312
1.484	159.083
1.485	165.671
1.486	170.898
1.487	174.616
1.488	176.72
1.489	177.151
1.49	175.894
1.491	172.986
1.492	168.509
1.493	162.586
1.494	155.381
1.495	147.082
1.496	137.903
1.497	128.067
1.498	117.802
1.499	107.329
1.5	96.8571
1.501	86.576
1.502	76.6504
1.503	67.2175
1.504	58.3849
1.505	50.2309
1.506	42.8047
1.507	36.1297
1.508	30.2057
1.509	25.013
1.51	20.5162
1.511	16.6681
1.512	13.4132
1.513	10.6918
1.514	8.44194
1.515	6.6029
1.516	5.11635
1.517	3.92808
1.518	2.98882
1.519	2.25477
1.52	1.68775
1.521	1.25505
1.522	0.929186
1.523	0.687386
1.524	0.511116
1.525	0.385503
1.526	0.298794
1.527	0.241828
1.528	0.207564
1.529	0.19065
1.53	0.187061
1.531	0.193785
1.532	0.208567
1.533	0.229698
1.534	0.255849
1.535	0.285945
1.536	0.319062
1.537	0.354363
1.538	0.391047
1.539	0.42832
1.54	0.465386
1.541	0.501445
1.542	0.535705
1.543	0.567405
1.544	0.59584
1.545	0.620403
1.546	0.640621
1.547	0.656213
1.548	0.667153
1.549	0.673753
1.55	0.676772
1.551	0.677576
1.552	0.678346
1.553	0.682396
1.554	0.694612
1.555	0.722081
1.556	0.774983
1.557	0.867821
1.558	1.02114
1.559	1.26382
1.56	1.63621
1.561	2.19425
1.562	3.01483
1.563	4.20271
1.564	5.89932
1.565	8.29374
1.566	11.6362
1.567	16.2544
1.568	22.5729
1.569	31.136
1.57	42.6333
1.571	57.9284
1.572	78.0905
1.573	104.427
1.574	138.516
1.575	182.236
1.576	237.799
1.577	307.762
1.578	395.043
1.579	502.918
1.58	634.994
1.581	795.173
1.582	987.581
1.583	1216.47
1.584	1486.11
1.585	1800.59
1.586	2163.71
1.587	2578.7
1.588	3048.03
1.589	3573.19
1.59	4154.43
1.591	4790.53
1.592	5478.66
1.593	6214.16
1.594	6990.51
1.595	7799.25
1.596	8630.07
1.597	9470.96
1.598	10308.4
1.599	11127.7
1.6	11913.5
1.601	12650
1.602	13321.7
1.603	13913.8
1.604	14412.8
1.605	14807.1
1.606	15087.3
1.607	15246.4
1.608	15280.7
1.609	15189.3
1.61	14974.3
1.611	14641.2
1.612	14197.9
1.613	13654.9
1.614	13024.8
1.615	12321.7
1.616	11560.8
1.617	10757.8
1.618	9928.33
1.619	9087.56
1.62	8249.66
1.621	7427.51
1.622	6632.35
1.623	5873.68
1.624	5159.06
1.625	4494.16
1.626	3882.79
1.627	3327.04
1.628	2827.41
1.629	2383.08
1.63	1992.07
1.631	1651.54
1.632	1357.98
1.633	1107.43
1.634	895.692
1.635	718.5
1.636	571.655
1.637	451.139
1.638	353.212
1.639	274.471
1.64	211.9
1.641	162.907
1.642	125.353
1.643	97.5729
1.644	78.4069
1.645	67.2242
1.646	63.9495
1.647	69.0795
1.648	83.6818
1.649	109.365
1.65	148.206
1.651	202.624
1.652	275.194
1.653	368.396
1.654	484.301
1.655	624.205
1.656	788.23
1.657	974.921
1.658	1180.89
1.659	1400.54
1.66	1626.04
1.661	1847.44
1.662	2053.2
1.663	2231
1.664	2368.87
1.665	2456.43
1.666	2486.21
1.667	2454.66
1.668	2362.81
1.669	2216.29
1.67	2024.8
1.671	1800.99
1.672	1559.01
1.673	1312.96
1.674	1075.46
1.675	856.571
1.676	663.236
1.677	499.145
1.678	365.067
1.679	259.445
1.68	179.142
1.681	120.167
1.682	78.3029
1.683	49.5614
1.684	30.469
1.685	18.1929
1.686	10.5501
1.687	5.94167
1.688	3.24973
1.689	1.72608
1.69	0.890313
1.691	0.445949
1.692	0.216912
1.693	0.102455
1.694	0.0469923
1.695	0.0209298
1.696	0.00905198
1.697	0.00380155
1.698	0.0015503
1.699	0.000613909
1.7	0.000236063
1.701	8.8142e-05
1.702	3.19573e-05
1.703	1.1251e-05
1.704	3.84626e-06
1.705	1.27679e-06
1.706	4.11555e-07
1.707	1.28815e-07
1.708	3.91503e-08
1.709	1.1554e-08
1.71	3.31099e-09
1.711	9.21323e-10
1.712	2.4894e-10
1.713	6.5314e-11
1.714	1.66397e-11
1.715	4.11638e-12
1.716	9.88828e-13
1.717	2.30722e-13
1.718	5.25726e-14
1.719	1.28734e-14
1.72	8.06592e-15
1.721	2.26939e-14
1.722	8.55902e-14
1.723	3.21133e-13
1.724	1.17577e-12
1.725	4.1966e-12
1.726	1.4601e-11
1.727	4.95197e-11
1.728	1.63713e-10
1.729	5.27594e-10
1.73	1.65739e-09
1.731	5.07531e-09
1.732	1.51499e-08
1.733	4.40825e-08
1.734	1.25036e-07
1.735	3.45709e-07
1.736	9.3175e-07
1.737	2.44792e-06
1.738	6.26911e-06
1.739	1.56504e-05
1.74	3.8085e-05
1.741	9.03428e-05
1.742	0.000208902
1.743	0.000470872
1.744	0.0010346
1.745	0.00221592
1.746	0.00462641
1.747	0.00941555
1.748	0.0186791
1.749	0.0361226
1.75	0.0680943
1.751	0.125127
1.752	0.224133
1.753	0.391352
1.754	0.666102
1.755	1.10516
1.756	1.78738
1.757	2.81788
1.758	4.33048
1.759	6.48725
1.76	9.47317
1.761	13.4847
1.762	18.7109
1.763	25.3082
1.764	33.3686
1.765	42.8868
1.766	53.7304
1.767	65.6186
1.768	78.1167
1.769	90.6507
1.77	102.544
1.771	113.072
1.772	121.539
1.773	127.345
1.774	130.065
1.775	129.494
1.776	125.675
1.777	118.894
1.778	109.643
1.779	98.5621
1.78	86.3675
1.781	73.7736
1.782	61.4274
1.783	49.8578
1.784	39.4471
1.785	30.4233
1.786	22.8723
1.787	16.7618
1.788	11.9741
1.789	8.33829
1.79	5.66005
1.791	3.74519
1.792	2.41567
1.793	1.51884
1.794	0.930886
1.795	0.556149
1.796	0.323889
1.797	0.18387
1.798	0.101751
1.799	0.0548875
1.8	0.0288617
1.801	0.0147942
1.802	0.00739289
1.803	0.00360296
1.804	0.00171558
1.805	0.000804931
1.806	0.000386605
1.807	0.000219143
1.808	0.000194374
1.809	0.000281751
1.81	0.000505811
1.811	0.00094562
1.812	0.00175143
1.813	0.00317786
1.814	0.00563511
1.815	0.00976067
1.816	0.0165129
1.817	0.0272848
1.818	0.0440323
1.819	0.0694026
1.82	0.10684
1.821	0.160636
1.822	0.235889
1.823	0.338317
1.824	0.473907
1.825	0.648358
1.826	0.866344
1.827	1.13062
1.828	1.44112
1.829	1.79405
1.83	2.18133
1.831	2.59037
1.832	3.00438
1.833	3.4033
1.834	3.7653
1.835	4.06866
1.836	4.29395
1.837	4.42604
1.838	4.4558
1.839	4.38117
1.84	4.20733
1.841	3.94618
1.842	3.61493
1.843	3.23427
1.844	2.82621
1.845	2.41205
1.846	2.01058
1.847	1.63685
1.848	1.30152
1.849	1.01075
1.85	0.766639
1.851	0.567924
1.852	0.410907
1.853	0.290368
1.854	0.200405
1.855	0.135089
1.856	0.0889386
1.857	0.057191
1.858	0.0359232
1.859	0.0220495
1.86	0.0132453
1.861	0.00783325
1.862	0.00466503
1.863	0.00302101
1.864	0.00254982
1.865	0.00326911
1.866	0.0056586
1.867	0.0108939
1.868	0.0212989
1.869	0.0411377
1.87	0.0779227
1.871	0.144485
1.872	0.26213
1.873	0.465255
1.874	0.807859
1.875	1.37229
1.876	2.28047
1.877	3.70739
1.878	5.89626
1.879	9.17384
1.88	13.9634
1.881	20.792
1.882	30.2879
1.883	43.1624
1.884	60.174
1.885	82.0686
1.886	109.499
1.887	142.926
1.888	182.506
1.889	227.986
1.89	278.615
1.891	333.094
1.892	389.579
1.893	445.747
1.894	498.94
1.895	546.353
1.896	585.281
1.897	613.367
1.898	628.844
1.899	630.711
1.9	618.848
1.901	594.023
1.902	557.812
1.903	512.435
1.904	460.526
1.905	404.889
1.906	348.244
1.907	293.02
1.908	241.199
1.909	194.232
1.91	153.014
1.911	117.925
1.912	88.9093
1.913	65.5774
1.914	47.3181
1.915	33.4015
1.916	23.0659
1.917	15.5826
1.918	10.2985
1.919	6.65849
1.92	4.21155
1.921	2.606
1.922	1.57751
1.923	0.934193
1.924	0.54121
1.925	0.306733
1.926	0.170068
1.927	0.0922461
1.928	0.0489486
1.929	0.0254096
1.93	0.0129039
1.931	0.00641077
1.932	0.00311577
1.933	0.00148144
1.934	0.000689083
1.935	0.000313562
1.936	0.000139586
1.937	6.07888e-05
1.938	2.58983e-05
1.939	1.07941e-05
1.94	4.40115e-06
1.941	1.75555e-06
1.942	6.85052e-07
1.943	2.61517e-07
1.944	9.76659e-08
1.945	3.56822e-08
1.946	1.27534e-08
1.947	4.45933e-09
1.948	1.52549e-09
1.949	5.1087e-10
1.95	1.68415e-10
1.951	5.7415e-11
1.952	2.81155e-11
1.953	3.75294e-11
1.954	9.2198e-11
1.955	2.49284e-10
1.956	6.69909e-10
1.957	1.76802e-09
1.958	4.57661e-09
1.959	1.1618e-08
1.96	2.89226e-08
1.961	7.06103e-08
1.962	1.69052e-07
1.963	3.96916e-07
1.964	9.13903e-07
1.965	2.06361e-06
1.966	4.56965e-06
1.967	9.92356e-06
1.968	2.11341e-05
1.969	4.41402e-05
1.97	9.04111e-05
1.971	0.000181615
1.972	0.000357788
1.973	0.000691278
1.974	0.0013099
1.975	0.00243438
1.976	0.00443725
1.977	0.00793282
1.978	0.0139105
1.979	0.0239263
1.98	0.0403689
1.981	0.0668159
1.982	0.108493
1.983	0.172844
1.984	0.270191
1.985	0.41448
1.986	0.62404
1.987	0.922288
1.988	1.33829
1.989	1.90704
1.99	2.66939
1.991	3.67149
1.992	4.9637
1.993	6.59908
1.994	8.63141
1.995	11.113
1.996	14.0926
1.997	17.6133
1.998	21.7112
1.999	26.4137
2	31.7395
2.001	37.6967
2.002	44.2821
2.003	51.4787
2.004	59.2522
2.005	67.5459
2.006	76.2753
2.007	85.3216
2.008	94.5262
2.009	103.689
2.01	112.567
2.011	120.885
2.012	128.342
2.013	134.632
2.014	139.463
2.015	142.582
2.016	143.795
2.017	142.99
2.018	140.143
2.019	135.332
2.02	128.727
2.021	120.582
2.022	111.215
2.023	100.983
2.024	90.2639
2.025	79.4235
2.026	68.8008
2.027	58.6897
2.028	49.3303
2.029	40.9057
2.03	33.5458
2.031	27.3364
2.032	22.3317
2.033	18.5707
2.034	16.0933
2.035	14.9564
2.036	15.248
2.037	17.0969
2.038	20.6787
2.039	26.214
2.04	33.9615
2.041	44.2024
2.042	57.218
2.043	73.2618
2.044	92.5256
2.045	115.105
2.046	140.965
2.047	169.912
2.048	201.57
2.049	235.379
2.05	270.589
2.051	306.291
2.052	341.445
2.053	374.93
2.054	405.602
2.055	432.354
2.056	454.18
2.057	470.235
2.058	479.885
2.059	482.744
2.06	478.699
2.061	467.914
2.062	450.824
2.063	428.105
2.064	400.633
2.065	369.435
2.066	335.627
2.067	300.348
2.068	264.704
2.069	229.712
2.07	196.249
2.071	165.027
2.072	136.571
2.073	111.218
2.074	89.1264
2.075	70.3004
2.076	54.6176
2.077	41.8646
2.078	31.7721
2.079	24.0487
2.08	18.4107
2.081	14.6057
2.082	12.4307
2.083	11.7424
2.084	12.4616
2.085	14.5712
2.086	18.1076
2.087	23.1475
2.088	29.789
2.089	38.1293
2.09	48.2389
2.091	60.1358
2.092	73.76
2.093	88.9519
2.094	105.439
2.095	122.829
2.096	140.619
2.097	158.212
2.098	174.952
2.099	190.163
2.1	203.198
2.101	213.491
2.102	220.608
2.103	224.28
2.104	224.435
2.105	221.206
2.106	214.924
2.107	206.097
2.108	195.375
2.109	183.503
2.11	171.272
2.111	159.473
2.112	148.852
2.113	140.075
2.114	133.695
2.115	130.138
2.116	129.685
2.117	132.465
2.118	138.449
2.119	147.451
2.12	159.127
2.121	172.984
2.122	188.393
2.123	204.608
2.124	220.801
2.125	236.098
2.126	249.63
2.127	260.589
2.128	268.278
2.129	272.161
2.13	271.907
2.131	267.408
2.132	258.789
2.133	246.393
2.134	230.757
2.135	212.559
2.136	192.572
2.137	171.603
2.138	150.44
2.139	129.805
2.14	110.316
2.141	92.4714
2.142	76.6325
2.143	63.0325
2.144	51.7872
2.145	42.9134
2.146	36.3506
2.147	31.9817
2.148	29.6511
2.149	29.1785
2.15	30.3675
2.151	33.0111
2.152	36.8924
2.153	41.7848
2.154	47.4519
2.155	53.6491
2.156	60.1281
2.157	66.645
2.158	72.9716
2.159	78.9099
2.16	84.3077
2.161	89.0748
2.162	93.1963
2.163	96.7434
2.164	99.8788
2.165	102.857
2.166	106.017
2.167	109.773
2.168	114.6
2.169	121.007
2.17	129.526
2.171	140.676
2.172	154.945
2.173	172.759
2.174	194.452
2.175	220.236
2.176	250.168
2.177	284.124
2.178	321.766
2.179	362.531
2.18	405.618
2.181	450.002
2.182	494.462
2.183	537.63
2.184	578.064
2.185	614.329
2.186	645.101
2.187	669.255
2.188	685.957
2.189	694.727
2.19	695.476
2.191	688.512
2.192	674.503
2.193	654.417
2.194	629.426
2.195	600.806
2.196	569.824
2.197	537.643
2.198	505.242
2.199	473.366
2.2	442.506
2.201	412.91
2.202	384.619
2.203	357.522
2.204	331.42
2.205	306.087
2.206	281.33
2.207	257.027
2.208	233.154
2.209	209.79
2.21	187.112
2.211	165.37
2.212	144.862
2.213	125.903
2.214	108.793
2.215	93.7995
2.216	81.1304
2.217	70.9288
2.218	63.2655
2.219	58.1391
2.22	55.4795
2.221	55.153
2.222	56.9687
2.223	60.6844
2.224	66.0125
2.225	72.6266
2.226	80.1686
2.227	88.2566
2.228	96.4958
2.229	104.491
2.23	111.859
2.231	118.247
2.232	123.349
2.233	126.913
2.234	128.764
2.235	128.804
2.236	127.019
2.237	123.479
2.238	118.328
2.239	111.775
2.24	104.078
2.241	95.5268
2.242	86.4261
2.243	77.0749
2.244	67.7525
2.245	58.7053
2.246	50.1377
2.247	42.2068
2.248	35.0211
2.249	28.6426
2.25	23.0915
2.251	18.353
2.252	14.3856
2.253	11.1287
2.254	8.51142
2.255	6.46011
2.256	4.90491
2.257	3.78596
2.258	3.05872
2.259	2.69876
2.26	2.70642
2.261	3.11136
2.262	3.97736
2.263	5.40713
2.264	7.54698
2.265	10.591
2.266	14.7839
2.267	20.4213
2.268	27.8472
2.269	37.4459
2.27	49.6296
2.271	64.8181
2.272	83.4123
2.273	105.762
2.274	132.129
2.275	162.646
2.276	197.279
2.277	235.793
2.278	277.73
2.279	322.402
2.28	368.897
2.281	416.117
2.282	462.825
2.283	507.723
2.284	549.537
2.285	587.118
2.286	619.538
2.287	646.174
2.288	666.779
2.289	681.517
2.29	690.969
2.291	696.092
2.292	698.155
2.293	698.626
2.294	699.049
2.295	700.9
2.296	705.45
2.297	713.641
2.298	725.988
2.299	742.517
2.3	762.754
2.301	785.752
2.302	810.162
2.303	834.34
2.304	856.484
2.305	874.775
2.306	887.524
2.307	893.299
2.308	891.027
2.309	880.07
2.31	860.25
2.311	831.844
2.312	795.546
2.313	752.396
2.314	703.691
2.315	650.889
2.316	595.512
2.317	539.057
2.318	482.922
2.319	428.348
2.32	376.388
2.321	327.885
2.322	283.476
2.323	243.598
2.324	208.518
2.325	178.35
2.326	153.089
2.327	132.63
2.328	116.791
2.329	105.333
2.33	97.9634
2.331	94.3483
2.332	94.1126
2.333	96.8421
2.334	102.084
2.335	109.347
2.336	118.109
2.337	127.824
2.338	137.933
2.339	147.881
2.34	157.139
2.341	165.225
2.342	171.727
2.343	176.325
2.344	178.811
2.345	179.103
2.346	177.254
2.347	173.454
2.348	168.025
2.349	161.411
2.35	154.159
2.351	146.902
2.352	140.328
2.353	135.161
2.354	132.127
2.355	131.929
2.356	135.216
2.357	142.557
2.358	154.411
2.359	171.099
2.36	192.776
2.361	219.408
2.362	250.753
2.363	286.346
2.364	325.495
2.365	367.291
2.366	410.628
2.367	454.236
2.368	496.738
2.369	536.705
2.37	572.731
2.371	603.509
2.372	627.902
2.373	645.015
2.374	654.243
2.375	655.311
2.376	648.283
2.377	633.558
2.378	611.832
2.379	584.054
2.38	551.354
2.381	514.974
2.382	476.187
2.383	436.228
2.384	396.232
2.385	357.187
2.386	319.901
2.387	284.995
2.388	252.903
2.389	223.896
2.39	198.115
2.391	175.609
2.392	156.382
2.393	140.441
2.394	127.834
2.395	118.696
2.396	113.272
2.397	111.948
2.398	115.259
2.399	123.891
2.4	138.673
2.401	160.556
2.402	190.57
2.403	229.776
2.404	279.201
2.405	339.758
2.406	412.158
2.407	496.813
2.408	593.746
2.409	702.5
2.41	822.072
2.411	950.868
2.412	1086.69
2.413	1226.77
2.414	1367.84
2.415	1506.25
2.416	1638.1
2.417	1759.49
2.418	1866.66
2.419	1956.2
2.42	2025.3
2.421	2071.85
2.422	2094.61
2.423	2093.25
2.424	2068.37
2.425	2021.45
2.426	1954.75
2.427	1871.18
2.428	1774.09
2.429	1667.12
2.43	1553.99
2.431	1438.32
2.432	1323.49
2.433	1212.55
2.434	1108.04
2.435	1012.05
2.436	926.112
2.437	851.239
2.438	787.94
2.439	736.248
2.44	695.771
2.441	665.741
2.442	645.069
2.443	632.405
2.444	626.204
2.445	624.792
2.446	626.441
2.447	629.444
2.448	632.187
2.449	633.226
2.45	631.352
2.451	625.65
2.452	615.537
2.453	600.788
2.454	581.546
2.455	558.304
2.456	531.877
2.457	503.352
2.458	474.029
2.459	445.351
2.46	418.833
2.461	395.984
2.462	378.233
2.463	366.868
2.464	362.964
2.465	367.338
2.466	380.498
2.467	402.614
2.468	433.486
2.469	472.538
2.47	518.819
2.471	571.022
2.472	627.515
2.473	686.4
2.474	745.576
2.475	802.832
2.476	855.939
2.477	902.758
2.478	941.346
2.479	970.051
2.48	987.604
2.481	993.179
2.482	986.44
2.483	967.546
2.484	937.136
2.485	896.284
2.486	846.424
2.487	789.26
2.488	726.669
2.489	660.592
2.49	592.935
2.491	525.481
2.492	459.813
2.493	397.264
2.494	338.883
2.495	285.426
2.496	237.36
2.497	194.893
2.498	158
2.499	126.47
2.5	99.9525
2.501	77.9962
2.502	60.0939
2.503	45.7163
2.504	34.3406
2.505	25.4723
2.506	18.6599
2.507	13.5036
2.508	9.65926
2.509	6.83782
2.51	4.8025
2.511	3.36385
2.512	2.3739
2.513	1.72005
2.514	1.31916
2.515	1.11205
2.516	1.05872
2.517	1.13427
2.518	1.3254
2.519	1.62764
2.52	2.04287
2.521	2.57731
2.522	3.23968
2.523	4.03957
2.524	4.98583
2.525	6.08508
2.526	7.3403
2.527	8.7495
2.528	10.3046
2.529	11.9907
2.53	13.7855
2.531	15.6591
2.532	17.575
2.533	19.4907
2.534	21.3598
2.535	23.1336
2.536	24.7643
2.537	26.2073
2.538	27.4248
2.539	28.3879
2.54	29.08
2.541	29.4981
2.542	29.6545
2.543	29.5771
2.544	29.3094
2.545	28.9084
2.546	28.4431
2.547	27.9907
2.548	27.6336
2.549	27.4543
2.55	27.5317
2.551	27.936
2.552	28.7245
2.553	29.9376
2.554	31.5958
2.555	33.6968
2.556	36.2147
2.557	39.0996
2.558	42.2788
2.559	45.6592
2.56	49.1316
2.561	52.5747
2.562	55.8619
2.563	58.8672
2.564	61.4721
2.565	63.5723
2.566	65.0836
2.567	65.9475
2.568	66.1343
2.569	65.6465
2.57	64.5188
2.571	62.8175
2.572	60.6383
2.573	58.1022
2.574	55.3514
2.575	52.5441
2.576	49.8489
2.577	47.44
2.578	45.4929
2.579	44.1807
2.58	43.6711
2.581	44.1252
2.582	45.6961
2.583	48.5288
2.584	52.7599
2.585	58.5173
2.586	65.919
2.587	75.0713
2.588	86.065
2.589	98.9706
2.59	113.831
2.591	130.655
2.592	149.404
2.593	169.986
2.594	192.248
2.595	215.96
2.596	240.821
2.597	266.45
2.598	292.391
2.599	318.128
2.6	343.096
2.601	366.702
2.602	388.359
2.603	407.511
2.604	423.676
2.605	436.475
2.606	445.675
2.607	451.215
2.608	453.24
2.609	452.12
2.61	448.463
2.611	443.118
2.612	437.174
2.613	431.938
2.614	428.916
2.615	429.774
2.616	436.295
2.617	450.325
2.618	473.709
2.619	508.22
2.62	555.483
2.621	616.885
2.622	693.49
2.623	785.948
2.624	894.414
2.625	1018.47
2.626	1157.06
2.627	1308.46
2.628	1470.29
2.629	1639.5
2.63	1812.46
2.631	1985.06
2.632	2152.85
2.633	2311.21
2.634	2455.57
2.635	2581.57
2.636	2685.33
2.637	2763.6
2.638	2813.94
2.639	2834.87
2.64	2825.92
2.641	2787.62
2.642	2721.55
2.643	2630.15
2.644	2516.62
2.645	2384.76
2.646	2238.71
2.647	2082.79
2.648	1921.26
2.649	1758.18
2.65	1597.18
2.651	1441.39
2.652	1293.36
2.653	1155.01
2.654	1027.64
2.655	911.952
2.656	808.14
2.657	715.952
2.658	634.79
2.659	563.806
2.66	501.986
2.661	448.24
2.662	401.467
2.663	360.609
2.664	324.697
2.665	292.871
2.666	264.396
2.667	238.668
2.668	215.204
2.669	193.635
2.67	173.689
2.671	155.176
2.672	137.97
2.673	121.993
2.674	107.201
2.675	93.5673
2.676	81.0774
2.677	69.7168
2.678	59.4666
2.679	50.2995
2.68	42.1778
2.681	35.0527
2.682	28.8655
2.683	23.5488
2.684	19.0288
2.685	15.2278
2.686	12.0667
2.687	9.46674
2.688	7.35238
2.689	5.65228
2.69	4.30079
2.691	3.23866
2.692	2.4135
2.693	1.77982
2.694	1.29882
2.695	0.938016
2.696	0.670628
2.697	0.47499
2.698	0.33387
2.699	0.233832
2.7	0.164643
2.701	0.11875
2.702	0.0908481
2.703	0.077547
2.704	0.0771366
2.705	0.0894603
2.706	0.115893
2.707	0.159421
2.708	0.224829
2.709	0.318988
2.71	0.451237
2.711	0.633862
2.712	0.882661
2.713	1.21757
2.714	1.66337
2.715	2.25037
2.716	3.01517
2.717	4.0013
2.718	5.25992
2.719	6.85028
2.72	8.84022
2.721	11.3064
2.722	14.3343
2.723	18.0186
2.724	22.4624
2.725	27.7777
2.726	34.0842
2.727	41.5096
2.728	50.1885
2.729	60.2618
2.73	71.8759
2.731	85.1807
2.732	100.328
2.733	117.468
2.734	136.746
2.735	158.294
2.736	182.228
2.737	208.632
2.738	237.552
2.739	268.984
2.74	302.854
2.741	339.012
2.742	377.213
2.743	417.111
2.744	458.249
2.745	500.057
2.746	541.861
2.747	582.886
2.748	622.281
2.749	659.143
2.75	692.55
2.751	721.596
2.752	745.433
2.753	763.314
2.754	774.627
2.755	778.932
2.756	775.986
2.757	765.761
2.758	748.447
2.759	724.449
2.76	694.367
2.761	658.972
2.762	619.166
2.763	575.948
2.764	530.362
2.765	483.46
2.766	436.253
2.767	389.683
2.768	344.586
2.769	301.678
2.77	261.534
2.771	224.593
2.772	191.153
2.773	161.388
2.774	135.36
2.775	113.038
2.776	94.3175
2.777	79.0443
2.778	67.0303
2.779	58.072
2.78	51.9639
2.781	48.5086
2.782	47.523
2.783	48.8407
2.784	52.3116
2.785	57.7977
2.786	65.1674
2.787	74.2883
2.788	85.0191
2.789	97.2028
2.79	110.659
2.791	125.183
2.792	140.537
2.793	156.458
2.794	172.66
2.795	188.84
2.796	204.689
2.797	219.905
2.798	234.208
2.799	247.354
2.8	259.153
2.801	269.48
2.802	278.285
2.803	285.606
2.804	291.568
2.805	296.383
2.806	300.346
2.807	303.822
2.808	307.231
2.809	311.031
2.81	315.694
2.811	321.683
2.812	329.428
2.813	339.304
2.814	351.611
2.815	366.552
2.816	384.224
2.817	404.605
2.818	427.553
2.819	452.809
2.82	480.002
2.821	508.664
2.822	538.25
2.823	568.159
2.824	597.761
2.825	626.43
2.826	653.566
2.827	678.633
2.828	701.18
2.829	720.868
2.83	737.487
2.831	750.966
2.832	761.379
2.833	768.938
2.834	773.983
2.835	776.955
2.836	778.375
2.837	778.805
2.838	778.815
2.839	778.945
2.84	779.668
2.841	781.36
2.842	784.276
2.843	788.531
2.844	794.095
2.845	800.799
2.846	808.343
2.847	816.325
2.848	824.267
2.849	831.658
2.85	837.987
2.851	842.792
2.852	845.691
2.853	846.421
2.854	844.862
2.855	841.058
2.856	835.221
2.857	827.73
2.858	819.115
2.859	810.034
2.86	801.236
2.861	793.525
2.862	787.706
2.863	784.542
2.864	784.704
2.865	788.722
2.866	796.945
2.867	809.512
2.868	826.326
2.869	847.046
2.87	871.093
2.871	897.661
2.872	925.749
2.873	954.207
2.874	981.783
2.875	1007.18
2.876	1029.12
2.877	1046.43
2.878	1058.04
2.879	1063.12
2.88	1061.06
2.881	1051.51
2.882	1034.45
2.883	1010.11
2.884	979.023
2.885	941.968
2.886	899.94
2.887	854.1
2.888	805.725
2.889	756.143
2.89	706.683
2.891	658.618
2.892	613.115
2.893	571.2
2.894	533.716
2.895	501.315
2.896	474.435
2.897	453.307
2.898	437.956
2.899	428.224
2.9	423.785
2.901	424.176
2.902	428.824
2.903	437.079
2.904	448.243
2.905	461.604
2.906	476.46
2.907	492.142
2.908	508.039
2.909	523.61
2.91	538.398
2.911	552.033
2.912	564.236
2.913	574.816
2.914	583.665
2.915	590.745
2.916	596.081
2.917	599.74
2.918	601.825
2.919	602.451
2.92	601.738
2.921	599.793
2.922	596.705
2.923	592.531
2.924	587.296
2.925	580.99
2.926	573.571
2.927	564.97
2.928	555.102
2.929	543.873
2.93	531.197
2.931	517.004
2.932	501.26
2.933	483.971
2.934	465.201
2.935	445.072
2.936	423.775
2.937	401.567
2.938	378.77
2.939	355.767
2.94	332.996
2.941	310.934
2.942	290.096
2.943	271.014
2.944	254.234
2.945	240.299
2.946	229.744
2.947	223.083
2.948	220.808
2.949	223.375
2.95	231.206
2.951	244.68
2.952	264.126
2.953	289.824
2.954	321.992
2.955	360.78
2.956	406.262
2.957	458.423
2.958	517.148
2.959	582.207
2.96	653.242
2.961	729.756
2.962	811.099
2.963	896.46
2.964	984.865
2.965	1075.18
2.966	1166.1
2.967	1256.21
2.968	1343.97
2.969	1427.73
2.97	1505.85
2.971	1576.67
2.972	1638.57
2.973	1690.1
2.974	1729.94
2.975	1757
2.976	1770.49
2.977	1769.91
2.978	1755.1
2.979	1726.26
2.98	1683.94
2.981	1629.03
2.982	1562.72
2.983	1486.45
2.984	1401.89
2.985	1310.83
2.986	1215.16
2.987	1116.77
2.988	1017.51
2.989	919.102
2.99	823.143
2.991	731.025
2.992	643.926
2.993	562.795
2.994	488.354
2.995	421.102
2.996	361.334
2.997	309.166
2.998	264.562
2.999	227.362
3	197.314
3.001	174.101
3.002	157.362
3.003	146.716
3.004	141.774
3.005	142.151
3.006	147.467
3.007	157.354
3.008	171.446
3.009	189.384
3.01	210.802
3.011	235.327
3.012	262.572
3.013	292.133
3.014	323.59
3.015	356.509
3.016	390.442
3.017	424.94
3.018	459.557
3.019	493.857
3.02	527.43
3.021	559.892
3.022	590.898
3.023	620.144
3.024	647.369
3.025	672.353
3.026	694.917
3.027	714.914
3.028	732.226
3.029	746.751
3.03	758.402
3.031	767.097
3.032	772.758
3.033	775.305
3.034	774.663
3.035	770.764
3.036	763.553
3.037	753
3.038	739.108
3.039	721.922
3.04	701.544
3.041	678.133
3.042	651.916
3.043	623.187
3.044	592.304
3.045	559.686
3.046	525.801
3.047	491.154
3.048	456.274
3.049	421.697
3.05	387.948
3.051	355.527
3.052	324.89
3.053	296.441
3.054	270.518
3.055	247.386
3.056	227.229
3.057	210.152
3.058	196.182
3.059	185.267
3.06	177.29
3.061	172.069
3.062	169.373
3.063	168.934
3.064	170.456
3.065	173.629
3.066	178.146
3.067	183.712
3.068	190.056
3.069	196.947
3.07	204.195
3.071	211.663
3.072	219.27
3.073	226.992
3.074	234.858
3.075	242.947
3.076	251.38
3.077	260.308
3.078	269.899
3.079	280.325
3.08	291.749
3.081	304.305
3.082	318.093
3.083	333.164
3.084	349.51
3.085	367.069
3.086	385.717
3.087	405.276
3.088	425.524
3.089	446.208
3.09	467.055
3.091	487.796
3.092	508.177
3.093	527.98
3.094	547.037
3.095	565.24
3.096	582.549
3.097	598.993
3.098	614.668
3.099	629.722
3.1	644.347
3.101	658.754
3.102	673.155
3.103	687.736
3.104	702.637
3.105	717.929
3.106	733.597
3.107	749.528
3.108	765.505
3.109	781.209
3.11	796.228
3.111	810.071
3.112	822.192
3.113	832.017
3.114	838.971
3.115	842.511
3.116	842.155
3.117	837.511
3.118	828.298
3.119	814.367
3.12	795.703
3.121	772.438
3.122	744.837
3.123	713.295
3.124	678.312
3.125	640.476
3.126	600.435
3.127	558.87
3.128	516.471
3.129	473.908
3.13	431.81
3.131	390.745
3.132	351.206
3.133	313.603
3.134	278.256
3.135	245.395
3.136	215.162
3.137	187.622
3.138	162.768
3.139	140.534
3.14	120.804
3.141	103.429
3.142	88.2314
3.143	75.0219
3.144	63.6037
3.145	53.7819
3.146	45.3688
3.147	38.1885
3.148	32.0794
3.149	26.8962
3.15	22.5102
3.151	18.8094
3.152	15.6978
3.153	13.0946
3.154	10.9329
3.155	9.15884
3.156	7.73059
3.157	6.61777
3.158	5.80106
3.159	5.27205
3.16	5.03355
3.161	5.10004
3.162	5.49847
3.163	6.26916
3.164	7.46685
3.165	9.16182
3.166	11.4409
3.167	14.4081
3.168	18.1855
3.169	22.9134
3.17	28.7495
3.171	35.8689
3.172	44.4623
3.173	54.7341
3.174	66.9003
3.175	81.1856
3.176	97.8212
3.177	117.042
3.178	139.083
3.179	164.182
3.18	192.575
3.181	224.5
3.182	260.199
3.183	299.922
3.184	343.935
3.185	392.522
3.186	445.999
3.187	504.713
3.188	569.054
3.189	639.451
3.19	716.376
3.191	800.328
3.192	891.828
3.193	991.388
3.194	1099.49
3.195	1216.53
3.196	1342.81
3.197	1478.44
3.198	1623.32
3.199	1777.09
3.2	1939.06
3.201	2108.17
3.202	2283.01
3.203	2461.75
3.204	2642.18
3.205	2821.73
3.206	2997.51
3.207	3166.42
3.208	3325.21
3.209	3470.58
3.21	3599.34
3.211	3708.48
3.212	3795.34
3.213	3857.7
3.214	3893.89
3.215	3902.86
3.216	3884.23
3.217	3838.33
3.218	3766.17
3.219	3669.41
3.22	3550.31
3.221	3411.6
3.222	3256.41
3.223	3088.13
3.224	2910.28
3.225	2726.4
3.226	2539.89
3.227	2353.95
3.228	2171.46
3.229	1994.93
3.23	1826.44
3.231	1667.62
3.232	1519.66
3.233	1383.31
3.234	1258.91
3.235	1146.45
3.236	1045.64
3.237	955.918
3.238	876.551
3.239	806.686
3.24	745.396
3.241	691.735
3.242	644.772
3.243	603.628
3.244	567.499
3.245	535.669
3.246	507.523
3.247	482.543
3.248	460.313
3.249	440.509
3.25	422.885
3.251	407.271
3.252	393.553
3.253	381.665
3.254	371.579
3.255	363.289
3.256	356.81
3.257	352.166
3.258	349.386
3.259	348.496
3.26	349.523
3.261	352.485
3.262	357.392
3.263	364.242
3.264	373.02
3.265	383.694
3.266	396.207
3.267	410.479
3.268	426.398
3.269	443.813
3.27	462.534
3.271	482.325
3.272	502.902
3.273	523.932
3.274	545.038
3.275	565.798
3.276	585.757
3.277	604.439
3.278	621.355
3.279	636.021
3.28	647.978
3.281	656.803
3.282	662.132
3.283	663.673
3.284	661.223
3.285	654.673
3.286	644.02
3.287	629.367
3.288	610.921
3.289	588.99
3.29	563.967
3.291	536.319
3.292	506.571
3.293	475.286
3.294	443.047
3.295	410.435
3.296	378.015
3.297	346.316
3.298	315.819
3.299	286.946
3.3	260.054
3.301	235.427
3.302	213.277
3.303	193.747
3.304	176.91
3.305	162.782
3.306	151.321
3.307	142.439
3.308	136.012
3.309	131.882
3.31	129.87
3.311	129.78
3.312	131.407
3.313	134.539
3.314	138.963
3.315	144.47
3.316	150.853
3.317	157.914
3.318	165.46
3.319	173.309
3.32	181.289
3.321	189.235
3.322	197
3.323	204.447
3.324	211.455
3.325	217.92
3.326	223.759
3.327	228.912
3.328	233.344
3.329	237.048
3.33	240.046
3.331	242.393
3.332	244.178
3.333	245.518
3.334	246.563
3.335	247.49
3.336	248.497
3.337	249.798
3.338	251.615
3.339	254.168
3.34	257.666
3.341	262.296
3.342	268.211
3.343	275.522
3.344	284.29
3.345	294.514
3.346	306.128
3.347	319.002
3.348	332.936
3.349	347.667
3.35	362.874
3.351	378.188
3.352	393.205
3.353	407.495
3.354	420.626
3.355	432.171
3.356	441.732
3.357	448.952
3.358	453.529
3.359	455.231
3.36	453.899
3.361	449.462
3.362	441.93
3.363	431.398
3.364	418.041
3.365	402.105
3.366	383.895
3.367	363.769
3.368	342.115
3.369	319.344
3.37	295.873
3.371	272.109
3.372	248.442
3.373	225.231
3.374	202.794
3.375	181.407
3.376	161.297
3.377	142.64
3.378	125.565
3.379	110.154
3.38	96.4469
3.381	84.4455
3.382	74.1212
3.383	65.4204
3.384	58.27
3.385	52.5843
3.386	48.2696
3.387	45.2296
3.388	43.3686
3.389	42.5956
3.39	42.8256
3.391	43.9821
3.392	45.9973
3.393	48.8127
3.394	52.3785
3.395	56.6531
3.396	61.6018
3.397	67.1955
3.398	73.4089
3.399	80.219
3.4	87.6031
3.401	95.5368
3.402	103.992
3.403	112.937
3.404	122.331
3.405	132.128
3.406	142.27
3.407	152.692
3.408	163.32
3.409	174.072
3.41	184.859
3.411	195.587
3.412	206.164
3.413	216.498
3.414	226.505
3.415	236.114
3.416	245.271
3.417	253.941
3.418	262.119
3.419	269.828
3.42	277.124
3.421	284.096
3.422	290.87
3.423	297.6
3.424	304.469
3.425	311.683
3.426	319.461
3.427	328.029
3.428	337.606
3.429	348.395
3.43	360.571
3.431	374.271
3.432	389.578
3.433	406.521
3.434	425.058
3.435	445.077
3.436	466.396
3.437	488.758
3.438	511.84
3.439	535.261
3.44	558.594
3.441	581.374
3.442	603.124
3.443	623.362
3.444	641.631
3.445	657.505
3.446	670.62
3.447	680.679
3.448	687.473
3.449	690.89
3.45	690.922
3.451	687.668
3.452	681.335
3.453	672.236
3.454	660.779
3.455	647.455
3.456	632.831
3.457	617.524
3.458	602.192
3.459	587.511
3.46	574.157
3.461	562.787
3.462	554.021
3.463	548.426
3.464	546.499
3.465	548.655
3.466	555.213
3.467	566.39
3.468	582.288
3.469	602.893
3.47	628.07
3.471	657.56
3.472	690.986
3.473	727.855
3.474	767.564
3.475	809.412
3.476	852.613
3.477	896.31
3.478	939.598
3.479	981.541
3.48	1021.2
3.481	1057.66
3.482	1090.03
3.483	1117.54
3.484	1139.45
3.485	1155.21
3.486	1164.35
3.487	1166.58
3.488	1161.78
3.489	1149.98
3.49	1131.4
3.491	1106.39
3.492	1075.47
3.493	1039.29
3.494	998.597
3.495	954.222
3.496	907.054
3.497	858.01
3.498	808.002
3.499	757.917
3.5	708.585
3.501	660.767
3.502	615.128
3.503	572.23
3.504	532.524
3.505	496.339
3.506	463.886
3.507	435.263
3.508	410.458
3.509	389.357
3.51	371.762
3.511	357.397
3.512	345.926
3.513	336.967
3.514	330.107
3.515	324.916
3.516	320.962
3.517	317.824
3.518	315.102
3.519	312.433
3.52	309.493
3.521	306.01
3.522	301.769
3.523	296.614
3.524	290.452
3.525	283.252
3.526	275.046
3.527	265.925
3.528	256.036
3.529	245.574
3.53	234.782
3.531	223.939
3.532	213.356
3.533	203.368
3.534	194.329
3.535	186.604
3.536	180.562
3.537	176.571
3.538	174.99
3.539	176.167
3.54	180.428
3.541	188.074
3.542	199.371
3.543	214.548
3.544	233.782
3.545	257.197
3.546	284.853
3.547	316.735
3.548	352.749
3.549	392.714
3.55	436.355
3.551	483.3
3.552	533.078
3.553	585.122
3.554	638.774
3.555	693.292
3.556	747.862
3.557	801.617
3.558	853.652
3.559	903.051
3.56	948.908
3.561	990.352
3.562	1026.58
3.563	1056.86
3.564	1080.59
3.565	1097.28
3.566	1106.61
3.567	1108.38
3.568	1102.58
3.569	1089.36
3.57	1069.02
3.571	1042
3.572	1008.87
3.573	970.317
3.574	927.117
3.575	880.096
3.576	830.121
3.577	778.068
3.578	724.795
3.579	671.125
3.58	617.824
3.581	565.583
3.582	515.011
3.583	466.624
3.584	420.841
3.585	377.986
3.586	338.287
3.587	301.888
3.588	268.851
3.589	239.169
3.59	212.774
3.591	189.549
3.592	169.338
3.593	151.958
3.594	137.205
3.595	124.864
3.596	114.713
3.597	106.534
3.598	100.113
3.599	95.2423
3.6	91.7278
3.601	89.3854
3.602	88.0442
3.603	87.5463
3.604	87.7462
3.605	88.511
3.606	89.7199
3.607	91.2633
3.608	93.0431
3.609	94.972
3.61	96.9736
3.611	98.9823
3.612	100.944
3.613	102.814
3.614	104.562
3.615	106.166
3.616	107.618
3.617	108.92
3.618	110.084
3.619	111.133
3.62	112.101
3.621	113.026
3.622	113.957
3.623	114.946
3.624	116.047
3.625	117.318
3.626	118.817
3.627	120.602
3.628	122.729
3.629	125.251
3.63	128.225
3.631	131.702
3.632	135.741
3.633	140.401
3.634	145.751
3.635	151.871
3.636	158.856
3.637	166.819
3.638	175.895
3.639	186.244
3.64	198.054
3.641	211.538
3.642	226.938
3.643	244.518
3.644	264.564
3.645	287.373
3.646	313.248
3.647	342.487
3.648	375.367
3.649	412.138
3.65	453.002
3.651	498.099
3.652	547.497
3.653	601.171
3.654	658.997
3.655	720.738
3.656	786.039
3.657	854.42
3.658	925.282
3.659	997.907
3.66	1071.47
3.661	1145.04
3.662	1217.64
3.663	1288.2
3.664	1355.66
3.665	1418.92
3.666	1476.93
3.667	1528.71
3.668	1573.33
3.669	1610.01
3.67	1638.08
3.671	1657.05
3.672	1666.57
3.673	1666.51
3.674	1656.89
3.675	1637.94
3.676	1610.06
3.677	1573.79
3.678	1529.86
3.679	1479.08
3.68	1422.4
3.681	1360.81
3.682	1295.37
3.683	1227.15
3.684	1157.2
3.685	1086.56
3.686	1016.21
3.687	947.045
3.688	879.881
3.689	815.432
3.69	754.3
3.691	696.972
3.692	643.822
3.693	595.107
3.694	550.977
3.695	511.476
3.696	476.557
3.697	446.085
3.698	419.855
3.699	397.597
3.7	378.994
3.701	363.691
3.702	351.304
3.703	341.437
3.704	333.685
3.705	327.65
3.706	322.943
3.707	319.196
3.708	316.066
3.709	313.24
3.71	310.436
3.711	307.412
3.712	303.963
3.713	299.921
3.714	295.16
3.715	289.59
3.716	283.16
3.717	275.851
3.718	267.68
3.719	258.691
3.72	248.957
3.721	238.574
3.722	227.658
3.723	216.342
3.724	204.773
3.725	193.108
3.726	181.512
3.727	170.152
3.728	159.2
3.729	148.825
3.73	139.191
3.731	130.459
3.732	122.782
3.733	116.301
3.734	111.15
3.735	107.445
3.736	105.291
3.737	104.775
3.738	105.965
3.739	108.91
3.74	113.638
3.741	120.15
3.742	128.425
3.743	138.412
3.744	150.033
3.745	163.181
3.746	177.717
3.747	193.475
3.748	210.258
3.749	227.844
3.75	245.987
3.751	264.42
3.752	282.862
3.753	301.019
3.754	318.597
3.755	335.304
3.756	350.86
3.757	365.002
3.758	377.494
3.759	388.134
3.76	396.758
3.761	403.249
3.762	407.539
3.763	409.612
3.764	409.509
3.765	407.323
3.766	403.203
3.767	397.344
3.768	389.99
3.769	381.421
3.77	371.953
3.771	361.923
3.772	351.682
3.773	341.592
3.774	332.008
3.775	323.273
3.776	315.712
3.777	309.62
3.778	305.259
3.779	302.848
3.78	302.565
3.781	304.54
3.782	308.857
3.783	315.553
3.784	324.62
3.785	336.011
3.786	349.641
3.787	365.398
3.788	383.147
3.789	402.733
3.79	423.997
3.791	446.774
3.792	470.905
3.793	496.24
3.794	522.642
3.795	549.988
3.796	578.173
3.797	607.106
3.798	636.712
3.799	666.922
3.8	697.673
3.801	728.901
3.802	760.534
3.803	792.483
3.804	824.64
3.805	856.872
3.806	889.013
3.807	920.865
3.808	952.197
3.809	982.745
3.81	1012.21
3.811	1040.29
3.812	1066.63
3.813	1090.91
3.814	1112.76
3.815	1131.88
3.816	1147.95
3.817	1160.69
3.818	1169.89
3.819	1175.37
3.82	1177
3.821	1174.74
3.822	1168.61
3.823	1158.69
3.824	1145.14
3.825	1128.17
3.826	1108.06
3.827	1085.14
3.828	1059.78
3.829	1032.38
3.83	1003.36
3.831	973.168
3.832	942.233
3.833	910.983
3.834	879.824
3.835	849.137
3.836	819.266
3.837	790.518
3.838	763.15
3.839	737.375
3.84	713.357
3.841	691.206
3.842	670.988
3.843	652.718
3.844	636.371
3.845	621.876
3.846	609.131
3.847	597.997
3.848	588.311
3.849	579.887
3.85	572.523
3.851	566.005
3.852	560.113
3.853	554.629
3.854	549.339
3.855	544.038
3.856	538.538
3.857	532.67
3.858	526.29
3.859	519.28
3.86	511.553
3.861	503.054
3.862	493.764
3.863	483.696
3.864	472.898
3.865	461.45
3.866	449.461
3.867	437.07
3.868	424.434
3.869	411.73
3.87	399.147
3.871	386.878
3.872	375.117
3.873	364.05
3.874	353.851
3.875	344.674
3.876	336.65
3.877	329.884
3.878	324.446
3.879	320.378
3.88	317.686
3.881	316.346
3.882	316.304
3.883	317.482
3.884	319.779
3.885	323.083
3.886	327.273
3.887	332.228
3.888	337.838
3.889	344.005
3.89	350.655
3.891	357.741
3.892	365.252
3.893	373.208
3.894	381.667
3.895	390.725
3.896	400.508
3.897	411.168
3.898	422.88
3.899	435.829
3.9	450.2
3.901	466.169
3.902	483.887
3.903	503.474
3.904	525.003
3.905	548.492
3.906	573.896
3.907	601.098
3.908	629.911
3.909	660.069
3.91	691.239
3.911	723.018
3.912	754.945
3.913	786.514
3.914	817.183
3.915	846.391
3.916	873.579
3.917	898.198
3.918	919.735
3.919	937.725
3.92	951.766
3.921	961.532
3.922	966.785
3.923	967.379
3.924	963.267
3.925	954.501
3.926	941.226
3.927	923.678
3.928	902.175
3.929	877.103
3.93	848.907
3.931	818.072
3.932	785.113
3.933	750.557
3.934	714.93
3.935	678.741
3.936	642.473
3.937	606.573
3.938	571.441
3.939	537.425
3.94	504.822
3.941	473.867
3.942	444.743
3.943	417.578
3.944	392.449
3.945	369.39
3.946	348.393
3.947	329.418
3.948	312.398
3.949	297.246
3.95	283.858
3.951	272.123
3.952	261.927
3.953	253.152
3.954	245.685
3.955	239.418
3.956	234.251
3.957	230.09
3.958	226.852
3.959	224.461
3.96	222.849
3.961	221.956
3.962	221.732
3.963	222.129
3.964	223.108
3.965	224.636
3.966	226.684
3.967	229.229
3.968	232.254
3.969	235.746
3.97	239.697
3.971	244.108
3.972	248.981
3.973	254.325
3.974	260.153
3.975	266.481
3.976	273.329
3.977	280.718
3.978	288.669
3.979	297.201
3.98	306.333
3.981	316.076
3.982	326.44
3.983	337.428
3.984	349.037
3.985	361.258
3.986	374.077
3.987	387.476
3.988	401.436
3.989	415.936
3.99	430.956
3.991	446.482
3.992	462.505
3.993	479.021
3.994	496.037
3.995	513.568
3.996	531.634
3.997	550.265
3.998	569.489
3.999	589.337
4	609.833
4.001	630.987
4.002	652.795
4.003	675.228
4.004	698.227
4.005	721.702
4.006	745.522
4.007	769.517
4.008	793.477
4.009	817.151
4.01	840.255
4.011	862.474
4.012	883.472
4.013	902.898
4.014	920.405
4.015	935.654
4.016	948.329
4.017	958.152
4.018	964.889
4.019	968.366
4.02	968.472
4.021	965.167
4.022	958.488
4.023	948.541
4.024	935.508
4.025	919.634
4.026	901.226
4.027	880.637
4.028	858.257
4.029	834.502
4.03	809.798
4.031	784.571
4.032	759.233
4.033	734.171
4.034	709.739
4.035	686.249
4.036	663.968
4.037	643.113
4.038	623.85
4.039	606.297
4.04	590.526
4.041	576.566
4.042	564.41
4.043	554.018
4.044	545.327
4.045	538.255
4.046	532.703
4.047	528.566
4.048	525.73
4.049	524.079
4.05	523.496
4.051	523.861
4.052	525.055
4.053	526.953
4.054	529.43
4.055	532.356
4.056	535.592
4.057	538.996
4.058	542.418
4.059	545.699
4.06	548.679
4.061	551.191
4.062	553.069
4.063	554.15
4.064	554.277
4.065	553.306
4.066	551.108
4.067	547.572
4.068	542.614
4.069	536.176
4.07	528.23
4.071	518.782
4.072	507.868
4.073	495.56
4.074	481.96
4.075	467.198
4.076	451.434
4.077	434.848
4.078	417.639
4.079	400.02
4.08	382.211
4.081	364.437
4.082	346.921
4.083	329.878
4.084	313.514
4.085	298.021
4.086	283.573
4.087	270.325
4.088	258.412
4.089	247.945
4.09	239.015
4.091	231.691
4.092	226.022
4.093	222.038
4.094	219.754
4.095	219.167
4.096	220.266
4.097	223.026
4.098	227.416
4.099	233.396
4.1	240.923
4.101	249.946
4.102	260.411
4.103	272.257
4.104	285.417
4.105	299.816
4.106	315.368
4.107	331.973
4.108	349.519
4.109	367.877
4.11	386.896
4.111	406.408
4.112	426.225
4.113	446.136
4.114	465.915
4.115	485.318
4.116	504.089
4.117	521.966
4.118	538.683
4.119	553.983
4.12	567.618
4.121	579.364
4.122	589.022
4.123	596.43
4.124	601.468
4.125	604.063
4.126	604.197
4.127	601.905
4.128	597.281
4.129	590.473
4.13	581.687
4.131	571.174
4.132	559.234
4.133	546.2
4.134	532.434
4.135	518.316
4.136	504.232
4.137	490.564
4.138	477.681
4.139	465.925
4.14	455.602
4.141	446.975
4.142	440.253
4.143	435.587
4.144	433.067
4.145	432.715
4.146	434.49
4.147	438.283
4.148	443.926
4.149	451.192
4.15	459.806
4.151	469.45
4.152	479.773
4.153	490.399
4.154	500.944
4.155	511.017
4.156	520.241
4.157	528.256
4.158	534.731
4.159	539.374
4.16	541.936
4.161	542.223
4.162	540.091
4.163	535.458
4.164	528.297
4.165	518.64
4.166	506.575
4.167	492.238
4.168	475.81
4.169	457.515
4.17	437.604
4.171	416.354
4.172	394.059
4.173	371.019
4.174	347.537
4.175	323.909
4.176	300.419
4.177	277.334
4.178	254.897
4.179	233.328
4.18	212.82
4.181	193.536
4.182	175.611
4.183	159.15
4.184	144.234
4.185	130.916
4.186	119.229
4.187	109.185
4.188	100.78
4.189	93.9968
4.19	88.8095
4.191	85.1859
4.192	83.0918
4.193	82.4945
4.194	83.3657
4.195	85.6856
4.196	89.4456
4.197	94.6515
4.198	101.326
4.199	109.512
4.2	119.273
4.201	130.697
4.202	143.895
4.203	159.005
4.204	176.188
4.205	195.629
4.206	217.533
4.207	242.123
4.208	269.637
4.209	300.318
4.21	334.413
4.211	372.158
4.212	413.776
4.213	459.462
4.214	509.378
4.215	563.637
4.216	622.296
4.217	685.346
4.218	752.7
4.219	824.188
4.22	899.55
4.221	978.432
4.222	1060.38
4.223	1144.85
4.224	1231.19
4.225	1318.69
4.226	1406.52
4.227	1493.82
4.228	1579.66
4.229	1663.06
4.23	1743.05
4.231	1818.63
4.232	1888.83
4.233	1952.73
4.234	2009.46
4.235	2058.22
4.236	2098.33
4.237	2129.18
4.238	2150.34
4.239	2161.49
4.24	2162.44
4.241	2153.17
4.242	2133.81
4.243	2104.64
4.244	2066.06
4.245	2018.64
4.246	1963.03
4.247	1900.03
4.248	1830.49
4.249	1755.37
4.25	1675.64
4.251	1592.34
4.252	1506.49
4.253	1419.11
4.254	1331.19
4.255	1243.68
4.256	1157.46
4.257	1073.33
4.258	992.004
4.259	914.097
4.26	840.126
4.261	770.501
4.262	705.528
4.263	645.41
4.264	590.255
4.265	540.082
4.266	494.827
4.267	454.359
4.268	418.487
4.269	386.973
4.27	359.546
4.271	335.908
4.272	315.753
4.273	298.769
4.274	284.653
4.275	273.115
4.276	263.886
4.277	256.72
4.278	251.401
4.279	247.739
4.28	245.574
4.281	244.774
4.282	245.228
4.283	246.85
4.284	249.567
4.285	253.32
4.286	258.057
4.287	263.728
4.288	270.283
4.289	277.665
4.29	285.808
4.291	294.638
4.292	304.069
4.293	314.001
4.294	324.325
4.295	334.923
4.296	345.668
4.297	356.431
4.298	367.083
4.299	377.496
4.3	387.554
4.301	397.146
4.302	406.179
4.303	414.577
4.304	422.279
4.305	429.248
4.306	435.463
4.307	440.926
4.308	445.654
4.309	449.681
4.31	453.055
4.311	455.833
4.312	458.078
4.313	459.857
4.314	461.238
4.315	462.285
4.316	463.058
4.317	463.611
4.318	463.988
4.319	464.228
4.32	464.361
4.321	464.411
4.322	464.397
4.323	464.335
4.324	464.239
4.325	464.128
4.326	464.02
4.327	463.94
4.328	463.92
4.329	463.997
4.33	464.218
4.331	464.634
4.332	465.306
4.333	466.298
4.334	467.678
4.335	469.517
4.336	471.884
4.337	474.852
4.338	478.488
4.339	482.858
4.34	488.027
4.341	494.059
4.342	501.017
4.343	508.967
4.344	517.982
4.345	528.141
4.346	539.536
4.347	552.275
4.348	566.482
4.349	582.304
4.35	599.905
4.351	619.476
4.352	641.223
4.353	665.372
4.354	692.161
4.355	721.834
4.356	754.63
4.357	790.781
4.358	830.492
4.359	873.935
4.36	921.235
4.361	972.461
4.362	1027.61
4.363	1086.59
4.364	1149.24
4.365	1215.29
4.366	1284.38
4.367	1356.04
4.368	1429.73
4.369	1504.8
4.37	1580.53
4.371	1656.16
4.372	1730.86
4.373	1803.78
4.374	1874.08
4.375	1940.94
4.376	2003.56
4.377	2061.25
4.378	2113.36
4.379	2159.37
4.38	2198.87
4.381	2231.59
4.382	2257.38
4.383	2276.24
4.384	2288.3
4.385	2293.82
4.386	2293.15
4.387	2286.77
4.388	2275.19
4.389	2259.01
4.39	2238.85
4.391	2215.31
4.392	2188.99
4.393	2160.45
4.394	2130.17
4.395	2098.58
4.396	2066.02
4.397	2032.71
4.398	1998.81
4.399	1964.37
4.4	1929.36
4.401	1893.69
4.402	1857.2
4.403	1819.7
4.404	1780.97
4.405	1740.79
4.406	1698.95
4.407	1655.28
4.408	1609.66
4.409	1562.02
4.41	1512.36
4.411	1460.74
4.412	1407.32
4.413	1352.3
4.414	1295.96
4.415	1238.65
4.416	1180.74
4.417	1122.67
4.418	1064.87
4.419	1007.81
4.42	951.929
4.421	897.682
4.422	845.484
4.423	795.724
4.424	748.754
4.425	704.885
4.426	664.383
4.427	627.474
4.428	594.342
4.429	565.135
4.43	539.968
4.431	518.93
4.432	502.09
4.433	489.501
4.434	481.21
4.435	477.259
4.436	477.69
4.437	482.549
4.438	491.886
4.439	505.754
4.44	524.209
4.441	547.303
4.442	575.08
4.443	607.571
4.444	644.784
4.445	686.695
4.446	733.237
4.447	784.294
4.448	839.69
4.449	899.179
4.45	962.44
4.451	1029.07
4.452	1098.58
4.453	1170.39
4.454	1243.85
4.455	1318.21
4.456	1392.67
4.457	1466.35
4.458	1538.34
4.459	1607.69
4.46	1673.44
4.461	1734.65
4.462	1790.4
4.463	1839.85
4.464	1882.21
4.465	1916.81
4.466	1943.09
4.467	1960.63
4.468	1969.15
4.469	1968.53
4.47	1958.83
4.471	1940.23
4.472	1913.11
4.473	1877.96
4.474	1835.43
4.475	1786.26
4.476	1731.29
4.477	1671.44
4.478	1607.67
4.479	1540.94
4.48	1472.23
4.481	1402.48
4.482	1332.57
4.483	1263.31
4.484	1195.42
4.485	1129.55
4.486	1066.19
4.487	1005.76
4.488	948.544
4.489	894.732
4.49	844.4
4.491	797.538
4.492	754.052
4.493	713.783
4.494	676.519
4.495	642.011
4.496	609.987
4.497	580.168
4.498	552.278
4.499	526.056
4.5	501.266
4.501	477.705
4.502	455.203
4.503	433.631
4.504	412.9
4.505	392.958
4.506	373.791
4.507	355.414
4.508	337.87
4.509	321.223
4.51	305.551
4.511	290.943
4.512	277.489
4.513	265.277
4.514	254.389
4.515	244.897
4.516	236.856
4.517	230.309
4.518	225.277
4.519	221.769
4.52	219.772
4.521	219.258
4.522	220.187
4.523	222.505
4.524	226.147
4.525	231.043
4.526	237.118
4.527	244.295
4.528	252.5
4.529	261.661
4.53	271.714
4.531	282.601
4.532	294.275
4.533	306.7
4.534	319.85
4.535	333.712
4.536	348.285
4.537	363.578
4.538	379.611
4.539	396.412
4.54	414.014
4.541	432.455
4.542	451.777
4.543	472.016
4.544	493.207
4.545	515.376
4.546	538.536
4.547	562.688
4.548	587.815
4.549	613.877
4.55	640.814
4.551	668.539
4.552	696.94
4.553	725.875
4.554	755.178
4.555	784.655
4.556	814.086
4.557	843.228
4.558	871.822
4.559	899.591
4.56	926.246
4.561	951.494
4.562	975.044
4.563	996.606
4.564	1015.91
4.565	1032.69
4.566	1046.71
4.567	1057.78
4.568	1065.71
4.569	1070.37
4.57	1071.67
4.571	1069.56
4.572	1064.02
4.573	1055.08
4.574	1042.84
4.575	1027.39
4.576	1008.91
4.577	987.577
4.578	963.617
4.579	937.278
4.58	908.829
4.581	878.557
4.582	846.758
4.583	813.736
4.584	779.797
4.585	745.242
4.586	710.367
4.587	675.457
4.588	640.784
4.589	606.604
4.59	573.156
4.591	540.658
4.592	509.313
4.593	479.298
4.594	450.775
4.595	423.882
4.596	398.741
4.597	375.453
4.598	354.102
4.599	334.758
4.6	317.473
4.601	302.286
4.602	289.223
4.603	278.297
4.604	269.512
4.605	262.861
4.606	258.33
4.607	255.892
4.608	255.517
4.609	257.164
4.61	260.784
4.611	266.321
4.612	273.709
4.613	282.875
4.614	293.733
4.615	306.187
4.616	320.129
4.617	335.438
4.618	351.979
4.619	369.601
4.62	388.141
4.621	407.418
4.622	427.238
4.623	447.394
4.624	467.666
4.625	487.824
4.626	507.63
4.627	526.845
4.628	545.227
4.629	562.54
4.63	578.553
4.631	593.053
4.632	605.84
4.633	616.738
4.634	625.596
4.635	632.294
4.636	636.742
4.637	638.886
4.638	638.707
4.639	636.221
4.64	631.481
4.641	624.572
4.642	615.61
4.643	604.74
4.644	592.13
4.645	577.967
4.646	562.453
4.647	545.799
4.648	528.223
4.649	509.938
4.65	491.158
4.651	472.084
4.652	452.908
4.653	433.806
4.654	414.94
4.655	396.452
4.656	378.469
4.657	361.1
4.658	344.438
4.659	328.562
4.66	313.54
4.661	299.429
4.662	286.278
4.663	274.133
4.664	263.038
4.665	253.034
4.666	244.168
4.667	236.487
4.668	230.044
4.669	224.896
4.67	221.106
4.671	218.741
4.672	217.871
4.673	218.566
4.674	220.899
4.675	224.937
4.676	230.743
4.677	238.372
4.678	247.868
4.679	259.261
4.68	272.561
4.681	287.763
4.682	304.837
4.683	323.729
4.684	344.36
4.685	366.623
4.686	390.386
4.687	415.488
4.688	441.744
4.689	468.943
4.69	496.854
4.691	525.23
4.692	553.808
4.693	582.32
4.694	610.495
4.695	638.068
4.696	664.785
4.697	690.417
4.698	714.76
4.699	737.648
4.7	758.96
4.701	778.63
4.702	796.646
4.703	813.067
4.704	828.016
4.705	841.691
4.706	854.36
4.707	866.364
4.708	878.11
4.709	890.067
4.71	902.755
4.711	916.736
4.712	932.602
4.713	950.956
4.714	972.399
4.715	997.51
4.716	1026.83
4.717	1060.83
4.718	1099.93
4.719	1144.42
4.72	1194.51
4.721	1250.26
4.722	1311.63
4.723	1378.42
4.724	1450.27
4.725	1526.7
4.726	1607.09
4.727	1690.68
4.728	1776.61
4.729	1863.89
4.73	1951.48
4.731	2038.27
4.732	2123.11
4.733	2204.86
4.734	2282.39
4.735	2354.61
4.736	2420.49
4.737	2479.13
4.738	2529.7
4.739	2571.53
4.74	2604.07
4.741	2626.95
4.742	2639.93
4.743	2642.97
4.744	2636.16
4.745	2619.77
4.746	2594.18
4.747	2559.95
4.748	2517.73
4.749	2468.29
4.75	2412.46
4.751	2351.18
4.752	2285.4
4.753	2216.11
4.754	2144.32
4.755	2071.01
4.756	1997.14
4.757	1923.65
4.758	1851.4
4.759	1781.18
4.76	1713.72
4.761	1649.64
4.762	1589.51
4.763	1533.75
4.764	1482.73
4.765	1436.7
4.766	1395.83
4.767	1360.17
4.768	1329.72
4.769	1304.39
4.77	1284.02
4.771	1268.4
4.772	1257.23
4.773	1250.23
4.774	1247.03
4.775	1247.28
4.776	1250.6
4.777	1256.59
4.778	1264.87
4.779	1275.07
4.78	1286.82
4.781	1299.76
4.782	1313.57
4.783	1327.92
4.784	1342.51
4.785	1357.07
4.786	1371.33
4.787	1385.03
4.788	1397.93
4.789	1409.81
4.79	1420.43
4.791	1429.6
4.792	1437.1
4.793	1442.74
4.794	1446.34
4.795	1447.75
4.796	1446.83
4.797	1443.46
4.798	1437.57
4.799	1429.13
4.8	1418.14
4.801	1404.66
4.802	1388.83
4.803	1370.8
4.804	1350.85
4.805	1329.26
4.806	1306.4
4.807	1282.72
4.808	1258.68
4.809	1234.81
4.81	1211.67
4.811	1189.84
4.812	1169.9
4.813	1152.45
4.814	1138.04
4.815	1127.2
4.816	1120.41
4.817	1118.06
4.818	1120.51
4.819	1127.97
4.82	1140.6
4.821	1158.43
4.822	1181.37
4.823	1209.25
4.824	1241.76
4.825	1278.49
4.826	1318.95
4.827	1362.53
4.828	1408.57
4.829	1456.33
4.83	1505.03
4.831	1553.86
4.832	1601.99
4.833	1648.6
4.834	1692.9
4.835	1734.13
4.836	1771.56
4.837	1804.58
4.838	1832.6
4.839	1855.15
4.84	1871.85
4.841	1882.42
4.842	1886.67
4.843	1884.52
4.844	1875.99
4.845	1861.17
4.846	1840.26
4.847	1813.52
4.848	1781.31
4.849	1744.01
4.85	1702.07
4.851	1655.97
4.852	1606.21
4.853	1553.32
4.854	1497.84
4.855	1440.3
4.856	1381.21
4.857	1321.08
4.858	1260.41
4.859	1199.66
4.86	1139.27
4.861	1079.65
4.862	1021.18
4.863	964.234
4.864	909.131
4.865	856.184
4.866	805.679
4.867	757.885
4.868	713.052
4.869	671.416
4.87	633.202
4.871	598.622
4.872	567.879
4.873	541.163
4.874	518.656
4.875	500.526
4.876	486.926
4.877	477.991
4.878	473.834
4.879	474.541
4.88	480.166
4.881	490.726
4.882	506.196
4.883	526.503
4.884	551.522
4.885	581.073
4.886	614.915
4.887	652.749
4.888	694.211
4.889	738.883
4.89	786.287
4.891	835.896
4.892	887.139
4.893	939.412
4.894	992.084
4.895	1044.52
4.896	1096.07
4.897	1146.12
4.898	1194.07
4.899	1239.38
4.9	1281.56
4.901	1320.19
4.902	1354.93
4.903	1385.53
4.904	1411.87
4.905	1433.89
4.906	1451.66
4.907	1465.34
4.908	1475.21
4.909	1481.62
4.91	1485.01
4.911	1485.9
4.912	1484.85
4.913	1482.48
4.914	1479.41
4.915	1476.3
4.916	1473.77
4.917	1472.45
4.918	1472.9
4.919	1475.65
4.92	1481.16
4.921	1489.82
4.922	1501.96
4.923	1517.8
4.924	1537.5
4.925	1561.13
4.926	1588.69
4.927	1620.11
4.928	1655.23
4.929	1693.86
4.93	1735.74
4.931	1780.56
4.932	1828.01
4.933	1877.72
4.934	1929.32
4.935	1982.4
4.936	2036.57
4.937	2091.42
4.938	2146.54
4.939	2201.52
4.94	2255.94
4.941	2309.38
4.942	2361.42
4.943	2411.61
4.944	2459.54
4.945	2504.73
4.946	2546.74
4.947	2585.11
4.948	2619.35
4.949	2649.02
4.95	2673.64
4.951	2692.79
4.952	2706.05
4.953	2713.05
4.954	2713.47
4.955	2707.06
4.956	2693.65
4.957	2673.15
4.958	2645.59
4.959	2611.1
4.96	2569.91
4.961	2522.39
4.962	2469.02
4.963	2410.37
4.964	2347.15
4.965	2280.12
4.966	2210.14
4.967	2138.12
4.968	2065
4.969	1991.74
4.97	1919.27
4.971	1848.52
4.972	1780.33
4.973	1715.5
4.974	1654.7
4.975	1598.51
4.976	1547.39
4.977	1501.67
4.978	1461.53
4.979	1427.04
4.98	1398.12
4.981	1374.58
4.982	1356.09
4.983	1342.25
4.984	1332.56
4.985	1326.44
4.986	1323.26
4.987	1322.39
4.988	1323.13
4.989	1324.84
4.99	1326.86
4.991	1328.61
4.992	1329.53
4.993	1329.15
4.994	1327.05
4.995	1322.94
4.996	1316.6
4.997	1307.88
4.998	1296.78
4.999	1283.37
5	1267.79
5.001	1250.32
5.002	1231.27
5.003	1211.06
5.004	1190.14
5.005	1169.03
5.006	1148.29
5.007	1128.48
5.008	1110.2
5.009	1094.03
5.01	1080.55
5.011	1070.29
5.012	1063.76
5.013	1061.4
5.014	1063.61
5.015	1070.69
5.016	1082.88
5.017	1100.3
5.018	1123.01
5.019	1150.93
5.02	1183.9
5.021	1221.64
5.022	1263.77
5.023	1309.81
5.024	1359.18
5.025	1411.21
5.026	1465.15
5.027	1520.19
5.028	1575.47
5.029	1630.1
5.03	1683.16
5.031	1733.75
5.032	1781.01
5.033	1824.09
5.034	1862.24
5.035	1894.77
5.036	1921.11
5.037	1940.79
5.038	1953.49
5.039	1959
5.04	1957.25
5.041	1948.32
5.042	1932.41
5.043	1909.86
5.044	1881.11
5.045	1846.7
5.046	1807.27
5.047	1763.52
5.048	1716.17
5.049	1666.01
5.05	1613.8
5.051	1560.32
5.052	1506.3
5.053	1452.44
5.054	1399.4
5.055	1347.75
5.056	1298.01
5.057	1250.62
5.058	1205.95
5.059	1164.3
5.06	1125.89
5.061	1090.86
5.062	1059.3
5.063	1031.25
5.064	1006.68
5.065	985.512
5.066	967.632
5.067	952.886
5.068	941.087
5.069	932.016
5.07	925.432
5.071	921.068
5.072	918.64
5.073	917.846
5.074	918.372
5.075	919.894
5.076	922.08
5.077	924.598
5.078	927.116
5.079	929.31
5.08	930.871
5.081	931.504
5.082	930.939
5.083	928.935
5.084	925.285
5.085	919.818
5.086	912.409
5.087	902.973
5.088	891.472
5.089	877.918
5.09	862.363
5.091	844.905
5.092	825.68
5.093	804.86
5.094	782.644
5.095	759.255
5.096	734.929
5.097	709.912
5.098	684.451
5.099	658.784
5.1	633.139
5.101	607.725
5.102	582.727
5.103	558.306
5.104	534.593
5.105	511.69
5.106	489.672
5.107	468.584
5.108	448.448
5.109	429.266
5.11	411.023
5.111	393.692
5.112	377.238
5.113	361.629
5.114	346.832
5.115	332.826
5.116	319.602
5.117	307.166
5.118	295.544
5.119	284.785
5.12	274.959
5.121	266.158
5.122	258.498
5.123	252.116
5.124	247.165
5.125	243.817
5.126	242.253
5.127	242.665
5.128	245.245
5.129	250.183
5.13	257.661
5.131	267.846
5.132	280.883
5.133	296.893
5.134	315.957
5.135	338.121
5.136	363.382
5.137	391.686
5.138	422.922
5.139	456.922
5.14	493.452
5.141	532.221
5.142	572.871
5.143	614.987
5.144	658.102
5.145	701.698
5.146	745.217
5.147	788.074
5.148	829.664
5.149	869.377
5.15	906.612
5.151	940.789
5.152	971.365
5.153	997.848
5.154	1019.81
5.155	1036.88
5.156	1048.81
5.157	1055.4
5.158	1056.56
5.159	1052.31
5.16	1042.74
5.161	1028.07
5.162	1008.56
5.163	984.582
5.164	956.57
5.165	925.008
5.166	890.425
5.167	853.382
5.168	814.454
5.169	774.22
5.17	733.249
5.171	692.088
5.172	651.255
5.173	611.227
5.174	572.438
5.175	535.27
5.176	500.056
5.177	467.075
5.178	436.556
5.179	408.677
5.18	383.575
5.181	361.345
5.182	342.046
5.183	325.709
5.184	312.341
5.185	301.931
5.186	294.453
5.187	289.872
5.188	288.147
5.189	289.232
5.19	293.078
5.191	299.635
5.192	308.849
5.193	320.662
5.194	335.011
5.195	351.823
5.196	371.013
5.197	392.481
5.198	416.111
5.199	441.766
5.2	469.284
5.201	498.484
5.202	529.155
5.203	561.066
5.204	593.962
5.205	627.571
5.206	661.603
5.207	695.76
5.208	729.742
5.209	763.252
5.21	796.007
5.211	827.746
5.212	858.236
5.213	887.286
5.214	914.749
5.215	940.534
5.216	964.609
5.217	987.008
5.218	1007.83
5.219	1027.23
5.22	1045.44
5.221	1062.75
5.222	1079.49
5.223	1096.02
5.224	1112.76
5.225	1130.11
5.226	1148.49
5.227	1168.28
5.228	1189.86
5.229	1213.51
5.23	1239.49
5.231	1267.96
5.232	1298.98
5.233	1332.52
5.234	1368.46
5.235	1406.56
5.236	1446.47
5.237	1487.78
5.238	1529.95
5.239	1572.41
5.24	1614.51
5.241	1655.58
5.242	1694.92
5.243	1731.85
5.244	1765.72
5.245	1795.93
5.246	1821.92
5.247	1843.24
5.248	1859.54
5.249	1870.55
5.25	1876.13
5.251	1876.24
5.252	1870.96
5.253	1860.45
5.254	1844.99
5.255	1824.93
5.256	1800.68
5.257	1772.69
5.258	1741.48
5.259	1707.55
5.26	1671.42
5.261	1633.59
5.262	1594.55
5.263	1554.74
5.264	1514.57
5.265	1474.41
5.266	1434.58
5.267	1395.35
5.268	1356.95
5.269	1319.59
5.27	1283.43
5.271	1248.62
5.272	1215.29
5.273	1183.55
5.274	1153.53
5.275	1125.36
5.276	1099.16
5.277	1075.07
5.278	1053.26
5.279	1033.87
5.28	1017.1
5.281	1003.1
5.282	992.066
5.283	984.156
5.284	979.523
5.285	978.295
5.286	980.57
5.287	986.403
5.288	995.806
5.289	1008.74
5.29	1025.09
5.291	1044.71
5.292	1067.38
5.293	1092.79
5.294	1120.6
5.295	1150.42
5.296	1181.78
5.297	1214.18
5.298	1247.1
5.299	1279.99
5.3	1312.29
5.301	1343.43
5.302	1372.89
5.303	1400.16
5.304	1424.77
5.305	1446.31
5.306	1464.43
5.307	1478.85
5.308	1489.38
5.309	1495.9
5.31	1498.37
5.311	1496.84
5.312	1491.41
5.313	1482.29
5.314	1469.73
5.315	1454.02
5.316	1435.51
5.317	1414.56
5.318	1391.57
5.319	1366.93
5.32	1341.02
5.321	1314.19
5.322	1286.78
5.323	1259.1
5.324	1231.4
5.325	1203.9
5.326	1176.77
5.327	1150.13
5.328	1124.08
5.329	1098.65
5.33	1073.88
5.331	1049.77
5.332	1026.28
5.333	1003.41
5.334	981.131
5.335	959.424
5.336	938.289
5.337	917.746
5.338	897.834
5.339	878.618
5.34	860.188
5.341	842.656
5.342	826.157
5.343	810.843
5.344	796.876
5.345	784.425
5.346	773.66
5.347	764.743
5.348	757.823
5.349	753.03
5.35	750.468
5.351	750.214
5.352	752.31
5.353	756.767
5.354	763.555
5.355	772.614
5.356	783.846
5.357	797.124
5.358	812.293
5.359	829.173
5.36	847.567
5.361	867.263
5.362	888.04
5.363	909.676
5.364	931.948
5.365	954.637
5.366	977.533
5.367	1000.44
5.368	1023.16
5.369	1045.54
5.37	1067.4
5.371	1088.6
5.372	1109
5.373	1128.47
5.374	1146.91
5.375	1164.19
5.376	1180.21
5.377	1194.88
5.378	1208.09
5.379	1219.75
5.38	1229.78
5.381	1238.09
5.382	1244.6
5.383	1249.25
5.384	1251.98
5.385	1252.74
5.386	1251.49
5.387	1248.23
5.388	1242.96
5.389	1235.7
5.39	1226.48
5.391	1215.37
5.392	1202.45
5.393	1187.81
5.394	1171.57
5.395	1153.86
5.396	1134.83
5.397	1114.63
5.398	1093.42
5.399	1071.38
5.4	1048.7
5.401	1025.55
5.402	1002.13
5.403	978.629
5.404	955.253
5.405	932.203
5.406	909.688
5.407	887.923
5.408	867.13
5.409	847.539
5.41	829.39
5.411	812.933
5.412	798.427
5.413	786.143
5.414	776.36
5.415	769.367
5.416	765.454
5.417	764.918
5.418	768.048
5.419	775.127
5.42	786.419
5.421	802.165
5.422	822.572
5.423	847.804
5.424	877.971
5.425	913.116
5.426	953.212
5.427	998.145
5.428	1047.71
5.429	1101.6
5.43	1159.42
5.431	1220.65
5.432	1284.68
5.433	1350.8
5.434	1418.21
5.435	1486.02
5.436	1553.29
5.437	1619.02
5.438	1682.2
5.439	1741.81
5.44	1796.84
5.441	1846.32
5.442	1889.38
5.443	1925.22
5.444	1953.15
5.445	1972.61
5.446	1983.21
5.447	1984.71
5.448	1977.03
5.449	1960.26
5.45	1934.68
5.451	1900.7
5.452	1858.91
5.453	1810.02
5.454	1754.86
5.455	1694.38
5.456	1629.57
5.457	1561.5
5.458	1491.24
5.459	1419.91
5.46	1348.55
5.461	1278.22
5.462	1209.87
5.463	1144.4
5.464	1082.64
5.465	1025.27
5.466	972.917
5.467	926.062
5.468	885.09
5.469	850.268
5.47	821.758
5.471	799.616
5.472	783.801
5.473	774.184
5.474	770.549
5.475	772.612
5.476	780.02
5.477	792.366
5.478	809.196
5.479	830.015
5.48	854.3
5.481	881.502
5.482	911.058
5.483	942.394
5.484	974.935
5.485	1008.11
5.486	1041.36
5.487	1074.13
5.488	1105.91
5.489	1136.2
5.49	1164.53
5.491	1190.49
5.492	1213.67
5.493	1233.76
5.494	1250.46
5.495	1263.54
5.496	1272.83
5.497	1278.19
5.498	1279.57
5.499	1276.97
5.5	1270.43
5.501	1260.06
5.502	1246.02
5.503	1228.5
5.504	1207.75
5.505	1184.06
5.506	1157.74
5.507	1129.11
5.508	1098.55
5.509	1066.4
5.51	1033.05
5.511	998.87
5.512	964.22
5.513	929.462
5.514	894.937
5.515	860.975
5.516	827.885
5.517	795.958
5.518	765.466
5.519	736.662
5.52	709.78
5.521	685.039
5.522	662.64
5.523	642.772
5.524	625.61
5.525	611.314
5.526	600.033
5.527	591.901
5.528	587.039
5.529	585.548
5.53	587.509
5.531	592.981
5.532	601.992
5.533	614.54
5.534	630.586
5.535	650.05
5.536	672.81
5.537	698.695
5.538	727.484
5.539	758.908
5.54	792.648
5.541	828.337
5.542	865.563
5.543	903.875
5.544	942.787
5.545	981.789
5.546	1020.35
5.547	1057.93
5.548	1094
5.549	1128.03
5.55	1159.53
5.551	1188.02
5.552	1213.09
5.553	1234.36
5.554	1251.54
5.555	1264.38
5.556	1272.73
5.557	1276.49
5.558	1275.67
5.559	1270.34
5.56	1260.66
5.561	1246.87
5.562	1229.26
5.563	1208.21
5.564	1184.13
5.565	1157.48
5.566	1128.76
5.567	1098.49
5.568	1067.18
5.569	1035.36
5.57	1003.54
5.571	972.177
5.572	941.727
5.573	912.577
5.574	885.065
5.575	859.468
5.576	835.999
5.577	814.803
5.578	795.958
5.579	779.477
5.58	765.306
5.581	753.338
5.582	743.408
5.583	735.311
5.584	728.803
5.585	723.611
5.586	719.445
5.587	716.005
5.588	712.992
5.589	710.115
5.59	707.1
5.591	703.701
5.592	699.701
5.593	694.921
5.594	689.224
5.595	682.52
5.596	674.765
5.597	665.966
5.598	656.177
5.599	645.502
5.6	634.089
5.601	622.129
5.602	609.854
5.603	597.528
5.604	585.446
5.605	573.925
5.606	563.301
5.607	553.919
5.608	546.128
5.609	540.275
5.61	536.692
5.611	535.696
5.612	537.575
5.613	542.584
5.614	550.936
5.615	562.797
5.616	578.276
5.617	597.421
5.618	620.216
5.619	646.572
5.62	676.329
5.621	709.253
5.622	745.039
5.623	783.308
5.624	823.617
5.625	865.466
5.626	908.301
5.627	951.53
5.628	994.534
5.629	1036.68
5.63	1077.33
5.631	1115.88
5.632	1151.75
5.633	1184.39
5.634	1213.35
5.635	1238.22
5.636	1258.71
5.637	1274.6
5.638	1285.81
5.639	1292.32
5.64	1294.26
5.641	1291.83
5.642	1285.36
5.643	1275.25
5.644	1261.98
5.645	1246.11
5.646	1228.21
5.647	1208.93
5.648	1188.9
5.649	1168.76
5.65	1149.12
5.651	1130.57
5.652	1113.64
5.653	1098.81
5.654	1086.48
5.655	1076.98
5.656	1070.57
5.657	1067.39
5.658	1067.56
5.659	1071.07
5.66	1077.87
5.661	1087.83
5.662	1100.78
5.663	1116.48
5.664	1134.65
5.665	1155
5.666	1177.21
5.667	1200.92
5.668	1225.78
5.669	1251.43
5.67	1277.51
5.671	1303.67
5.672	1329.54
5.673	1354.78
5.674	1379.06
5.675	1402.04
5.676	1423.41
5.677	1442.87
5.678	1460.13
5.679	1474.93
5.68	1487.04
5.681	1496.24
5.682	1502.35
5.683	1505.23
5.684	1504.8
5.685	1501.01
5.686	1493.86
5.687	1483.42
5.688	1469.83
5.689	1453.28
5.69	1434.01
5.691	1412.34
5.692	1388.64
5.693	1363.32
5.694	1336.86
5.695	1309.74
5.696	1282.47
5.697	1255.59
5.698	1229.62
5.699	1205.05
5.7	1182.36
5.701	1161.98
5.702	1144.26
5.703	1129.51
5.704	1117.94
5.705	1109.68
5.706	1104.76
5.707	1103.12
5.708	1104.6
5.709	1108.95
5.71	1115.84
5.711	1124.84
5.712	1135.48
5.713	1147.23
5.714	1159.52
5.715	1171.74
5.716	1183.32
5.717	1193.68
5.718	1202.27
5.719	1208.61
5.72	1212.26
5.721	1212.88
5.722	1210.21
5.723	1204.11
5.724	1194.5
5.725	1181.46
5.726	1165.14
5.727	1145.82
5.728	1123.87
5.729	1099.74
5.73	1074
5.731	1047.27
5.732	1020.23
5.733	993.614
5.734	968.201
5.735	944.785
5.736	924.17
5.737	907.155
5.738	894.521
5.739	887.019
5.74	885.354
5.741	890.172
5.742	902.052
5.743	921.49
5.744	948.886
5.745	984.539
5.746	1028.63
5.747	1081.23
5.748	1142.26
5.749	1211.52
5.75	1288.66
5.751	1373.21
5.752	1464.55
5.753	1561.93
5.754	1664.48
5.755	1771.22
5.756	1881.07
5.757	1992.88
5.758	2105.44
5.759	2217.48
5.76	2327.76
5.761	2435.02
5.762	2538.04
5.763	2635.68
5.764	2726.84
5.765	2810.56
5.766	2885.97
5.767	2952.36
5.768	3009.12
5.769	3055.81
5.77	3092.16
5.771	3118.01
5.772	3133.36
5.773	3138.37
5.774	3133.31
5.775	3118.55
5.776	3094.61
5.777	3062.05
5.778	3021.56
5.779	2973.83
5.78	2919.64
5.781	2859.79
5.782	2795.08
5.783	2726.34
5.784	2654.35
5.785	2579.91
5.786	2503.78
5.787	2426.65
5.788	2349.19
5.789	2272.01
5.79	2195.66
5.791	2120.61
5.792	2047.28
5.793	1976.02
5.794	1907.12
5.795	1840.78
5.796	1777.17
5.797	1716.4
5.798	1658.51
5.799	1603.53
5.8	1551.44
5.801	1502.22
5.802	1455.81
5.803	1412.19
5.804	1371.31
5.805	1333.15
5.806	1297.71
5.807	1265.03
5.808	1235.17
5.809	1208.21
5.81	1184.28
5.811	1163.53
5.812	1146.12
5.813	1132.22
5.814	1122.04
5.815	1115.73
5.816	1113.47
5.817	1115.39
5.818	1121.57
5.819	1132.06
5.82	1146.84
5.821	1165.82
5.822	1188.84
5.823	1215.66
5.824	1245.96
5.825	1279.34
5.826	1315.32
5.827	1353.34
5.828	1392.79
5.829	1432.99
5.83	1473.22
5.831	1512.74
5.832	1550.77
5.833	1586.55
5.834	1619.32
5.835	1648.36
5.836	1672.98
5.837	1692.56
5.838	1706.56
5.839	1714.51
5.84	1716.05
5.841	1710.93
5.842	1698.98
5.843	1680.18
5.844	1654.61
5.845	1622.46
5.846	1584.04
5.847	1539.74
5.848	1490.07
5.849	1435.59
5.85	1376.97
5.851	1314.87
5.852	1250.05
5.853	1183.25
5.854	1115.21
5.855	1046.69
5.856	978.4
5.857	911.01
5.858	845.145
5.859	781.371
5.86	720.184
5.861	662.009
5.862	607.198
5.863	556.031
5.864	508.717
5.865	465.397
5.866	426.156
5.867	391.021
5.868	359.979
5.869	332.976
5.87	309.933
5.871	290.748
5.872	275.306
5.873	263.484
5.874	255.158
5.875	250.203
5.876	248.496
5.877	249.917
5.878	254.348
5.879	261.672
5.88	271.768
5.881	284.506
5.882	299.749
5.883	317.343
5.884	337.116
5.885	358.875
5.886	382.402
5.887	407.456
5.888	433.772
5.889	461.062
5.89	489.017
5.891	517.316
5.892	545.626
5.893	573.614
5.894	600.95
5.895	627.316
5.896	652.416
5.897	675.98
5.898	697.773
5.899	717.602
5.9	735.316
5.901	750.813
5.902	764.041
5.903	774.998
5.904	783.727
5.905	790.317
5.906	794.895
5.907	797.624
5.908	798.69
5.909	798.302
5.91	796.677
5.911	794.041
5.912	790.615
5.913	786.612
5.914	782.232
5.915	777.656
5.916	773.044
5.917	768.534
5.918	764.238
5.919	760.249
5.92	756.633
5.921	753.439
5.922	750.699
5.923	748.427
5.924	746.63
5.925	745.304
5.926	744.439
5.927	744.024
5.928	744.045
5.929	744.489
5.93	745.344
5.931	746.6
5.932	748.249
5.933	750.284
5.934	752.702
5.935	755.498
5.936	758.672
5.937	762.223
5.938	766.155
5.939	770.474
5.94	775.193
5.941	780.332
5.942	785.923
5.943	792.011
5.944	798.658
5.945	805.946
5.946	813.979
5.947	822.883
5.948	832.809
5.949	843.93
5.95	856.441
5.951	870.549
5.952	886.474
5.953	904.434
5.954	924.642
5.955	947.289
5.956	972.536
5.957	1000.5
5.958	1031.25
5.959	1064.76
5.96	1100.97
5.961	1139.71
5.962	1180.72
5.963	1223.65
5.964	1268.07
5.965	1313.45
5.966	1359.2
5.967	1404.65
5.968	1449.1
5.969	1491.81
5.97	1532.01
5.971	1568.99
5.972	1602.02
5.973	1630.46
5.974	1653.73
5.975	1671.32
5.976	1682.86
5.977	1688.08
5.978	1686.82
5.979	1679.06
5.98	1664.91
5.981	1644.6
5.982	1618.48
5.983	1586.99
5.984	1550.69
5.985	1510.2
5.986	1466.23
5.987	1419.53
5.988	1370.89
5.989	1321.13
5.99	1271.07
5.991	1221.55
5.992	1173.36
5.993	1127.29
5.994	1084.09
5.995	1044.46
5.996	1009.06
5.997	978.464
5.998	953.191
5.999	933.678
6	920.274
6.001	913.233
6.002	912.709
6.003	918.748
6.004	931.281
6.005	950.125
6.006	974.977
6.007	1005.42
6.008	1040.9
6.009	1080.79
6.01	1124.34
6.011	1170.72
6.012	1219.01
6.013	1268.26
6.014	1317.48
6.015	1365.66
6.016	1411.81
6.017	1454.99
6.018	1494.3
6.019	1528.93
6.02	1558.21
6.021	1581.55
6.022	1598.51
6.023	1608.82
6.024	1612.35
6.025	1609.11
6.026	1599.29
6.027	1583.2
6.028	1561.29
6.029	1534.11
6.03	1502.33
6.031	1466.65
6.032	1427.87
6.033	1386.77
6.034	1344.17
6.035	1300.84
6.036	1257.55
6.037	1214.99
6.038	1173.8
6.039	1134.52
6.04	1097.65
6.041	1063.55
6.042	1032.53
6.043	1004.79
6.044	980.462
6.045	959.587
6.046	942.14
6.047	928.03
6.048	917.111
6.049	909.19
6.05	904.036
6.051	901.385
6.052	900.954
6.053	902.441
6.054	905.535
6.055	909.925
6.056	915.3
6.057	921.359
6.058	927.811
6.059	934.385
6.06	940.833
6.061	946.932
6.062	952.488
6.063	957.344
6.064	961.377
6.065	964.504
6.066	966.684
6.067	967.917
6.068	968.243
6.069	967.744
6.07	966.537
6.071	964.772
6.072	962.628
6.073	960.303
6.074	958.009
6.075	955.963
6.076	954.377
6.077	953.452
6.078	953.362
6.079	954.254
6.08	956.235
6.081	959.364
6.082	963.652
6.083	969.054
6.084	975.472
6.085	982.75
6.086	990.681
6.087	999.012
6.088	1007.45
6.089	1015.66
6.09	1023.31
6.091	1030.02
6.092	1035.45
6.093	1039.23
6.094	1041.05
6.095	1040.62
6.096	1037.68
6.097	1032.03
6.098	1023.55
6.099	1012.14
6.1	997.817
6.101	980.62
6.102	960.679
6.103	938.18
6.104	913.369
6.105	886.544
6.106	858.048
6.107	828.261
6.108	797.591
6.109	766.463
6.11	735.312
6.111	704.569
6.112	674.657
6.113	645.975
6.114	618.897
6.115	593.758
6.116	570.852
6.117	550.424
6.118	532.666
6.119	517.713
6.12	505.643
6.121	496.475
6.122	490.17
6.123	486.632
6.124	485.714
6.125	487.216
6.126	490.9
6.127	496.488
6.128	503.673
6.129	512.128
6.13	521.511
6.131	531.479
6.132	541.693
6.133	551.827
6.134	561.582
6.135	570.685
6.136	578.905
6.137	586.053
6.138	591.989
6.139	596.627
6.14	599.934
6.141	601.933
6.142	602.701
6.143	602.367
6.144	601.105
6.145	599.136
6.146	596.715
6.147	594.126
6.148	591.678
6.149	589.692
6.15	588.497
6.151	588.421
6.152	589.783
6.153	592.887
6.154	598.014
6.155	605.418
6.156	615.319
6.157	627.901
6.158	643.307
6.159	661.632
6.16	682.929
6.161	707.198
6.162	734.391
6.163	764.405
6.164	797.089
6.165	832.236
6.166	869.589
6.167	908.84
6.168	949.632
6.169	991.564
6.17	1034.19
6.171	1077.03
6.172	1119.57
6.173	1161.27
6.174	1201.57
6.175	1239.91
6.176	1275.74
6.177	1308.49
6.178	1337.64
6.179	1362.68
6.18	1383.18
6.181	1398.72
6.182	1408.97
6.183	1413.67
6.184	1412.61
6.185	1405.7
6.186	1392.91
6.187	1374.32
6.188	1350.06
6.189	1320.39
6.19	1285.61
6.191	1246.12
6.192	1202.36
6.193	1154.85
6.194	1104.14
6.195	1050.8
6.196	995.446
6.197	938.689
6.198	881.139
6.199	823.392
6.2	766.018
6.201	709.557
6.202	654.51
6.203	601.329
6.204	550.42
6.205	502.135
6.206	456.773
6.207	414.584
6.208	375.767
6.209	340.475
6.21	308.821
6.211	280.88
6.212	256.696
6.213	236.289
6.214	219.659
6.215	206.788
6.216	197.652
6.217	192.217
6.218	190.445
6.219	192.295
6.22	197.726
6.221	206.693
6.222	219.146
6.223	235.031
6.224	254.281
6.225	276.819
6.226	302.55
6.227	331.357
6.228	363.096
6.229	397.596
6.23	434.651
6.231	474.02
6.232	515.425
6.233	558.548
6.234	603.037
6.235	648.501
6.236	694.518
6.237	740.636
6.238	786.382
6.239	831.267
6.24	874.793
6.241	916.466
6.242	955.799
6.243	992.328
6.244	1025.62
6.245	1055.28
6.246	1080.96
6.247	1102.38
6.248	1119.33
6.249	1131.65
6.25	1139.27
6.251	1142.22
6.252	1140.57
6.253	1134.51
6.254	1124.27
6.255	1110.18
6.256	1092.61
6.257	1071.99
6.258	1048.78
6.259	1023.5
6.26	996.659
6.261	968.763
6.262	940.319
6.263	911.805
6.264	883.661
6.265	856.278
6.266	829.991
6.267	805.071
6.268	781.719
6.269	760.069
6.27	740.183
6.271	722.057
6.272	705.627
6.273	690.775
6.274	677.338
6.275	665.121
6.276	653.905
6.277	643.462
6.278	633.566
6.279	624.003
6.28	614.582
6.281	605.145
6.282	595.573
6.283	585.792
6.284	575.775
6.285	565.544
6.286	555.169
6.287	544.763
6.288	534.479
6.289	524.501
6.29	515.039
6.291	506.316
6.292	498.56
6.293	491.996
6.294	486.834
6.295	483.261
6.296	481.433
6.297	481.466
6.298	483.433
6.299	487.359
6.3	493.219
6.301	500.936
6.302	510.381
6.303	521.379
6.304	533.713
6.305	547.125
6.306	561.329
6.307	576.012
6.308	590.851
6.309	605.514
6.31	619.677
6.311	633.025
6.312	645.271
6.313	656.158
6.314	665.467
6.315	673.03
6.316	678.731
6.317	682.51
6.318	684.369
6.319	684.373
6.32	682.649
6.321	679.383
6.322	674.819
6.323	669.251
6.324	663.018
6.325	656.497
6.326	650.09
6.327	644.221
6.328	639.318
6.329	635.806
6.33	634.098
6.331	634.58
6.332	637.607
6.333	643.487
6.334	652.477
6.335	664.775
6.336	680.516
6.337	699.764
6.338	722.51
6.339	748.673
6.34	778.098
6.341	810.558
6.342	845.759
6.343	883.342
6.344	922.892
6.345	963.943
6.346	1005.99
6.347	1048.5
6.348	1090.91
6.349	1132.66
6.35	1173.2
6.351	1211.98
6.352	1248.5
6.353	1282.28
6.354	1312.9
6.355	1340.01
6.356	1363.33
6.357	1382.62
6.358	1397.77
6.359	1408.72
6.36	1415.49
6.361	1418.16
6.362	1416.92
6.363	1411.98
6.364	1403.62
6.365	1392.14
6.366	1377.88
6.367	1361.19
6.368	1342.42
6.369	1321.92
6.37	1299.99
6.371	1276.93
6.372	1253
6.373	1228.4
6.374	1203.3
6.375	1177.84
6.376	1152.1
6.377	1126.12
6.378	1099.93
6.379	1073.53
6.38	1046.87
6.381	1019.94
6.382	992.692
6.383	965.087
6.384	937.102
6.385	908.725
6.386	879.963
6.387	850.844
6.388	821.417
6.389	791.755
6.39	761.95
6.391	732.114
6.392	702.374
6.393	672.872
6.394	643.754
6.395	615.175
6.396	587.286
6.397	560.236
6.398	534.166
6.399	509.207
6.4	485.473
6.401	463.066
6.402	442.067
6.403	422.541
6.404	404.532
6.405	388.066
6.406	373.151
6.407	359.779
6.408	347.924
6.409	337.548
6.41	328.6
6.411	321.018
6.412	314.733
6.413	309.667
6.414	305.738
6.415	302.859
6.416	300.94
6.417	299.889
6.418	299.612
6.419	300.014
6.42	300.999
6.421	302.469
6.422	304.328
6.423	306.477
6.424	308.819
6.425	311.258
6.426	313.698
6.427	316.047
6.428	318.218
6.429	320.129
6.43	321.704
6.431	322.879
6.432	323.599
6.433	323.824
6.434	323.527
6.435	322.699
6.436	321.347
6.437	319.496
6.438	317.189
6.439	314.485
6.44	311.46
6.441	308.202
6.442	304.812
6.443	301.398
6.444	298.073
6.445	294.954
6.446	292.15
6.447	289.769
6.448	287.906
6.449	286.644
6.45	286.051
6.451	286.175
6.452	287.047
6.453	288.678
6.454	291.057
6.455	294.156
6.456	297.929
6.457	302.315
6.458	307.239
6.459	312.62
6.46	318.369
6.461	324.395
6.462	330.609
6.463	336.928
6.464	343.279
6.465	349.598
6.466	355.837
6.467	361.967
6.468	367.974
6.469	373.866
6.47	379.671
6.471	385.436
6.472	391.228
6.473	397.131
6.474	403.244
6.475	409.68
6.476	416.561
6.477	424.014
6.478	432.17
6.479	441.155
6.48	451.09
6.481	462.082
6.482	474.225
6.483	487.59
6.484	502.225
6.485	518.151
6.486	535.357
6.487	553.802
6.488	573.41
6.489	594.073
6.49	615.652
6.491	637.976
6.492	660.848
6.493	684.048
6.494	707.336
6.495	730.46
6.496	753.161
6.497	775.177
6.498	796.251
6.499	816.138
6.5	834.607
6.501	851.447
6.502	866.476
6.503	879.536
6.504	890.501
6.505	899.279
6.506	905.809
6.507	910.062
6.508	912.039
6.509	911.771
6.51	909.314
6.511	904.748
6.512	898.171
6.513	889.699
6.514	879.459
6.515	867.591
6.516	854.241
6.517	839.56
6.518	823.705
6.519	806.833
6.52	789.105
6.521	770.685
6.522	751.737
6.523	732.428
6.524	712.926
6.525	693.403
6.526	674.034
6.527	654.995
6.528	636.465
6.529	618.621
6.53	601.641
6.531	585.699
6.532	570.962
6.533	557.588
6.534	545.724
6.535	535.499
6.536	527.022
6.537	520.381
6.538	515.634
6.539	512.813
6.54	511.915
6.541	512.906
6.542	515.719
6.543	520.252
6.544	526.371
6.545	533.913
6.546	542.689
6.547	552.488
6.548	563.083
6.549	574.235
6.55	585.701
6.551	597.239
6.552	608.615
6.553	619.61
6.554	630.024
6.555	639.682
6.556	648.438
6.557	656.174
6.558	662.81
6.559	668.296
6.56	672.614
6.561	675.78
6.562	677.833
6.563	678.839
6.564	678.881
6.565	678.058
6.566	676.478
6.567	674.249
6.568	671.483
6.569	668.282
6.57	664.744
6.571	660.95
6.572	656.97
6.573	652.859
6.574	648.657
6.575	644.387
6.576	640.064
6.577	635.687
6.578	631.251
6.579	626.741
6.58	622.141
6.581	617.436
6.582	612.609
6.583	607.649
6.584	602.549
6.585	597.309
6.586	591.933
6.587	586.434
6.588	580.828
6.589	575.136
6.59	569.383
6.591	563.596
6.592	557.802
6.593	552.032
6.594	546.314
6.595	540.679
6.596	535.157
6.597	529.781
6.598	524.591
6.599	519.628
6.6	514.946
6.601	510.608
6.602	506.69
6.603	503.284
6.604	500.498
6.605	498.459
6.606	497.308
6.607	497.205
6.608	498.322
6.609	500.843
6.61	504.956
6.611	510.851
6.612	518.709
6.613	528.703
6.614	540.984
6.615	555.674
6.616	572.867
6.617	592.613
6.618	614.919
6.619	639.743
6.62	666.992
6.621	696.518
6.622	728.124
6.623	761.559
6.624	796.526
6.625	832.686
6.626	869.664
6.627	907.054
6.628	944.432
6.629	981.359
6.63	1017.39
6.631	1052.1
6.632	1085.06
6.633	1115.87
6.634	1144.16
6.635	1169.6
6.636	1191.89
6.637	1210.8
6.638	1226.13
6.639	1237.74
6.64	1245.54
6.641	1249.49
6.642	1249.61
6.643	1245.96
6.644	1238.66
6.645	1227.85
6.646	1213.73
6.647	1196.51
6.648	1176.43
6.649	1153.77
6.65	1128.79
6.651	1101.79
6.652	1073.06
6.653	1042.88
6.654	1011.54
6.655	979.31
6.656	946.458
6.657	913.236
6.658	879.882
6.659	846.623
6.66	813.672
6.661	781.233
6.662	749.497
6.663	718.649
6.664	688.866
6.665	660.317
6.666	633.167
6.667	607.575
6.668	583.692
6.669	561.662
6.67	541.616
6.671	523.675
6.672	507.94
6.673	494.492
6.674	483.388
6.675	474.657
6.676	468.297
6.677	464.272
6.678	462.509
6.679	462.902
6.68	465.308
6.681	469.553
6.682	475.434
6.683	482.722
6.684	491.173
6.685	500.531
6.686	510.537
6.687	520.936
6.688	531.49
6.689	541.98
6.69	552.217
6.691	562.045
6.692	571.35
6.693	580.059
6.694	588.147
6.695	595.628
6.696	602.562
6.697	609.044
6.698	615.202
6.699	621.191
6.7	627.181
6.701	633.349
6.702	639.874
6.703	646.925
6.704	654.65
6.705	663.176
6.706	672.595
6.707	682.964
6.708	694.3
6.709	706.582
6.71	719.748
6.711	733.7
6.712	748.309
6.713	763.418
6.714	778.853
6.715	794.43
6.716	809.96
6.717	825.262
6.718	840.169
6.719	854.534
6.72	868.239
6.721	881.197
6.722	893.357
6.723	904.702
6.724	915.255
6.725	925.068
6.726	934.224
6.727	942.832
6.728	951.015
6.729	958.909
6.73	966.652
6.731	974.375
6.732	982.199
6.733	990.224
6.734	998.527
6.735	1007.15
6.736	1016.12
6.737	1025.4
6.738	1034.95
6.739	1044.69
6.74	1054.48
6.741	1064.2
6.742	1073.67
6.743	1082.72
6.744	1091.15
6.745	1098.76
6.746	1105.35
6.747	1110.72
6.748	1114.68
6.749	1117.05
6.75	1117.66
6.751	1116.37
6.752	1113.05
6.753	1107.59
6.754	1099.91
6.755	1089.95
6.756	1077.67
6.757	1063.05
6.758	1046.12
6.759	1026.9
6.76	1005.45
6.761	981.872
6.762	956.259
6.763	928.745
6.764	899.481
6.765	868.635
6.766	836.395
6.767	802.961
6.768	768.544
6.769	733.366
6.77	697.652
6.771	661.628
6.772	625.521
6.773	589.549
6.774	553.925
6.775	518.849
6.776	484.507
6.777	451.073
6.778	418.699
6.779	387.522
6.78	357.661
6.781	329.215
6.782	302.266
6.783	276.879
6.784	253.103
6.785	230.974
6.786	210.516
6.787	191.741
6.788	174.653
6.789	159.253
6.79	145.533
6.791	133.488
6.792	123.108
6.793	114.388
6.794	107.324
6.795	101.916
6.796	98.1713
6.797	96.1004
6.798	95.7214
6.799	97.0585
6.8	100.142
6.801	105.007
6.802	111.692
6.803	120.241
6.804	130.696
6.805	143.097
6.806	157.482
6.807	173.879
6.808	192.31
6.809	212.778
6.81	235.274
6.811	259.766
6.812	286.202
6.813	314.501
6.814	344.56
6.815	376.242
6.816	409.385
6.817	443.795
6.818	479.252
6.819	515.51
6.82	552.296
6.821	589.321
6.822	626.278
6.823	662.851
6.824	698.717
6.825	733.554
6.826	767.049
6.827	798.898
6.828	828.818
6.829	856.553
6.83	881.873
6.831	904.585
6.832	924.536
6.833	941.613
6.834	955.75
6.835	966.925
6.836	975.164
6.837	980.537
6.838	983.157
6.839	983.179
6.84	980.793
6.841	976.221
6.842	969.709
6.843	961.52
6.844	951.932
6.845	941.223
6.846	929.668
6.847	917.53
6.848	905.053
6.849	892.457
6.85	879.928
6.851	867.618
6.852	855.642
6.853	844.071
6.854	832.938
6.855	822.236
6.856	811.92
6.857	801.911
6.858	792.107
6.859	782.379
6.86	772.586
6.861	762.579
6.862	752.21
6.863	741.337
6.864	729.832
6.865	717.587
6.866	704.521
6.867	690.581
6.868	675.747
6.869	660.033
6.87	643.489
6.871	626.198
6.872	608.276
6.873	589.866
6.874	571.139
6.875	552.284
6.876	533.507
6.877	515.022
6.878	497.045
6.879	479.791
6.88	463.465
6.881	448.256
6.882	434.334
6.883	421.844
6.884	410.898
6.885	401.581
6.886	393.937
6.887	387.978
6.888	383.674
6.889	380.962
6.89	379.742
6.891	379.881
6.892	381.217
6.893	383.563
6.894	386.71
6.895	390.436
6.896	394.509
6.897	398.695
6.898	402.763
6.899	406.491
6.9	409.671
6.901	412.119
6.902	413.672
6.903	414.198
6.904	413.596
6.905	411.798
6.906	408.77
6.907	404.515
6.908	399.067
6.909	392.492
6.91	384.885
6.911	376.368
6.912	367.082
6.913	357.187
6.914	346.856
6.915	336.272
6.916	325.62
6.917	315.087
6.918	304.854
6.919	295.099
6.92	285.987
6.921	277.672
6.922	270.292
6.923	263.972
6.924	258.818
6.925	254.92
6.926	252.352
6.927	251.167
6.928	251.403
6.929	253.082
6.93	256.208
6.931	260.77
6.932	266.743
6.933	274.087
6.934	282.747
6.935	292.658
6.936	303.741
6.937	315.909
6.938	329.063
6.939	343.096
6.94	357.895
6.941	373.344
6.942	389.32
6.943	405.703
6.944	422.372
6.945	439.211
6.946	456.11
6.947	472.968
6.948	489.694
6.949	506.212
6.95	522.458
6.951	538.386
6.952	553.967
6.953	569.19
6.954	584.062
6.955	598.606
6.956	612.864
6.957	626.891
6.958	640.754
6.959	654.533
6.96	668.313
6.961	682.182
6.962	696.231
6.963	710.544
6.964	725.199
6.965	740.262
6.966	755.782
6.967	771.79
6.968	788.292
6.969	805.269
6.97	822.674
6.971	840.428
6.972	858.423
6.973	876.518
6.974	894.545
6.975	912.304
6.976	929.574
6.977	946.114
6.978	961.666
6.979	975.967
6.98	988.751
6.981	999.761
6.982	1008.75
6.983	1015.51
6.984	1019.85
6.985	1021.62
6.986	1020.71
6.987	1017.08
6.988	1010.74
6.989	1001.74
6.99	990.198
6.991	976.296
6.992	960.258
6.993	942.358
6.994	922.91
6.995	902.258
6.996	880.77
6.997	858.825
6.998	836.8
6.999	815.068
7	793.979
7.001	773.854
7.002	754.981
7.003	737.603
7.004	721.915
7.005	708.063
7.006	696.142
7.007	686.195
7.008	678.217
7.009	672.159
7.01	667.932
7.011	665.416
7.012	664.461
7.013	664.901
7.014	666.557
7.015	669.245
7.016	672.783
7.017	676.997
7.018	681.725
7.019	686.821
7.02	692.158
7.021	697.63
7.022	703.151
7.023	708.657
7.024	714.102
7.025	719.456
7.026	724.705
7.027	729.842
7.028	734.869
7.029	739.789
7.03	744.608
7.031	749.323
7.032	753.929
7.033	758.409
7.034	762.737
7.035	766.876
7.036	770.777
7.037	774.381
7.038	777.618
7.039	780.412
7.04	782.68
7.041	784.337
7.042	785.297
7.043	785.476
7.044	784.795
7.045	783.182
7.046	780.577
7.047	776.928
7.048	772.197
7.049	766.361
7.05	759.409
7.051	751.347
7.052	742.195
7.053	731.987
7.054	720.771
7.055	708.608
7.056	695.572
7.057	681.748
7.058	667.232
7.059	652.131
7.06	636.558
7.061	620.635
7.062	604.491
7.063	588.259
7.064	572.074
7.065	556.075
7.066	540.399
7.067	525.179
7.068	510.547
7.069	496.625
7.07	483.527
7.071	471.356
7.072	460.202
7.073	450.141
7.074	441.233
7.075	433.521
7.076	427.031
7.077	421.772
7.078	417.737
7.079	414.903
7.08	413.23
7.081	412.669
7.082	413.156
7.083	414.616
7.084	416.97
7.085	420.127
7.086	423.996
7.087	428.481
7.088	433.483
7.089	438.905
7.09	444.653
7.091	450.633
7.092	456.76
7.093	462.952
7.094	469.138
7.095	475.257
7.096	481.259
7.097	487.112
7.098	492.797
7.099	498.314
7.1	503.681
7.101	508.939
7.102	514.147
7.103	519.385
7.104	524.75
7.105	530.357
7.106	536.334
7.107	542.816
7.108	549.944
7.109	557.855
7.11	566.678
7.111	576.524
7.112	587.486
7.113	599.622
7.114	612.957
7.115	627.476
7.116	643.116
7.117	659.768
7.118	677.274
7.119	695.427
7.12	713.977
7.121	732.634
7.122	751.073
7.123	768.946
7.124	785.891
7.125	801.539
7.126	815.534
7.127	827.533
7.128	837.229
7.129	844.355
7.13	848.692
7.131	850.085
7.132	848.438
7.133	843.726
7.134	835.993
7.135	825.352
7.136	811.978
7.137	796.108
7.138	778.031
7.139	758.076
7.14	736.608
7.141	714.012
7.142	690.683
7.143	667.017
7.144	643.396
7.145	620.182
7.146	597.708
7.147	576.267
7.148	556.111
7.149	537.443
7.15	520.42
7.151	505.144
7.152	491.669
7.153	480.004
7.154	470.109
7.155	461.907
7.156	455.285
7.157	450.1
7.158	446.184
7.159	443.353
7.16	441.409
7.161	440.149
7.162	439.368
7.163	438.863
7.164	438.443
7.165	437.926
7.166	437.147
7.167	435.957
7.168	434.229
7.169	431.857
7.17	428.758
7.171	424.871
7.172	420.161
7.173	414.613
7.174	408.236
7.175	401.061
7.176	393.138
7.177	384.538
7.178	375.345
7.179	365.664
7.18	355.608
7.181	345.307
7.182	334.894
7.183	324.514
7.184	314.314
7.185	304.441
7.186	295.045
7.187	286.268
7.188	278.248
7.189	271.114
7.19	264.981
7.191	259.952
7.192	256.109
7.193	253.521
7.194	252.232
7.195	252.265
7.196	253.622
7.197	256.282
7.198	260.201
7.199	265.316
7.2	271.545
7.201	278.786
7.202	286.929
7.203	295.85
7.204	305.419
7.205	315.506
7.206	325.981
7.207	336.72
7.208	347.611
7.209	358.552
7.21	369.459
7.211	380.265
7.212	390.921
7.213	401.398
7.214	411.687
7.215	421.793
7.216	431.738
7.217	441.555
7.218	451.282
7.219	460.962
7.22	470.635
7.221	480.336
7.222	490.088
7.223	499.899
7.224	509.759
7.225	519.637
7.226	529.478
7.227	539.207
7.228	548.725
7.229	557.912
7.23	566.63
7.231	574.73
7.232	582.052
7.233	588.434
7.234	593.716
7.235	597.748
7.236	600.395
7.237	601.543
7.238	601.102
7.239	599.016
7.24	595.259
7.241	589.845
7.242	582.822
7.243	574.277
7.244	564.328
7.245	553.131
7.246	540.866
7.247	527.739
7.248	513.971
7.249	499.799
7.25	485.462
7.251	471.199
7.252	457.243
7.253	443.812
7.254	431.107
7.255	419.306
7.256	408.56
7.257	398.991
7.258	390.691
7.259	383.719
7.26	378.105
7.261	373.846
7.262	370.913
7.263	369.251
7.264	368.78
7.265	369.405
7.266	371.012
7.267	373.476
7.268	376.665
7.269	380.441
7.27	384.665
7.271	389.202
7.272	393.92
7.273	398.697
7.274	403.418
7.275	407.982
7.276	412.301
7.277	416.303
7.278	419.93
7.279	423.141
7.28	425.914
7.281	428.242
7.282	430.135
7.283	431.62
7.284	432.739
7.285	433.546
7.286	434.108
7.287	434.502
7.288	434.809
7.289	435.116
7.29	435.508
7.291	436.07
7.292	436.877
7.293	437.995
7.294	439.476
7.295	441.357
7.296	443.655
7.297	446.368
7.298	449.472
7.299	452.921
7.3	456.649
7.301	460.573
7.302	464.591
7.303	468.59
7.304	472.448
7.305	476.038
7.306	479.234
7.307	481.916
7.308	483.975
7.309	485.316
7.31	485.863
7.311	485.565
7.312	484.393
7.313	482.349
7.314	479.457
7.315	475.773
7.316	471.376
7.317	466.368
7.318	460.87
7.319	455.018
7.32	448.96
7.321	442.848
7.322	436.835
7.323	431.069
7.324	425.687
7.325	420.813
7.326	416.555
7.327	412.996
7.328	410.199
7.329	408.201
7.33	407.016
7.331	406.632
7.332	407.015
7.333	408.112
7.334	409.851
7.335	412.143
7.336	414.893
7.337	417.995
7.338	421.342
7.339	424.823
7.34	428.336
7.341	431.78
7.342	435.066
7.343	438.114
7.344	440.856
7.345	443.235
7.346	445.21
7.347	446.748
7.348	447.831
7.349	448.451
7.35	448.607
7.351	448.31
7.352	447.576
7.353	446.425
7.354	444.885
7.355	442.985
7.356	440.757
7.357	438.236
7.358	435.456
7.359	432.455
7.36	429.27
7.361	425.94
7.362	422.505
7.363	419.003
7.364	415.475
7.365	411.96
7.366	408.5
7.367	405.133
7.368	401.896
7.369	398.828
7.37	395.96
7.371	393.325
7.372	390.95
7.373	388.86
7.374	387.072
7.375	385.603
7.376	384.461
7.377	383.651
7.378	383.173
7.379	383.019
7.38	383.179
7.381	383.637
7.382	384.372
7.383	385.356
7.384	386.56
7.385	387.948
7.386	389.479
7.387	391.109
7.388	392.788
7.389	394.465
7.39	396.081
7.391	397.579
7.392	398.896
7.393	399.971
7.394	400.74
7.395	401.144
7.396	401.126
7.397	400.635
7.398	399.626
7.399	398.067
7.4	395.935
7.401	393.22
7.402	389.931
7.403	386.091
7.404	381.741
7.405	376.94
7.406	371.766
7.407	366.313
7.408	360.69
7.409	355.021
7.41	349.441
7.411	344.09
7.412	339.115
7.413	334.662
7.414	330.873
7.415	327.881
7.416	325.809
7.417	324.764
7.418	324.834
7.419	326.085
7.42	328.561
7.421	332.281
7.422	337.24
7.423	343.406
7.424	350.728
7.425	359.13
7.426	368.519
7.427	378.788
7.428	389.815
7.429	401.474
7.43	413.63
7.431	426.153
7.432	438.912
7.433	451.786
7.434	464.661
7.435	477.438
7.436	490.027
7.437	502.356
7.438	514.366
7.439	526.011
7.44	537.259
7.441	548.088
7.442	558.486
7.443	568.448
7.444	577.972
7.445	587.058
7.446	595.707
7.447	603.918
7.448	611.683
7.449	618.992
7.45	625.829
7.451	632.17
7.452	637.99
7.453	643.256
7.454	647.934
7.455	651.989
7.456	655.388
7.457	658.1
7.458	660.098
7.459	661.367
7.46	661.894
7.461	661.681
7.462	660.74
7.463	659.091
7.464	656.768
7.465	653.813
7.466	650.279
7.467	646.225
7.468	641.716
7.469	636.821
7.47	631.612
7.471	626.158
7.472	620.531
7.473	614.795
7.474	609.014
7.475	603.246
7.476	597.542
7.477	591.952
7.478	586.52
7.479	581.287
7.48	576.293
7.481	571.579
7.482	567.184
7.483	563.155
7.484	559.541
7.485	556.396
7.486	553.785
7.487	551.778
7.488	550.454
7.489	549.901
7.49	550.211
7.491	551.486
7.492	553.83
7.493	557.35
7.494	562.151
7.495	568.337
7.496	576.004
7.497	585.237
7.498	596.11
7.499	608.68
