0.5	0
0.501	0
0.502	0
0.503	0
0.504	0
0.505	0
0.506	0
0.507	0
0.508	0
0.509	0
0.51	0
0.511	0
0.512	0
0.513	0
0.514	0
0.515	0
0.516	0
0.517	0
0.518	0
0.519	0
0.52	0
0.521	0
0.522	0
0.523	0
0.524	0
0.525	0
0.526	0
0.527	0
0.528	0
0.529	0
0.53	0
0.531	0
0.532	0
0.533	0
0.534	0
0.535	0
0.536	0
0.537	0
0.538	0
0.539	0
0.54	0
0.541	0
0.542	0
0.543	0
0.544	0
0.545	0
0.546	3.67046e-319
0.547	6.28618e-316
0.548	1.04252e-312
0.549	1.66501e-309
0.55	2.56084e-306
0.551	3.79297e-303
0.552	5.41016e-300
0.553	7.43145e-297
0.554	9.83038e-294
0.555	1.25228e-290
0.556	1.53625e-287
0.557	1.81493e-284
0.558	2.06485e-281
0.559	2.2623e-278
0.56	2.38697e-275
0.561	2.42535e-272
0.562	2.37321e-269
0.563	2.23631e-266
0.564	2.02936e-263
0.565	1.77345e-260
0.566	1.4925e-257
0.567	1.2096e-254
0.568	9.44064e-252
0.569	7.09569e-249
0.57	5.13596e-246
0.571	3.57998e-243
0.572	2.40311e-240
0.573	1.55346e-237
0.574	9.67071e-235
0.575	5.79763e-232
0.576	3.34715e-229
0.577	1.86095e-226
0.578	9.9638e-224
0.579	5.13747e-221
0.58	2.55098e-218
0.581	1.21983e-215
0.582	5.61722e-213
0.583	2.49103e-210
0.584	1.06382e-207
0.585	4.37513e-205
0.586	1.7328e-202
0.587	6.60902e-200
0.588	2.4275e-197
0.589	8.58647e-195
0.59	2.92485e-192
0.591	9.59456e-190
0.592	3.03096e-187
0.593	9.22079e-185
0.594	2.7014e-182
0.595	7.62155e-180
0.596	2.07076e-177
0.597	5.41815e-175
0.598	1.36523e-172
0.599	3.31277e-170
0.6	7.74124e-168
0.601	1.74206e-165
0.602	3.77528e-163
0.603	7.87895e-161
0.604	1.58351e-158
0.605	3.06483e-156
0.606	5.71247e-154
0.607	1.02536e-151
0.608	1.77239e-149
0.609	2.95038e-147
0.61	4.72964e-145
0.611	7.30151e-143
0.612	1.0855e-140
0.613	1.5541e-138
0.614	2.14271e-136
0.615	2.84498e-134
0.616	3.63771e-132
0.617	4.47931e-130
0.618	5.31161e-128
0.619	6.06562e-126
0.62	6.67048e-124
0.621	7.06435e-122
0.622	7.20477e-120
0.623	7.07622e-118
0.624	6.69292e-116
0.625	6.09625e-114
0.626	5.34741e-112
0.627	4.51707e-110
0.628	3.67455e-108
0.629	2.87861e-106
0.63	2.17168e-104
0.631	1.57777e-102
0.632	1.10388e-100
0.633	7.43762e-99
0.634	4.82591e-97
0.635	3.01549e-95
0.636	1.81455e-93
0.637	1.05151e-91
0.638	5.86802e-90
0.639	3.15357e-88
0.64	1.6321e-86
0.641	8.13436e-85
0.642	3.90422e-83
0.643	1.80458e-81
0.644	8.03255e-80
0.645	3.44321e-78
0.646	1.42137e-76
0.647	5.65043e-75
0.648	2.16317e-73
0.649	7.97503e-72
0.65	2.83144e-70
0.651	9.68089e-69
0.652	3.18755e-67
0.653	1.01072e-65
0.654	3.0863e-64
0.655	9.07568e-63
0.656	2.57012e-61
0.657	7.00906e-60
0.658	1.84077e-58
0.659	4.65557e-57
0.66	1.13391e-55
0.661	2.65961e-54
0.662	6.00745e-53
0.663	1.30676e-51
0.664	2.73738e-50
0.665	5.52212e-49
0.666	1.07278e-47
0.667	2.00701e-46
0.668	3.61593e-45
0.669	6.2737e-44
0.67	1.04824e-42
0.671	1.68667e-41
0.672	2.61357e-40
0.673	3.90006e-39
0.674	5.60455e-38
0.675	7.7561e-37
0.676	1.03366e-35
0.677	1.32663e-34
0.678	1.63965e-33
0.679	1.95158e-32
0.68	2.23694e-31
0.681	2.46919e-30
0.682	2.62476e-29
0.683	2.68694e-28
0.684	2.64885e-27
0.685	2.51473e-26
0.686	2.2991e-25
0.687	2.02423e-24
0.688	1.7163e-23
0.689	1.40139e-22
0.69	1.10194e-21
0.691	8.3443e-21
0.692	6.08493e-20
0.693	4.27321e-19
0.694	2.88992e-18
0.695	1.88214e-17
0.696	1.18045e-16
0.697	7.12984e-16
0.698	4.1471e-15
0.699	2.32296e-14
0.7	1.25306e-13
0.701	6.50932e-13
0.702	3.25636e-12
0.703	1.56878e-11
0.704	7.27821e-11
0.705	3.25178e-10
0.706	1.3991e-09
0.707	5.79711e-09
0.708	2.31317e-08
0.709	8.88864e-08
0.71	3.28925e-07
0.711	1.17217e-06
0.712	4.02272e-06
0.713	1.32947e-05
0.714	4.2313e-05
0.715	0.000129688
0.716	0.000382791
0.717	0.00108806
0.718	0.00297838
0.719	0.00785128
0.72	0.0199312
0.721	0.0487257
0.722	0.114714
0.723	0.260081
0.724	0.567851
0.725	1.19397
0.726	2.41759
0.727	4.7142
0.728	8.85248
0.729	16.0087
0.73	27.8791
0.731	46.7559
0.732	75.5137
0.733	117.449
0.734	175.916
0.735	253.743
0.736	352.465
0.737	471.489
0.738	607.38
0.739	753.498
0.74	900.195
0.741	1035.68
0.742	1147.48
0.743	1224.33
0.744	1258.02
0.745	1244.82
0.746	1186.21
0.747	1088.55
0.748	961.98
0.749	818.689
0.75	670.972
0.751	529.57
0.752	402.509
0.753	294.619
0.754	207.672
0.755	140.971
0.756	92.1541
0.757	58.0139
0.758	35.1708
0.759	20.5337
0.76	11.5447
0.761	6.25077
0.762	3.25924
0.763	1.63656
0.764	0.791374
0.765	0.368523
0.766	0.165265
0.767	0.0713721
0.768	0.0296831
0.769	0.0118884
0.77	0.00458535
0.771	0.00170315
0.772	0.000609211
0.773	0.000209853
0.774	6.96138e-05
0.775	2.22387e-05
0.776	6.84156e-06
0.777	2.02691e-06
0.778	5.78293e-07
0.779	1.58889e-07
0.78	4.2041e-08
0.781	1.07124e-08
0.782	2.62863e-09
0.783	6.21167e-10
0.784	1.41358e-10
0.785	3.09788e-11
0.786	6.53796e-12
0.787	1.32878e-12
0.788	2.60074e-13
0.789	4.902e-14
0.79	8.89782e-15
0.791	1.55535e-15
0.792	2.6182e-16
0.793	4.24436e-17
0.794	6.62605e-18
0.795	9.96163e-19
0.796	1.44225e-19
0.797	2.01086e-20
0.798	2.69995e-21
0.799	3.49111e-22
0.8	4.34716e-23
0.801	5.2129e-24
0.802	6.01987e-25
0.803	6.69464e-26
0.804	7.1697e-27
0.805	7.39448e-28
0.806	7.34425e-29
0.807	7.02458e-30
0.808	6.47033e-31
0.809	5.73938e-32
0.81	4.90272e-33
0.811	4.03314e-34
0.812	3.19508e-35
0.813	2.43755e-36
0.814	1.79084e-37
0.815	1.26705e-38
0.816	8.63308e-40
0.817	5.66461e-41
0.818	3.57937e-42
0.819	2.1781e-43
0.82	1.27638e-44
0.821	7.20306e-46
0.822	3.91459e-47
0.823	2.04875e-48
0.824	1.03258e-49
0.825	5.0118e-51
0.826	2.34259e-52
0.827	1.05446e-53
0.828	4.57087e-55
0.829	1.90809e-56
0.83	7.67069e-58
0.831	2.96963e-59
0.832	1.10714e-60
0.833	3.97499e-62
0.834	1.37437e-63
0.835	4.57617e-65
0.836	1.46736e-66
0.837	4.53108e-68
0.838	1.34741e-69
0.839	3.85863e-71
0.84	1.06414e-72
0.841	2.82616e-74
0.842	7.22818e-76
0.843	1.7803e-77
0.844	4.22271e-79
0.845	9.64545e-81
0.846	2.12171e-82
0.847	4.49452e-84
0.848	9.16883e-86
0.849	1.80126e-87
0.85	3.4078e-89
0.851	6.20874e-91
0.852	1.08935e-92
0.853	1.84061e-94
0.854	2.99499e-96
0.855	4.75036e-98
0.856	1.2959e-98
0.857	2.56556e-97
0.858	5.26555e-96
0.859	1.05926e-94
0.86	2.08852e-93
0.861	4.03603e-92
0.862	7.6445e-91
0.863	1.41913e-89
0.864	2.58212e-88
0.865	4.60477e-87
0.866	8.04858e-86
0.867	1.37883e-84
0.868	2.31515e-83
0.869	3.81002e-82
0.87	6.14547e-81
0.871	9.71543e-80
0.872	1.50539e-78
0.873	2.28619e-77
0.874	3.40296e-76
0.875	4.96455e-75
0.876	7.09876e-74
0.877	9.94864e-73
0.878	1.36655e-71
0.879	1.83977e-70
0.88	2.42763e-69
0.881	3.13964e-68
0.882	3.97976e-67
0.883	4.94439e-66
0.884	6.02071e-65
0.885	7.18558e-64
0.886	8.40534e-63
0.887	9.63668e-62
0.888	1.08288e-60
0.889	1.19264e-59
0.89	1.28742e-58
0.891	1.3621e-57
0.892	1.41246e-56
0.893	1.43556e-55
0.894	1.43004e-54
0.895	1.39622e-53
0.896	1.3361e-52
0.897	1.25314e-51
0.898	1.15197e-50
0.899	1.03792e-49
0.9	9.16569e-49
0.901	7.93313e-48
0.902	6.72982e-47
0.903	5.59553e-46
0.904	4.55993e-45
0.905	3.64212e-44
0.906	2.85121e-43
0.907	2.18768e-42
0.908	1.64519e-41
0.909	1.21263e-40
0.91	8.76034e-40
0.911	6.20285e-39
0.912	4.30468e-38
0.913	2.92799e-37
0.914	1.95199e-36
0.915	1.27545e-35
0.916	8.16828e-35
0.917	5.12715e-34
0.918	3.15428e-33
0.919	1.90197e-32
0.92	1.12405e-31
0.921	6.511e-31
0.922	3.69648e-30
0.923	2.05688e-29
0.924	1.12178e-28
0.925	5.99632e-28
0.926	3.14154e-27
0.927	1.61316e-26
0.928	8.11883e-26
0.929	4.00486e-25
0.93	1.93625e-24
0.931	9.17516e-24
0.932	4.26133e-23
0.933	1.9398e-22
0.934	8.65458e-22
0.935	3.78455e-21
0.936	1.62204e-20
0.937	6.81381e-20
0.938	2.80541e-19
0.939	1.13209e-18
0.94	4.47761e-18
0.941	1.73576e-17
0.942	6.59496e-17
0.943	2.45592e-16
0.944	8.96384e-16
0.945	3.20667e-15
0.946	1.12433e-14
0.947	3.86377e-14
0.948	1.30139e-13
0.949	4.2962e-13
0.95	1.39008e-12
0.951	4.40833e-12
0.952	1.37021e-11
0.953	4.17427e-11
0.954	1.24639e-10
0.955	3.64757e-10
0.956	1.04624e-09
0.957	2.94132e-09
0.958	8.10458e-09
0.959	2.18876e-08
0.96	5.79354e-08
0.961	1.50304e-07
0.962	3.82185e-07
0.963	9.52483e-07
0.964	2.32659e-06
0.965	5.57009e-06
0.966	1.30702e-05
0.967	3.00596e-05
0.968	6.77582e-05
0.969	0.000149699
0.97	0.000324158
0.971	0.000687977
0.972	0.0014311
0.973	0.00291772
0.974	0.00583039
0.975	0.0114191
0.976	0.0219201
0.977	0.0412414
0.978	0.0760507
0.979	0.137452
0.98	0.24349
0.981	0.422754
0.982	0.719406
0.983	1.19989
0.984	1.96148
0.985	3.14274
0.986	4.93527
0.987	7.59614
0.988	11.4592
0.989	16.9432
0.99	24.5535
0.991	34.8749
0.992	48.5502
0.993	66.2443
0.994	88.5902
0.995	116.119
0.996	149.176
0.997	187.836
0.998	231.814
0.999	280.405
1	332.443
1.001	386.314
1.002	440.009
1.003	491.236
1.004	537.58
1.005	576.694
1.006	606.507
1.007	625.425
1.008	632.498
1.009	627.53
1.01	611.128
1.011	584.664
1.012	550.18
1.013	510.219
1.014	467.628
1.015	425.334
1.016	386.132
1.017	352.488
1.018	326.382
1.019	309.194
1.02	301.636
1.021	303.735
1.022	314.85
1.023	333.737
1.024	358.638
1.025	387.407
1.026	417.657
1.027	446.92
1.028	472.818
1.029	493.225
1.03	506.417
1.031	511.182
1.032	506.899
1.033	493.556
1.034	471.724
1.035	442.477
1.036	407.28
1.037	367.841
1.038	325.965
1.039	283.409
1.04	241.756
1.041	202.33
1.042	166.133
1.043	133.833
1.044	105.775
1.045	82.0182
1.046	62.395
1.047	46.5694
1.048	34.101
1.049	24.4998
1.05	17.2712
1.051	11.9494
1.052	8.11923
1.053	5.42754
1.054	3.58728
1.055	2.37585
1.056	1.63082
1.057	1.24504
1.058	1.16297
1.059	1.3798
1.06	1.94439
1.061	2.96698
1.062	4.63212
1.063	7.21708
1.064	11.1153
1.065	16.8642
1.066	25.1741
1.067	36.9578
1.068	53.3522
1.069	75.7307
1.07	105.695
1.071	145.045
1.072	195.708
1.073	259.643
1.074	338.692
1.075	434.404
1.076	547.827
1.077	679.287
1.078	828.178
1.079	992.784
1.08	1170.16
1.081	1356.12
1.082	1545.29
1.083	1731.34
1.084	1907.29
1.085	2065.91
1.086	2200.21
1.087	2303.98
1.088	2372.22
1.089	2401.55
1.09	2390.49
1.091	2339.61
1.092	2251.45
1.093	2130.29
1.094	1981.88
1.095	1812.91
1.096	1630.56
1.097	1441.97
1.098	1253.82
1.099	1071.96
1.1	901.112
1.101	744.802
1.102	605.289
1.103	483.666
1.104	380.005
1.105	293.558
1.106	222.976
1.107	166.526
1.108	122.284
1.109	88.2905
1.11	62.6787
1.111	43.7509
1.112	30.0272
1.113	20.2629
1.114	13.4447
1.115	8.77122
1.116	5.62638
1.117	3.54862
1.118	2.20064
1.119	1.34184
1.12	0.804474
1.121	0.474224
1.122	0.274863
1.123	0.156642
1.124	0.0877733
1.125	0.0483589
1.126	0.026197
1.127	0.0139536
1.128	0.00730771
1.129	0.00376303
1.13	0.00190526
1.131	0.000948485
1.132	0.000464267
1.133	0.000223443
1.134	0.000105737
1.135	4.91981e-05
1.136	2.25085e-05
1.137	1.0127e-05
1.138	4.48399e-06
1.139	1.96095e-06
1.14	8.62375e-07
1.141	4.13864e-07
1.142	2.79666e-07
1.143	3.4031e-07
1.144	6.02506e-07
1.145	1.18371e-06
1.146	2.353e-06
1.147	4.63624e-06
1.148	9.01767e-06
1.149	1.73006e-05
1.15	3.27342e-05
1.151	6.10803e-05
1.152	0.000112398
1.153	0.000203971
1.154	0.000365037
1.155	0.000644259
1.156	0.00112135
1.157	0.00192476
1.158	0.00325814
1.159	0.00543898
1.16	0.0089541
1.161	0.0145373
1.162	0.0232755
1.163	0.0367512
1.164	0.0572269
1.165	0.087879
1.166	0.133084
1.167	0.198757
1.168	0.292736
1.169	0.425192
1.17	0.609046
1.171	0.860343
1.172	1.19853
1.173	1.64658
1.174	2.23086
1.175	2.98069
1.176	3.92753
1.177	5.1036
1.178	6.54019
1.179	8.26534
1.18	10.3012
1.181	12.661
1.182	15.3464
1.183	18.3443
1.184	21.6247
1.185	25.1395
1.186	28.8217
1.187	32.5865
1.188	36.334
1.189	39.9524
1.19	43.3242
1.191	46.3311
1.192	48.8621
1.193	50.8191
1.194	52.124
1.195	52.7236
1.196	52.593
1.197	51.7377
1.198	50.1929
1.199	48.0213
1.2	45.3087
1.201	42.1585
1.202	38.6852
1.203	35.0074
1.204	31.2415
1.205	27.4954
1.206	23.864
1.207	20.426
1.208	17.2417
1.209	14.3527
1.21	11.7826
1.211	9.53904
1.212	7.61597
1.213	5.99655
1.214	4.65623
1.215	3.56552
1.216	2.69257
1.217	2.00525
1.218	1.47274
1.219	1.06669
1.22	0.761916
1.221	0.536701
1.222	0.372832
1.223	0.255417
1.224	0.172561
1.225	0.114972
1.226	0.0755438
1.227	0.0489508
1.228	0.0312808
1.229	0.0197129
1.23	0.0122513
1.231	0.00750874
1.232	0.00453846
1.233	0.00270525
1.234	0.00159023
1.235	0.000921873
1.236	0.000527033
1.237	0.000297139
1.238	0.000165211
1.239	9.05884e-05
1.24	4.8985e-05
1.241	2.61222e-05
1.242	1.37376e-05
1.243	7.12478e-06
1.244	3.64407e-06
1.245	1.83806e-06
1.246	9.14316e-07
1.247	4.48566e-07
1.248	2.17116e-07
1.249	1.03844e-07
1.25	4.94516e-08
1.251	2.42826e-08
1.252	1.40874e-08
1.253	1.2902e-08
1.254	1.99664e-08
1.255	3.93181e-08
1.256	8.18856e-08
1.257	1.71059e-07
1.258	3.54254e-07
1.259	7.2554e-07
1.26	1.46881e-06
1.261	2.93892e-06
1.262	5.81186e-06
1.263	1.13592e-05
1.264	2.19424e-05
1.265	4.18913e-05
1.266	7.90441e-05
1.267	0.000147407
1.268	0.000271689
1.269	0.000494914
1.27	0.000891028
1.271	0.00158547
1.272	0.00278823
1.273	0.00484622
1.274	0.00832495
1.275	0.014134
1.276	0.0237166
1.277	0.0393318
1.278	0.0644674
1.279	0.104434
1.28	0.167203
1.281	0.264578
1.282	0.413777
1.283	0.639562
1.284	0.977022
1.285	1.47513
1.286	2.2012
1.287	3.24634
1.288	4.73186
1.289	6.81671
1.29	9.70558
1.291	13.6575
1.292	18.9945
1.293	26.1088
1.294	35.4692
1.295	47.6233
1.296	63.1963
1.297	82.8835
1.298	107.436
1.299	137.637
1.3	174.27
1.301	218.081
1.302	269.721
1.303	329.698
1.304	398.312
1.305	475.591
1.306	561.239
1.307	654.587
1.308	754.554
1.309	859.642
1.31	967.942
1.311	1077.17
1.312	1184.75
1.313	1287.86
1.314	1383.63
1.315	1469.17
1.316	1541.8
1.317	1599.15
1.318	1639.29
1.319	1660.83
1.32	1663.03
1.321	1645.81
1.322	1609.76
1.323	1556.14
1.324	1486.75
1.325	1403.89
1.326	1310.19
1.327	1208.48
1.328	1101.66
1.329	992.564
1.33	883.843
1.331	777.85
1.332	676.583
1.333	581.635
1.334	494.178
1.335	414.975
1.336	344.4
1.337	282.495
1.338	229.013
1.339	183.491
1.34	145.303
1.341	113.72
1.342	87.9641
1.343	67.2476
1.344	50.8104
1.345	37.9431
1.346	28.0039
1.347	20.4271
1.348	14.7265
1.349	10.4929
1.35	7.38921
1.351	5.14285
1.352	3.53764
1.353	2.40507
1.354	1.61602
1.355	1.07318
1.356	0.704371
1.357	0.456922
1.358	0.292957
1.359	0.185661
1.36	0.116328
1.361	0.0721058
1.362	0.0442955
1.363	0.0271078
1.364	0.0167649
1.365	0.0108731
1.366	0.0079963
1.367	0.00738327
1.368	0.00881329
1.369	0.0125372
1.37	0.0193037
1.371	0.0304702
1.372	0.0482068
1.373	0.0758128
1.374	0.118172
1.375	0.182386
1.376	0.278625
1.377	0.421261
1.378	0.630333
1.379	0.933401
1.38	1.36787
1.381	1.98381
1.382	2.84731
1.383	4.04436
1.384	5.68517
1.385	7.90896
1.386	10.8887
1.387	14.8361
1.388	20.0054
1.389	26.6971
1.39	35.2589
1.391	46.0857
1.392	59.6156
1.393	76.3226
1.394	96.7055
1.395	121.271
1.396	150.516
1.397	184.897
1.398	224.808
1.399	270.544
1.4	322.271
1.401	379.995
1.402	443.534
1.403	512.497
1.404	586.269
1.405	664.015
1.406	744.683
1.407	827.035
1.408	909.686
1.409	991.15
1.41	1069.91
1.411	1144.48
1.412	1213.48
1.413	1275.72
1.414	1330.23
1.415	1376.36
1.416	1413.77
1.417	1442.48
1.418	1462.84
1.419	1475.54
1.42	1481.52
1.421	1481.94
1.422	1478.08
1.423	1471.27
1.424	1462.82
1.425	1453.9
1.426	1445.48
1.427	1438.29
1.428	1432.77
1.429	1429.03
1.43	1426.9
1.431	1425.89
1.432	1425.26
1.433	1424.11
1.434	1421.36
1.435	1415.91
1.436	1406.64
1.437	1392.55
1.438	1372.75
1.439	1346.59
1.44	1313.61
1.441	1273.65
1.442	1226.82
1.443	1173.47
1.444	1114.21
1.445	1049.87
1.446	981.423
1.447	909.997
1.448	836.771
1.449	762.948
1.45	689.707
1.451	618.154
1.452	549.293
1.453	483.998
1.454	422.997
1.455	366.867
1.456	316.034
1.457	270.786
1.458	231.288
1.459	197.604
1.46	169.72
1.461	147.569
1.462	131.055
1.463	120.072
1.464	114.519
1.465	114.315
1.466	119.4
1.467	129.737
1.468	145.303
1.469	166.077
1.47	192.022
1.471	223.065
1.472	259.073
1.473	299.83
1.474	345.015
1.475	394.18
1.476	446.742
1.477	501.969
1.478	558.989
1.479	616.791
1.48	674.251
1.481	730.16
1.482	783.254
1.483	832.266
1.484	875.966
1.485	913.214
1.486	943.007
1.487	964.522
1.488	977.154
1.489	980.543
1.49	974.592
1.491	959.469
1.492	935.601
1.493	903.655
1.494	864.503
1.495	819.185
1.496	768.864
1.497	714.774
1.498	658.173
1.499	600.293
1.5	542.299
1.501	485.251
1.502	430.078
1.503	377.555
1.504	328.296
1.505	282.752
1.506	241.214
1.507	203.824
1.508	170.597
1.509	141.436
1.51	116.152
1.511	94.4932
1.512	76.1583
1.513	60.8196
1.514	48.1388
1.515	37.7808
1.516	29.4249
1.517	22.7728
1.518	17.5541
1.519	13.5291
1.52	10.4901
1.521	8.26104
1.522	6.69551
1.523	5.67447
1.524	5.10322
1.525	4.90801
1.526	5.03277
1.527	5.4357
1.528	6.08615
1.529	6.96167
1.53	8.04535
1.531	9.32339
1.532	10.7831
1.533	12.4109
1.534	14.1913
1.535	16.1053
1.536	18.13
1.537	20.2378
1.538	22.3968
1.539	24.5709
1.54	26.7202
1.541	28.8024
1.542	30.7737
1.543	32.5902
1.544	34.2097
1.545	35.5931
1.546	36.7061
1.547	37.5205
1.548	38.0155
1.549	38.1791
1.55	38.0079
1.551	37.5083
1.552	36.6964
1.553	35.5974
1.554	34.2457
1.555	32.6845
1.556	30.965
1.557	29.1473
1.558	27.3002
1.559	25.503
1.56	23.848
1.561	22.4446
1.562	21.4248
1.563	20.9516
1.564	21.2296
1.565	22.5185
1.566	25.151
1.567	29.5533
1.568	36.2702
1.569	45.9951
1.57	59.6032
1.571	78.1888
1.572	103.106
1.573	136.011
1.574	178.904
1.575	234.17
1.576	304.614
1.577	393.487
1.578	504.499
1.579	641.815
1.58	810.026
1.581	1014.1
1.582	1259.28
1.583	1551
1.584	1894.68
1.585	2295.55
1.586	2758.43
1.587	3287.44
1.588	3885.74
1.589	4555.21
1.59	5296.17
1.591	6107.09
1.592	6984.32
1.593	7921.95
1.594	8911.65
1.595	9942.64
1.596	11001.8
1.597	12073.8
1.598	13141.4
1.599	14185.9
1.6	15187.6
1.601	16126.5
1.602	16982.7
1.603	17737.6
1.604	18373.8
1.605	18876.4
1.606	19233.6
1.607	19436.5
1.608	19480.2
1.609	19363.6
1.61	19089.6
1.611	18664.9
1.612	18099.7
1.613	17407.5
1.614	16604.2
1.615	15707.9
1.616	14737.9
1.617	13714.2
1.618	12656.8
1.619	11585
1.62	10516.8
1.621	9468.74
1.622	8455.06
1.623	7487.88
1.624	6576.87
1.625	5729.24
1.626	4949.86
1.627	4241.37
1.628	3604.44
1.629	3038
1.63	2539.54
1.631	2105.43
1.632	1731.19
1.633	1411.79
1.634	1141.88
1.635	916.042
1.636	728.932
1.637	575.482
1.638	451.001
1.639	351.294
1.64	272.757
1.641	212.475
1.642	168.326
1.643	139.099
1.644	124.624
1.645	125.896
1.646	145.184
1.647	186.073
1.648	253.403
1.649	353.066
1.65	491.62
1.651	675.709
1.652	911.315
1.653	1202.88
1.654	1552.38
1.655	1958.51
1.656	2415.96
1.657	2915
1.658	3441.39
1.659	3976.62
1.66	4498.64
1.661	4982.91
1.662	5403.93
1.663	5737.13
1.664	5960.93
1.665	6058.93
1.666	6021.9
1.667	5849.13
1.668	5549.04
1.669	5138.77
1.67	4642.61
1.671	4089.64
1.672	3510.76
1.673	2935.65
1.674	2390.03
1.675	1893.79
1.676	1459.97
1.677	1094.73
1.678	798.201
1.679	565.798
1.68	389.828
1.681	261.022
1.682	169.83
1.683	107.358
1.684	65.9317
1.685	39.3333
1.686	22.793
1.687	12.829
1.688	7.01321
1.689	3.72351
1.69	1.91993
1.691	0.961404
1.692	0.467522
1.693	0.220783
1.694	0.101249
1.695	0.0450892
1.696	0.0194986
1.697	0.00818809
1.698	0.0033389
1.699	0.00132211
1.7	0.000508355
1.701	0.000189804
1.702	6.88141e-05
1.703	2.42261e-05
1.704	8.28177e-06
1.705	2.74913e-06
1.706	8.86129e-07
1.707	2.77351e-07
1.708	8.42934e-08
1.709	2.48763e-08
1.71	7.12867e-09
1.711	1.98363e-09
1.712	5.3597e-10
1.713	1.40621e-10
1.714	3.58252e-11
1.715	8.8625e-12
1.716	2.12896e-12
1.717	4.96922e-13
1.718	1.13989e-13
1.719	3.10574e-14
1.72	3.09195e-14
1.721	1.0244e-13
1.722	3.9074e-13
1.723	1.46693e-12
1.724	5.37108e-12
1.725	1.91706e-11
1.726	6.66993e-11
1.727	2.26212e-10
1.728	7.47863e-10
1.729	2.41012e-09
1.73	7.57119e-09
1.731	2.31847e-08
1.732	6.92066e-08
1.733	2.01375e-07
1.734	5.71179e-07
1.735	1.57925e-06
1.736	4.25636e-06
1.737	1.11824e-05
1.738	2.86381e-05
1.739	7.1493e-05
1.74	0.000173977
1.741	0.000412698
1.742	0.000954293
1.743	0.00215101
1.744	0.0047262
1.745	0.0101226
1.746	0.0211341
1.747	0.0430115
1.748	0.0853288
1.749	0.165013
1.75	0.311064
1.751	0.571599
1.752	1.02387
1.753	1.78775
1.754	3.04284
1.755	5.04851
1.756	8.16501
1.757	12.8724
1.758	19.7822
1.759	29.6346
1.76	43.2747
1.761	61.5998
1.762	85.4741
1.763	115.611
1.764	152.432
1.765	195.913
1.766	245.448
1.767	299.754
1.768	356.847
1.769	414.104
1.77	468.433
1.771	516.53
1.772	555.205
1.773	581.731
1.774	594.156
1.775	591.548
1.776	574.102
1.777	543.123
1.778	500.862
1.779	450.245
1.78	394.538
1.781	337.008
1.782	280.608
1.783	227.757
1.784	180.2
1.785	138.978
1.786	104.484
1.787	76.5703
1.788	54.6994
1.789	38.0904
1.79	25.8559
1.791	17.1085
1.792	11.0351
1.793	6.93826
1.794	4.25241
1.795	2.54056
1.796	1.47957
1.797	0.839944
1.798	0.46481
1.799	0.250733
1.8	0.131844
1.801	0.0675805
1.802	0.0337687
1.803	0.016452
1.804	0.00782176
1.805	0.00364359
1.806	0.00169444
1.807	0.000851229
1.808	0.000581759
1.809	0.000676083
1.81	0.00111974
1.811	0.00205276
1.812	0.00378598
1.813	0.00686331
1.814	0.012168
1.815	0.0210757
1.816	0.035655
1.817	0.0589139
1.818	0.0950756
1.819	0.149856
1.82	0.230691
1.821	0.34685
1.822	0.509336
1.823	0.730501
1.824	1.02327
1.825	1.39995
1.826	1.87063
1.827	2.44127
1.828	3.1117
1.829	3.87375
1.83	4.70998
1.831	5.59318
1.832	6.48713
1.833	7.3485
1.834	8.13013
1.835	8.78516
1.836	9.2716
1.837	9.55681
1.838	9.62108
1.839	9.45993
1.84	9.08458
1.841	8.52069
1.842	7.80545
1.843	6.98351
1.844	6.10243
1.845	5.20816
1.846	4.34129
1.847	3.53433
1.848	2.81027
1.849	2.18244
1.85	1.65534
1.851	1.22628
1.852	0.88724
1.853	0.62697
1.854	0.432719
1.855	0.291688
1.856	0.192039
1.857	0.12349
1.858	0.0775719
1.859	0.0476236
1.86	0.0286318
1.861	0.0169883
1.862	0.0102413
1.863	0.00689536
1.864	0.00631084
1.865	0.00876234
1.866	0.0157442
1.867	0.0306619
1.868	0.0601316
1.869	0.116232
1.87	0.220208
1.871	0.408332
1.872	0.740817
1.873	1.31488
1.874	2.28314
1.875	3.87832
1.876	6.44498
1.877	10.4777
1.878	16.6638
1.879	25.9267
1.88	39.4628
1.881	58.7616
1.882	85.5984
1.883	121.984
1.884	170.061
1.885	231.939
1.886	309.463
1.887	403.932
1.888	515.791
1.889	644.324
1.89	787.411
1.891	941.377
1.892	1101.01
1.893	1259.75
1.894	1410.08
1.895	1544.08
1.896	1654.1
1.897	1733.47
1.898	1777.21
1.899	1782.49
1.9	1748.96
1.901	1678.8
1.902	1576.47
1.903	1448.22
1.904	1301.52
1.905	1144.28
1.906	984.194
1.907	828.121
1.908	681.667
1.909	548.93
1.91	432.441
1.911	333.275
1.912	251.272
1.913	185.332
1.914	133.728
1.915	94.3979
1.916	65.1878
1.917	44.0389
1.918	29.1053
1.919	18.818
1.92	11.9025
1.921	7.36498
1.922	4.4583
1.923	2.64018
1.924	1.52955
1.925	0.866878
1.926	0.480639
1.927	0.260702
1.928	0.138337
1.929	0.0718116
1.93	0.0364685
1.931	0.0181179
1.932	0.00880566
1.933	0.0041868
1.934	0.00194746
1.935	0.000886176
1.936	0.000394491
1.937	0.000171799
1.938	7.31929e-05
1.939	3.05059e-05
1.94	1.24384e-05
1.941	4.96145e-06
1.942	1.93607e-06
1.943	7.3909e-07
1.944	2.7602e-07
1.945	1.00844e-07
1.946	3.60431e-08
1.947	1.26027e-08
1.948	4.3109e-09
1.949	1.4426e-09
1.95	4.72341e-10
1.951	1.51505e-10
1.952	4.8145e-11
1.953	1.66917e-11
1.954	1.04236e-11
1.955	1.79371e-11
1.956	4.52173e-11
1.957	1.18518e-10
1.958	3.06638e-10
1.959	7.78594e-10
1.96	1.93899e-09
1.961	4.73586e-09
1.962	1.13445e-08
1.963	2.66525e-08
1.964	6.14148e-08
1.965	1.38804e-07
1.966	3.07706e-07
1.967	6.6911e-07
1.968	1.42727e-06
1.969	2.9867e-06
1.97	6.1317e-06
1.971	1.23513e-05
1.972	2.44138e-05
1.973	4.7359e-05
1.974	9.01733e-05
1.975	0.000168555
1.976	0.000309375
1.977	0.000557726
1.978	0.000987825
1.979	0.00171956
1.98	0.00294314
1.981	0.00495534
1.982	0.00821194
1.983	0.013403
1.984	0.0215599
1.985	0.0342075
1.986	0.0535781
1.987	0.0829135
1.988	0.126889
1.989	0.192202
1.99	0.28839
1.991	0.428939
1.992	0.632765
1.993	0.926149
1.994	1.34519
1.995	1.93878
1.996	2.7721
1.997	3.93048
1.998	5.52326
1.999	7.68736
2	10.5898
2.001	14.4282
2.002	19.4288
2.003	25.8405
2.004	33.9239
2.005	43.9356
2.006	56.1069
2.007	70.617
2.008	87.564
2.009	106.933
2.01	128.569
2.011	152.152
2.012	177.187
2.013	203.003
2.014	228.77
2.015	253.537
2.016	276.285
2.017	295.988
2.018	311.694
2.019	322.594
2.02	328.097
2.021	327.877
2.022	321.907
2.023	310.466
2.024	294.119
2.025	273.666
2.026	250.084
2.027	224.449
2.028	197.856
2.029	171.35
2.03	145.867
2.031	122.192
2.032	100.947
2.033	82.588
2.034	67.4335
2.035	55.6969
2.036	47.5344
2.037	43.0935
2.038	42.56
2.039	46.1971
2.04	54.3739
2.041	67.5792
2.042	86.4187
2.043	111.594
2.044	143.861
2.045	183.974
2.046	232.609
2.047	290.274
2.048	357.209
2.049	433.289
2.05	517.928
2.051	610.002
2.052	707.806
2.053	809.038
2.054	910.848
2.055	1009.93
2.056	1102.66
2.057	1185.33
2.058	1254.35
2.059	1306.48
2.06	1339.15
2.061	1350.61
2.062	1340.08
2.063	1307.88
2.064	1255.38
2.065	1184.93
2.066	1099.68
2.067	1003.3
2.068	899.794
2.069	793.148
2.07	687.105
2.071	584.944
2.072	489.333
2.073	402.241
2.074	324.928
2.075	257.99
2.076	201.447
2.077	154.871
2.078	117.519
2.079	88.467
2.08	66.7333
2.081	51.3793
2.082	41.5859
2.083	36.7037
2.084	36.2779
2.085	40.0495
2.086	47.9366
2.087	59.9981
2.088	76.3825
2.089	97.2661
2.09	122.784
2.091	152.962
2.092	187.645
2.093	226.447
2.094	268.711
2.095	313.496
2.096	359.597
2.097	405.589
2.098	449.909
2.099	490.961
2.1	527.228
2.101	557.401
2.102	580.484
2.103	595.885
2.104	603.463
2.105	603.54
2.106	596.871
2.107	584.569
2.108	568.005
2.109	548.7
2.11	528.199
2.111	507.971
2.112	489.319
2.113	473.329
2.114	460.832
2.115	452.399
2.116	448.351
2.117	448.775
2.118	453.542
2.119	462.322
2.12	474.593
2.121	489.645
2.122	506.587
2.123	524.36
2.124	541.77
2.125	557.528
2.126	570.321
2.127	578.89
2.128	582.125
2.129	579.151
2.13	569.404
2.131	552.695
2.132	529.223
2.133	499.579
2.134	464.691
2.135	425.764
2.136	384.179
2.137	341.401
2.138	298.877
2.139	257.952
2.14	219.801
2.141	185.39
2.142	155.456
2.143	130.513
2.144	110.87
2.145	96.6655
2.146	87.8995
2.147	84.4643
2.148	86.1696
2.149	92.7564
2.15	103.902
2.151	119.22
2.152	138.25
2.153	160.461
2.154	185.245
2.155	211.937
2.156	239.838
2.157	268.255
2.158	296.55
2.159	324.202
2.16	350.859
2.161	376.395
2.162	400.943
2.163	424.907
2.164	448.953
2.165	473.966
2.166	500.987
2.167	531.13
2.168	565.488
2.169	605.033
2.17	650.538
2.171	702.505
2.172	761.122
2.173	826.241
2.174	897.383
2.175	973.758
2.176	1054.29
2.177	1137.67
2.178	1222.36
2.179	1306.64
2.18	1388.64
2.181	1466.36
2.182	1537.71
2.183	1600.58
2.184	1652.89
2.185	1692.71
2.186	1718.39
2.187	1728.64
2.188	1722.71
2.189	1700.43
2.19	1662.3
2.191	1609.48
2.192	1543.75
2.193	1467.39
2.194	1383.03
2.195	1293.45
2.196	1201.39
2.197	1109.39
2.198	1019.57
2.199	933.606
2.2	852.615
2.201	777.204
2.202	707.512
2.203	643.315
2.204	584.136
2.205	529.38
2.206	478.443
2.207	430.805
2.208	386.096
2.209	344.131
2.21	304.911
2.211	268.607
2.212	235.523
2.213	206.055
2.214	180.643
2.215	159.736
2.216	143.75
2.217	133.049
2.218	127.921
2.219	128.561
2.22	135.061
2.221	147.394
2.222	165.399
2.223	188.765
2.224	217.018
2.225	249.502
2.226	285.378
2.227	323.625
2.228	363.057
2.229	402.352
2.23	440.104
2.231	474.879
2.232	505.289
2.233	530.067
2.234	548.141
2.235	558.708
2.236	561.276
2.237	555.705
2.238	542.212
2.239	521.357
2.24	493.998
2.241	461.239
2.242	424.348
2.243	384.679
2.244	343.591
2.245	302.37
2.246	262.165
2.247	223.943
2.248	188.458
2.249	156.242
2.25	127.61
2.251	102.681
2.252	81.4038
2.253	63.5997
2.254	48.9953
2.255	37.262
2.256	28.0502
2.257	21.0191
2.258	15.8612
2.259	12.3223
2.26	10.2169
2.261	9.44083
2.262	9.98109
2.263	11.9238
2.264	15.4613
2.265	20.8965
2.266	28.6453
2.267	39.2345
2.268	53.2933
2.269	71.5362
2.27	94.7368
2.271	123.688
2.272	159.15
2.273	201.791
2.274	252.11
2.275	310.366
2.276	376.503
2.277	450.088
2.278	530.267
2.279	615.756
2.28	704.856
2.281	795.52
2.282	885.459
2.283	972.281
2.284	1053.66
2.285	1127.54
2.286	1192.3
2.287	1246.92
2.288	1291.11
2.289	1325.4
2.29	1351.08
2.291	1370.17
2.292	1385.23
2.293	1399.17
2.294	1414.97
2.295	1435.38
2.296	1462.66
2.297	1498.32
2.298	1542.92
2.299	1595.99
2.3	1655.98
2.301	1720.35
2.302	1785.76
2.303	1848.31
2.304	1903.83
2.305	1948.22
2.306	1977.74
2.307	1989.37
2.308	1980.95
2.309	1951.35
2.31	1900.56
2.311	1829.63
2.312	1740.55
2.313	1636.09
2.314	1519.57
2.315	1394.63
2.316	1265
2.317	1134.25
2.318	1005.66
2.319	882.059
2.32	765.755
2.321	658.51
2.322	561.55
2.323	475.602
2.324	400.968
2.325	337.599
2.326	285.174
2.327	243.169
2.328	210.928
2.329	187.699
2.33	172.676
2.331	165.014
2.332	163.84
2.333	168.253
2.334	177.323
2.335	190.088
2.336	205.561
2.337	222.731
2.338	240.587
2.339	258.135
2.34	274.434
2.341	288.625
2.342	299.973
2.343	307.901
2.344	312.019
2.345	312.147
2.346	308.328
2.347	300.827
2.348	290.119
2.349	276.868
2.35	261.892
2.351	246.126
2.352	230.577
2.353	216.276
2.354	204.239
2.355	195.421
2.356	190.674
2.357	190.717
2.358	196.103
2.359	207.19
2.36	224.121
2.361	246.806
2.362	274.91
2.363	307.854
2.364	344.817
2.365	384.756
2.366	426.438
2.367	468.486
2.368	509.431
2.369	547.786
2.37	582.116
2.371	611.114
2.372	633.675
2.373	648.959
2.374	656.437
2.375	655.917
2.376	647.552
2.377	631.823
2.378	609.495
2.379	581.563
2.38	549.181
2.381	513.586
2.382	476.02
2.383	437.665
2.384	399.582
2.385	362.676
2.386	327.669
2.387	295.103
2.388	265.354
2.389	238.668
2.39	215.197
2.391	195.061
2.392	178.4
2.393	165.431
2.394	156.509
2.395	152.171
2.396	153.184
2.397	160.575
2.398	175.646
2.399	199.983
2.4	235.435
2.401	284.077
2.402	348.138
2.403	429.913
2.404	531.629
2.405	655.297
2.406	802.531
2.407	974.351
2.408	1170.99
2.409	1391.71
2.41	1634.63
2.411	1896.64
2.412	2173.36
2.413	2459.15
2.414	2747.29
2.415	3030.2
2.416	3299.73
2.417	3547.56
2.418	3765.66
2.419	3946.72
2.42	4084.55
2.421	4174.51
2.422	4213.79
2.423	4201.55
2.424	4139.01
2.425	4029.36
2.426	3877.59
2.427	3690.13
2.428	3474.52
2.429	3238.99
2.43	2991.99
2.431	2741.82
2.432	2496.23
2.433	2262.14
2.434	2045.4
2.435	1850.63
2.436	1681.18
2.437	1539.11
2.438	1425.21
2.439	1339.11
2.44	1279.41
2.441	1243.81
2.442	1229.24
2.443	1232.09
2.444	1248.3
2.445	1273.62
2.446	1303.75
2.447	1334.52
2.448	1362.08
2.449	1383.06
2.45	1394.71
2.451	1395.02
2.452	1382.8
2.453	1357.73
2.454	1320.32
2.455	1271.92
2.456	1214.59
2.457	1151.01
2.458	1084.31
2.459	1017.94
2.46	955.461
2.461	900.394
2.462	856.064
2.463	825.435
2.464	810.986
2.465	814.59
2.466	837.427
2.467	879.906
2.468	941.625
2.469	1021.35
2.47	1117.03
2.471	1225.83
2.472	1344.22
2.473	1468.11
2.474	1592.95
2.475	1713.98
2.476	1826.41
2.477	1925.61
2.478	2007.42
2.479	2068.29
2.48	2105.46
2.481	2117.18
2.482	2102.7
2.483	2062.35
2.484	1997.48
2.485	1910.38
2.486	1804.08
2.487	1682.23
2.488	1548.81
2.489	1407.97
2.49	1263.77
2.491	1119.99
2.492	980.031
2.493	846.715
2.494	722.284
2.495	608.347
2.496	505.904
2.497	415.392
2.498	336.761
2.499	269.566
2.5	213.054
2.501	166.27
2.502	128.133
2.503	97.5201
2.504	73.3218
2.505	54.4924
2.506	40.0813
2.507	29.2529
2.508	21.2959
2.509	15.625
2.51	11.7766
2.511	9.40057
2.512	8.25108
2.513	8.17631
2.514	9.10863
2.515	11.0556
2.516	14.0914
2.517	18.3491
2.518	24.0123
2.519	31.3056
2.52	40.4845
2.521	51.8222
2.522	65.5937
2.523	82.0575
2.524	101.434
2.525	123.885
2.526	149.483
2.527	178.198
2.528	209.867
2.529	244.183
2.53	280.685
2.531	318.757
2.532	357.637
2.533	396.436
2.534	434.174
2.535	469.816
2.536	502.327
2.537	530.721
2.538	554.121
2.539	571.812
2.54	583.286
2.541	588.283
2.542	586.811
2.543	579.156
2.544	565.871
2.545	547.755
2.546	525.809
2.547	501.192
2.548	475.151
2.549	448.964
2.55	423.871
2.551	401.011
2.552	381.366
2.553	365.718
2.554	354.607
2.555	348.317
2.556	346.861
2.557	349.995
2.558	357.227
2.559	367.858
2.56	381.015
2.561	395.706
2.562	410.867
2.563	425.428
2.564	438.363
2.565	448.742
2.566	455.784
2.567	458.888
2.568	457.663
2.569	451.945
2.57	441.793
2.571	427.483
2.572	409.488
2.573	388.441
2.574	365.105
2.575	340.325
2.576	314.992
2.577	289.996
2.578	266.197
2.579	244.389
2.58	225.282
2.581	209.485
2.582	197.5
2.583	189.721
2.584	186.439
2.585	187.854
2.586	194.077
2.587	205.148
2.588	221.042
2.589	241.673
2.59	266.893
2.591	296.495
2.592	330.203
2.593	367.659
2.594	408.42
2.595	451.938
2.596	497.562
2.597	544.53
2.598	591.977
2.599	638.948
2.6	684.429
2.601	727.375
2.602	766.766
2.603	801.656
2.604	831.24
2.605	854.919
2.606	872.363
2.607	883.579
2.608	888.955
2.609	889.314
2.61	885.933
2.611	880.558
2.612	875.402
2.613	873.111
2.614	876.729
2.615	889.622
2.616	915.403
2.617	957.818
2.618	1020.62
2.619	1107.44
2.62	1221.58
2.621	1365.9
2.622	1542.58
2.623	1752.95
2.624	1997.32
2.625	2274.8
2.626	2583.2
2.627	2918.95
2.628	3277.04
2.629	3651.17
2.63	4033.79
2.631	4416.4
2.632	4789.78
2.633	5144.45
2.634	5470.97
2.635	5760.47
2.636	6005.06
2.637	6198.18
2.638	6335.02
2.639	6412.68
2.64	6430.34
2.641	6389.27
2.642	6292.69
2.643	6145.58
2.644	5954.33
2.645	5726.34
2.646	5469.62
2.647	5192.32
2.648	4902.34
2.649	4606.96
2.65	4312.54
2.651	4024.39
2.652	3746.6
2.653	3482.03
2.654	3232.46
2.655	2998.61
2.656	2780.39
2.657	2577.1
2.658	2387.58
2.659	2210.46
2.66	2044.31
2.661	1887.74
2.662	1739.57
2.663	1598.81
2.664	1464.73
2.665	1336.86
2.666	1214.94
2.667	1098.91
2.668	988.812
2.669	884.805
2.67	787.072
2.671	695.8
2.672	611.137
2.673	533.178
2.674	461.943
2.675	397.37
2.676	339.317
2.677	287.567
2.678	241.832
2.679	201.766
2.68	166.98
2.681	137.053
2.682	111.542
2.683	89.9997
2.684	71.9819
2.685	57.0575
2.686	44.8167
2.687	34.8768
2.688	26.8869
2.689	20.5302
2.69	15.5251
2.691	11.6257
2.692	8.62006
2.693	6.3283
2.694	4.60019
2.695	3.31203
2.696	2.36358
2.697	1.67497
2.698	1.18377
2.699	0.842376
2.7	0.615724
2.701	0.479501
2.702	0.418793
2.703	0.427278
2.704	0.506966
2.705	0.6685
2.706	0.932063
2.707	1.32889
2.708	1.90339
2.709	2.71591
2.71	3.84601
2.711	5.39633
2.712	7.49673
2.713	10.3087
2.714	14.0297
2.715	18.8968
2.716	25.1902
2.717	33.2344
2.718	43.3985
2.719	56.0937
2.72	71.7677
2.721	90.8969
2.722	113.974
2.723	141.493
2.724	173.932
2.725	211.732
2.726	255.274
2.727	304.859
2.728	360.688
2.729	422.839
2.73	491.26
2.731	565.754
2.732	645.981
2.733	731.462
2.734	821.586
2.735	915.63
2.736	1012.78
2.737	1112.13
2.738	1212.76
2.739	1313.69
2.74	1413.92
2.741	1512.44
2.742	1608.26
2.743	1700.36
2.744	1787.7
2.745	1869.24
2.746	1943.91
2.747	2010.59
2.748	2068.18
2.749	2115.55
2.75	2151.61
2.751	2175.35
2.752	2185.84
2.753	2182.36
2.754	2164.39
2.755	2131.68
2.756	2084.33
2.757	2022.76
2.758	1947.76
2.759	1860.49
2.76	1762.43
2.761	1655.35
2.762	1541.23
2.763	1422.21
2.764	1300.48
2.765	1178.22
2.766	1057.51
2.767	940.255
2.768	828.143
2.769	722.582
2.77	624.694
2.771	535.301
2.772	454.936
2.773	383.871
2.774	322.144
2.775	269.61
2.776	225.978
2.777	190.862
2.778	163.817
2.779	144.383
2.78	132.107
2.781	126.565
2.782	127.375
2.783	134.193
2.784	146.712
2.785	164.646
2.786	187.711
2.787	215.603
2.788	247.974
2.789	284.411
2.79	324.417
2.791	367.399
2.792	412.659
2.793	459.398
2.794	506.728
2.795	553.692
2.796	599.295
2.797	642.539
2.798	682.463
2.799	718.195
2.8	748.987
2.801	774.264
2.802	793.655
2.803	807.019
2.804	814.462
2.805	816.336
2.806	813.229
2.807	805.942
2.808	795.452
2.809	782.867
2.81	769.371
2.811	756.171
2.812	744.434
2.813	735.24
2.814	729.521
2.815	728.03
2.816	731.302
2.817	739.638
2.818	753.096
2.819	771.495
2.82	794.434
2.821	821.317
2.822	851.395
2.823	883.806
2.824	917.631
2.825	951.944
2.826	985.865
2.827	1018.61
2.828	1049.55
2.829	1078.23
2.83	1104.39
2.831	1128
2.832	1149.26
2.833	1168.56
2.834	1186.47
2.835	1203.68
2.836	1220.99
2.837	1239.18
2.838	1259.01
2.839	1281.12
2.84	1306.01
2.841	1333.93
2.842	1364.9
2.843	1398.71
2.844	1434.85
2.845	1472.62
2.846	1511.12
2.847	1549.32
2.848	1586.16
2.849	1620.6
2.85	1651.75
2.851	1678.9
2.852	1701.65
2.853	1719.94
2.854	1734.09
2.855	1744.84
2.856	1753.35
2.857	1761.13
2.858	1770.02
2.859	1782.12
2.86	1799.65
2.861	1824.85
2.862	1859.87
2.863	1906.64
2.864	1966.7
2.865	2041.13
2.866	2130.42
2.867	2234.36
2.868	2352.06
2.869	2481.86
2.87	2621.37
2.871	2767.54
2.872	2916.7
2.873	3064.75
2.874	3207.26
2.875	3339.71
2.876	3457.6
2.877	3556.72
2.878	3633.34
2.879	3684.33
2.88	3707.36
2.881	3701
2.882	3664.76
2.883	3599.17
2.884	3505.69
2.885	3386.69
2.886	3245.3
2.887	3085.27
2.888	2910.83
2.889	2726.46
2.89	2536.71
2.891	2346.04
2.892	2158.61
2.893	1978.19
2.894	1807.99
2.895	1650.6
2.896	1507.96
2.897	1381.3
2.898	1271.23
2.899	1177.71
2.9	1100.16
2.901	1037.55
2.902	988.484
2.903	951.297
2.904	924.177
2.905	905.25
2.906	892.679
2.907	884.734
2.908	879.863
2.909	876.731
2.91	874.26
2.911	871.633
2.912	868.3
2.913	863.958
2.914	858.522
2.915	852.09
2.916	844.896
2.917	837.263
2.918	829.552
2.919	822.12
2.92	815.273
2.921	809.235
2.922	804.12
2.923	799.918
2.924	796.486
2.925	793.559
2.926	790.762
2.927	787.632
2.928	783.651
2.929	778.282
2.93	771.002
2.931	761.343
2.932	748.927
2.933	733.494
2.934	714.932
2.935	693.287
2.936	668.778
2.937	641.797
2.938	612.902
2.939	582.806
2.94	552.356
2.941	522.514
2.942	494.329
2.943	468.913
2.944	447.416
2.945	430.999
2.946	420.818
2.947	417.997
2.948	423.621
2.949	438.712
2.95	464.222
2.951	501.021
2.952	549.883
2.953	611.472
2.954	686.329
2.955	774.852
2.956	877.278
2.957	993.655
2.958	1123.82
2.959	1267.36
2.96	1423.61
2.961	1591.56
2.962	1769.93
2.963	1957.06
2.964	2150.92
2.965	2349.16
2.966	2549.06
2.967	2747.58
2.968	2941.45
2.969	3127.17
2.97	3301.13
2.971	3459.73
2.972	3599.44
2.973	3716.99
2.974	3809.41
2.975	3874.24
2.976	3909.56
2.977	3914.14
2.978	3887.47
2.979	3829.8
2.98	3742.17
2.981	3626.37
2.982	3484.87
2.983	3320.73
2.984	3137.52
2.985	2939.14
2.986	2729.71
2.987	2513.42
2.988	2294.37
2.989	2076.47
2.99	1863.3
2.991	1658.05
2.992	1463.44
2.993	1281.71
2.994	1114.58
2.995	963.272
2.996	828.572
2.997	710.846
2.998	610.116
2.999	526.118
3	458.373
3.001	406.24
3.002	368.977
3.003	345.781
3.004	335.823
3.005	338.273
3.006	352.305
3.007	377.109
3.008	411.878
3.009	455.805
3.01	508.069
3.011	567.823
3.012	634.184
3.013	706.23
3.014	782.996
3.015	863.483
3.016	946.666
3.017	1031.51
3.018	1116.99
3.019	1202.11
3.02	1285.93
3.021	1367.57
3.022	1446.23
3.023	1521.23
3.024	1591.95
3.025	1657.87
3.026	1718.56
3.027	1773.63
3.028	1822.77
3.029	1865.66
3.03	1902.01
3.031	1931.51
3.032	1953.86
3.033	1968.72
3.034	1975.76
3.035	1974.65
3.036	1965.11
3.037	1946.91
3.038	1919.91
3.039	1884.1
3.04	1839.62
3.041	1786.81
3.042	1726.18
3.043	1658.45
3.044	1584.56
3.045	1505.62
3.046	1422.9
3.047	1337.83
3.048	1251.88
3.049	1166.62
3.05	1083.56
3.051	1004.2
3.052	929.914
3.053	861.932
3.054	801.303
3.055	748.861
3.056	705.199
3.057	670.662
3.058	645.337
3.059	629.058
3.06	621.419
3.061	621.797
3.062	629.376
3.063	643.182
3.064	662.125
3.065	685.04
3.066	710.737
3.067	738.042
3.068	765.847
3.069	793.153
3.07	819.104
3.071	843.024
3.072	864.434
3.073	883.066
3.074	898.867
3.075	911.99
3.076	922.768
3.077	931.692
3.078	939.368
3.079	946.475
3.08	953.715
3.081	961.766
3.082	971.238
3.083	982.632
3.084	996.307
3.085	1012.46
3.086	1031.11
3.087	1052.12
3.088	1075.19
3.089	1099.89
3.09	1125.69
3.091	1152.02
3.092	1178.3
3.093	1203.99
3.094	1228.63
3.095	1251.87
3.096	1273.49
3.097	1293.46
3.098	1311.87
3.099	1328.97
3.1	1345.13
3.101	1360.79
3.102	1376.44
3.103	1392.55
3.104	1409.54
3.105	1427.71
3.106	1447.21
3.107	1468
3.108	1489.84
3.109	1512.27
3.11	1534.62
3.111	1556.04
3.112	1575.54
3.113	1592.01
3.114	1604.3
3.115	1611.3
3.116	1611.93
3.117	1605.3
3.118	1590.65
3.119	1567.48
3.12	1535.55
3.121	1494.87
3.122	1445.75
3.123	1388.73
3.124	1324.62
3.125	1254.39
3.126	1179.2
3.127	1100.31
3.128	1019
3.129	936.6
3.13	854.361
3.131	773.461
3.132	694.956
3.133	619.754
3.134	548.599
3.135	482.066
3.136	420.555
3.137	364.306
3.138	313.406
3.139	267.812
3.14	227.366
3.141	191.823
3.142	160.868
3.143	134.14
3.144	111.251
3.145	91.8039
3.146	75.403
3.147	61.6698
3.148	50.2489
3.149	40.8149
3.15	33.0762
3.151	26.7765
3.152	21.696
3.153	17.6506
3.154	14.4915
3.155	12.1036
3.156	10.4051
3.157	9.34685
3.158	8.91205
3.159	9.11732
3.16	10.014
3.161	11.69
3.162	14.2728
3.163	17.9327
3.164	22.8855
3.165	29.3966
3.166	37.7834
3.167	48.4177
3.168	61.7265
3.169	78.1911
3.17	98.3452
3.171	122.769
3.172	152.082
3.173	186.934
3.174	227.991
3.175	275.92
3.176	331.376
3.177	394.983
3.178	467.315
3.179	548.886
3.18	640.133
3.181	741.412
3.182	852.989
3.183	975.047
3.184	1107.69
3.185	1250.97
3.186	1404.88
3.187	1569.4
3.188	1744.52
3.189	1930.23
3.19	2126.6
3.191	2333.71
3.192	2551.7
3.193	2780.76
3.194	3021.04
3.195	3272.67
3.196	3535.65
3.197	3809.77
3.198	4094.56
3.199	4389.19
3.2	4692.33
3.201	5002.15
3.202	5316.22
3.203	5631.5
3.204	5944.32
3.205	6250.43
3.206	6545.1
3.207	6823.19
3.208	7079.37
3.209	7308.24
3.21	7504.58
3.211	7663.56
3.212	7780.94
3.213	7853.28
3.214	7878.1
3.215	7854.05
3.216	7780.95
3.217	7659.86
3.218	7493.05
3.219	7283.9
3.22	7036.8
3.221	6756.98
3.222	6450.27
3.223	6122.92
3.224	5781.33
3.225	5431.82
3.226	5080.45
3.227	4732.79
3.228	4393.78
3.229	4067.63
3.23	3757.74
3.231	3466.64
3.232	3196.08
3.233	2946.97
3.234	2719.54
3.235	2513.41
3.236	2327.7
3.237	2161.13
3.238	2012.17
3.239	1879.15
3.24	1760.33
3.241	1654.02
3.242	1558.64
3.243	1472.78
3.244	1395.22
3.245	1324.98
3.246	1261.3
3.247	1203.63
3.248	1151.64
3.249	1105.2
3.25	1064.3
3.251	1029.08
3.252	999.757
3.253	976.613
3.254	959.952
3.255	950.076
3.256	947.261
3.257	951.734
3.258	963.655
3.259	983.104
3.26	1010.06
3.261	1044.42
3.262	1085.95
3.263	1134.32
3.264	1189.08
3.265	1249.66
3.266	1315.4
3.267	1385.5
3.268	1459.07
3.269	1535.12
3.27	1612.57
3.271	1690.24
3.272	1766.91
3.273	1841.29
3.274	1912.06
3.275	1977.91
3.276	2037.55
3.277	2089.74
3.278	2133.35
3.279	2167.34
3.28	2190.86
3.281	2203.24
3.282	2204.01
3.283	2192.95
3.284	2170.11
3.285	2135.76
3.286	2090.45
3.287	2034.98
3.288	1970.35
3.289	1897.76
3.29	1818.57
3.291	1734.22
3.292	1646.25
3.293	1556.2
3.294	1465.56
3.295	1375.77
3.296	1288.15
3.297	1203.87
3.298	1123.95
3.299	1049.22
3.3	980.313
3.301	917.702
3.302	861.669
3.303	812.339
3.304	769.693
3.305	733.591
3.306	703.79
3.307	679.967
3.308	661.742
3.309	648.689
3.31	640.357
3.311	636.279
3.312	635.983
3.313	638.996
3.314	644.85
3.315	653.088
3.316	663.262
3.317	674.937
3.318	687.692
3.319	701.123
3.32	714.848
3.321	728.511
3.322	741.783
3.323	754.376
3.324	766.047
3.325	776.602
3.326	785.912
3.327	793.914
3.328	800.621
3.329	806.125
3.33	810.603
3.331	814.316
3.332	817.607
3.333	820.894
3.334	824.663
3.335	829.454
3.336	835.839
3.337	844.406
3.338	855.736
3.339	870.369
3.34	888.785
3.341	911.368
3.342	938.385
3.343	969.955
3.344	1006.04
3.345	1046.4
3.346	1090.63
3.347	1138.12
3.348	1188.07
3.349	1239.51
3.35	1291.34
3.351	1342.32
3.352	1391.13
3.353	1436.43
3.354	1476.88
3.355	1511.21
3.356	1538.24
3.357	1556.95
3.358	1566.51
3.359	1566.32
3.36	1556.02
3.361	1535.52
3.362	1504.98
3.363	1464.84
3.364	1415.76
3.365	1358.63
3.366	1294.52
3.367	1224.62
3.368	1150.25
3.369	1072.74
3.37	993.463
3.371	913.729
3.372	834.784
3.373	757.765
3.374	683.672
3.375	613.359
3.376	547.514
3.377	486.663
3.378	431.17
3.379	381.248
3.38	336.973
3.381	298.304
3.382	265.1
3.383	237.144
3.384	214.165
3.385	195.858
3.386	181.906
3.387	171.992
3.388	165.818
3.389	163.115
3.39	163.651
3.391	167.236
3.392	173.726
3.393	183.022
3.394	195.066
3.395	209.838
3.396	227.347
3.397	247.623
3.398	270.706
3.399	296.636
3.4	325.44
3.401	357.118
3.402	391.635
3.403	428.907
3.404	468.79
3.405	511.072
3.406	555.469
3.407	601.619
3.408	649.084
3.409	697.355
3.41	745.856
3.411	793.961
3.412	841.011
3.413	886.326
3.414	929.238
3.415	969.108
3.416	1005.35
3.417	1037.48
3.418	1065.08
3.419	1087.91
3.42	1105.82
3.421	1118.85
3.422	1127.17
3.423	1131.14
3.424	1131.21
3.425	1128.01
3.426	1122.24
3.427	1114.68
3.428	1106.16
3.429	1097.52
3.43	1089.54
3.431	1082.95
3.432	1078.39
3.433	1076.35
3.434	1077.18
3.435	1081.03
3.436	1087.91
3.437	1097.63
3.438	1109.83
3.439	1124
3.44	1139.5
3.441	1155.6
3.442	1171.5
3.443	1186.38
3.444	1199.45
3.445	1209.96
3.446	1217.26
3.447	1220.83
3.448	1220.31
3.449	1215.5
3.45	1206.4
3.451	1193.2
3.452	1176.26
3.453	1156.13
3.454	1133.5
3.455	1109.2
3.456	1084.15
3.457	1059.35
3.458	1035.79
3.459	1014.5
3.46	996.438
3.461	982.494
3.462	973.456
3.463	969.985
3.464	972.59
3.465	981.621
3.466	997.251
3.467	1019.48
3.468	1048.12
3.469	1082.82
3.47	1123.05
3.471	1168.15
3.472	1217.3
3.473	1269.56
3.474	1323.9
3.475	1379.2
3.476	1434.3
3.477	1488.01
3.478	1539.12
3.479	1586.48
3.48	1628.96
3.481	1665.56
3.482	1695.34
3.483	1717.55
3.484	1731.55
3.485	1736.92
3.486	1733.42
3.487	1721.01
3.488	1699.85
3.489	1670.34
3.49	1633.04
3.491	1588.72
3.492	1538.31
3.493	1482.87
3.494	1423.56
3.495	1361.64
3.496	1298.39
3.497	1235.11
3.498	1173.05
3.499	1113.41
3.5	1057.29
3.501	1005.66
3.502	959.357
3.503	919.035
3.504	885.175
3.505	858.069
3.506	837.815
3.507	824.319
3.508	817.305
3.509	816.324
3.51	820.766
3.511	829.885
3.512	842.82
3.513	858.619
3.514	876.271
3.515	894.729
3.516	912.95
3.517	929.918
3.518	944.68
3.519	956.37
3.52	964.237
3.521	967.668
3.522	966.206
3.523	959.563
3.524	947.63
3.525	930.475
3.526	908.347
3.527	881.665
3.528	851.006
3.529	817.088
3.53	780.752
3.531	742.938
3.532	704.663
3.533	667.001
3.534	631.051
3.535	597.921
3.536	568.705
3.537	544.462
3.538	526.197
3.539	514.848
3.54	511.262
3.541	516.188
3.542	530.257
3.543	553.969
3.544	587.678
3.545	631.578
3.546	685.689
3.547	749.843
3.548	823.674
3.549	906.606
3.55	997.851
3.551	1096.41
3.552	1201.05
3.553	1310.39
3.554	1422.81
3.555	1536.57
3.556	1649.81
3.557	1760.57
3.558	1866.87
3.559	1966.74
3.56	2058.28
3.561	2139.73
3.562	2209.49
3.563	2266.2
3.564	2308.75
3.565	2336.35
3.566	2348.52
3.567	2345.16
3.568	2326.45
3.569	2292.94
3.57	2245.48
3.571	2185.17
3.572	2113.36
3.573	2031.57
3.574	1941.45
3.575	1844.73
3.576	1743.14
3.577	1638.4
3.578	1532.14
3.579	1425.87
3.58	1320.96
3.581	1218.62
3.582	1119.85
3.583	1025.49
3.584	936.164
3.585	852.35
3.586	774.343
3.587	702.299
3.588	636.25
3.589	576.127
3.59	521.78
3.591	473.002
3.592	429.543
3.593	391.129
3.594	357.475
3.595	328.293
3.596	303.301
3.597	282.225
3.598	264.801
3.599	250.776
3.6	239.903
3.601	231.943
3.602	226.658
3.603	223.809
3.604	223.155
3.605	224.447
3.606	227.432
3.607	231.853
3.608	237.444
3.609	243.942
3.61	251.083
3.611	258.611
3.612	266.281
3.613	273.863
3.614	281.154
3.615	287.974
3.616	294.177
3.617	299.654
3.618	304.332
3.619	308.181
3.62	311.209
3.621	313.464
3.622	315.028
3.623	316.019
3.624	316.579
3.625	316.875
3.626	317.091
3.627	317.425
3.628	318.078
3.629	319.26
3.63	321.18
3.631	324.046
3.632	328.069
3.633	333.463
3.634	340.446
3.635	349.249
3.636	360.118
3.637	373.322
3.638	389.154
3.639	407.943
3.64	430.05
3.641	455.872
3.642	485.841
3.643	520.417
3.644	560.081
3.645	605.323
3.646	656.627
3.647	714.451
3.648	779.208
3.649	851.24
3.65	930.794
3.651	1018
3.652	1112.83
3.653	1215.12
3.654	1324.48
3.655	1440.35
3.656	1561.94
3.657	1688.27
3.658	1818.14
3.659	1950.14
3.66	2082.72
3.661	2214.17
3.662	2342.66
3.663	2466.3
3.664	2583.18
3.665	2691.43
3.666	2789.22
3.667	2874.9
3.668	2946.97
3.669	3004.16
3.67	3045.47
3.671	3070.17
3.672	3077.88
3.673	3068.52
3.674	3042.34
3.675	2999.94
3.676	2942.17
3.677	2870.2
3.678	2785.41
3.679	2689.4
3.68	2583.9
3.681	2470.76
3.682	2351.88
3.683	2229.16
3.684	2104.47
3.685	1979.6
3.686	1856.2
3.687	1735.79
3.688	1619.72
3.689	1509.15
3.69	1405.03
3.691	1308.12
3.692	1218.95
3.693	1137.89
3.694	1065.1
3.695	1000.58
3.696	944.174
3.697	895.583
3.698	854.403
3.699	820.133
3.7	792.197
3.701	769.962
3.702	752.757
3.703	739.891
3.704	730.663
3.705	724.381
3.706	720.371
3.707	717.982
3.708	716.604
3.709	715.665
3.71	714.643
3.711	713.068
3.712	710.524
3.713	706.655
3.714	701.166
3.715	693.822
3.716	684.452
3.717	672.946
3.718	659.258
3.719	643.401
3.72	625.448
3.721	605.53
3.722	583.83
3.723	560.579
3.724	536.056
3.725	510.576
3.726	484.49
3.727	458.173
3.728	432.021
3.729	406.444
3.73	381.855
3.731	358.666
3.732	337.281
3.733	318.087
3.734	301.448
3.735	287.7
3.736	277.142
3.737	270.035
3.738	266.593
3.739	266.979
3.74	271.301
3.741	279.608
3.742	291.887
3.743	308.061
3.744	327.984
3.745	351.443
3.746	378.159
3.747	407.784
3.748	439.91
3.749	474.069
3.75	509.741
3.751	546.364
3.752	583.343
3.753	620.058
3.754	655.885
3.755	690.203
3.756	722.414
3.757	751.953
3.758	778.311
3.759	801.042
3.76	819.78
3.761	834.249
3.762	844.273
3.763	849.784
3.764	850.82
3.765	847.531
3.766	840.175
3.767	829.109
3.768	814.78
3.769	797.719
3.77	778.518
3.771	757.819
3.772	736.297
3.773	714.636
3.774	693.517
3.775	673.597
3.776	655.491
3.777	639.759
3.778	626.89
3.779	617.295
3.78	611.298
3.781	609.13
3.782	610.93
3.783	616.747
3.784	626.544
3.785	640.207
3.786	657.557
3.787	678.361
3.788	702.344
3.789	729.209
3.79	758.648
3.791	790.357
3.792	824.05
3.793	859.468
3.794	896.392
3.795	934.64
3.796	974.079
3.797	1014.62
3.798	1056.21
3.799	1098.83
3.8	1142.49
3.801	1187.2
3.802	1232.99
3.803	1279.85
3.804	1327.76
3.805	1376.66
3.806	1426.42
3.807	1476.88
3.808	1527.81
3.809	1578.91
3.81	1629.81
3.811	1680.11
3.812	1729.34
3.813	1777
3.814	1822.59
3.815	1865.58
3.816	1905.46
3.817	1941.74
3.818	1973.99
3.819	2001.83
3.82	2024.94
3.821	2043.1
3.822	2056.15
3.823	2064.04
3.824	2066.8
3.825	2064.55
3.826	2057.49
3.827	2045.87
3.828	2030.03
3.829	2010.32
3.83	1987.16
3.831	1960.96
3.832	1932.16
3.833	1901.18
3.834	1868.43
3.835	1834.29
3.836	1799.12
3.837	1763.23
3.838	1726.89
3.839	1690.34
3.84	1653.76
3.841	1617.3
3.842	1581.06
3.843	1545.11
3.844	1509.48
3.845	1474.17
3.846	1439.17
3.847	1404.43
3.848	1369.9
3.849	1335.52
3.85	1301.2
3.851	1266.87
3.852	1232.48
3.853	1197.96
3.854	1163.27
3.855	1128.38
3.856	1093.31
3.857	1058.07
3.858	1022.71
3.859	987.335
3.86	952.055
3.861	917.024
3.862	882.423
3.863	848.466
3.864	815.387
3.865	783.442
3.866	752.9
3.867	724.036
3.868	697.127
3.869	672.437
3.87	650.217
3.871	630.69
3.872	614.048
3.873	600.443
3.874	589.98
3.875	582.715
3.876	578.649
3.877	577.728
3.878	579.845
3.879	584.837
3.88	592.494
3.881	602.566
3.882	614.764
3.883	628.78
3.884	644.289
3.885	660.967
3.886	678.501
3.887	696.605
3.888	715.026
3.889	733.566
3.89	752.081
3.891	770.498
3.892	788.814
3.893	807.101
3.894	825.508
3.895	844.25
3.896	863.604
3.897	883.897
3.898	905.493
3.899	928.769
3.9	954.105
3.901	981.853
3.902	1012.33
3.903	1045.77
3.904	1082.33
3.905	1122.09
3.906	1164.98
3.907	1210.81
3.908	1259.28
3.909	1309.94
3.91	1362.24
3.911	1415.48
3.912	1468.91
3.913	1521.67
3.914	1572.86
3.915	1621.57
3.916	1666.88
3.917	1707.92
3.918	1743.88
3.919	1774.06
3.92	1797.85
3.921	1814.79
3.922	1824.6
3.923	1827.13
3.924	1822.41
3.925	1810.62
3.926	1792.11
3.927	1767.37
3.928	1736.99
3.929	1701.67
3.93	1662.18
3.931	1619.35
3.932	1573.99
3.933	1526.93
3.934	1478.95
3.935	1430.78
3.936	1383.08
3.937	1336.4
3.938	1291.22
3.939	1247.91
3.94	1206.71
3.941	1167.8
3.942	1131.24
3.943	1097.03
3.944	1065.09
3.945	1035.29
3.946	1007.46
3.947	981.405
3.948	956.927
3.949	933.829
3.95	911.927
3.951	891.061
3.952	871.101
3.953	851.951
3.954	833.55
3.955	815.87
3.956	798.918
3.957	782.729
3.958	767.358
3.959	752.884
3.96	739.393
3.961	726.982
3.962	715.745
3.963	705.779
3.964	697.171
3.965	690.001
3.966	684.342
3.967	680.254
3.968	677.79
3.969	676.995
3.97	677.909
3.971	680.567
3.972	685.001
3.973	691.244
3.974	699.325
3.975	709.276
3.976	721.128
3.977	734.909
3.978	750.644
3.979	768.351
3.98	788.038
3.981	809.703
3.982	833.33
3.983	858.885
3.984	886.315
3.985	915.552
3.986	946.509
3.987	979.081
3.988	1013.15
3.989	1048.59
3.99	1085.28
3.991	1123.07
3.992	1161.84
3.993	1201.47
3.994	1241.85
3.995	1282.88
3.996	1324.49
3.997	1366.6
3.998	1409.16
3.999	1452.11
4	1495.41
4.001	1538.98
4.002	1582.75
4.003	1626.61
4.004	1670.42
4.005	1713.99
4.006	1757.09
4.007	1799.43
4.008	1840.67
4.009	1880.42
4.01	1918.27
4.011	1953.73
4.012	1986.35
4.013	2015.62
4.014	2041.08
4.015	2062.29
4.016	2078.87
4.017	2090.5
4.018	2096.95
4.019	2098.11
4.02	2093.94
4.021	2084.54
4.022	2070.14
4.023	2051.04
4.024	2027.68
4.025	2000.58
4.026	1970.33
4.027	1937.56
4.028	1902.94
4.029	1867.16
4.03	1830.88
4.031	1794.73
4.032	1759.28
4.033	1725.04
4.034	1692.43
4.035	1661.79
4.036	1633.36
4.037	1607.29
4.038	1583.66
4.039	1562.46
4.04	1543.63
4.041	1527.05
4.042	1512.55
4.043	1499.97
4.044	1489.1
4.045	1479.78
4.046	1471.82
4.047	1465.05
4.048	1459.34
4.049	1454.56
4.05	1450.61
4.051	1447.38
4.052	1444.79
4.053	1442.74
4.054	1441.12
4.055	1439.79
4.056	1438.61
4.057	1437.39
4.058	1435.9
4.059	1433.89
4.06	1431.06
4.061	1427.11
4.062	1421.69
4.063	1414.48
4.064	1405.13
4.065	1393.33
4.066	1378.78
4.067	1361.26
4.068	1340.58
4.069	1316.61
4.07	1289.32
4.071	1258.74
4.072	1225
4.073	1188.3
4.074	1148.93
4.075	1107.24
4.076	1063.66
4.077	1018.66
4.078	972.753
4.079	926.479
4.08	880.391
4.081	835.039
4.082	790.955
4.083	748.645
4.084	708.572
4.085	671.15
4.086	636.737
4.087	605.627
4.088	578.046
4.089	554.155
4.09	534.049
4.091	517.757
4.092	505.25
4.093	496.446
4.094	491.217
4.095	489.392
4.096	490.775
4.097	495.143
4.098	502.258
4.099	511.876
4.1	523.751
4.101	537.64
4.102	553.31
4.103	570.536
4.104	589.106
4.105	608.822
4.106	629.493
4.107	650.94
4.108	672.986
4.109	695.457
4.11	718.178
4.111	740.965
4.112	763.628
4.113	785.962
4.114	807.753
4.115	828.771
4.116	848.778
4.117	867.527
4.118	884.767
4.119	900.253
4.12	913.748
4.121	925.034
4.122	933.92
4.123	940.251
4.124	943.915
4.125	944.852
4.126	943.057
4.127	938.589
4.128	931.569
4.129	922.183
4.13	910.678
4.131	897.36
4.132	882.587
4.133	866.757
4.134	850.302
4.135	833.676
4.136	817.336
4.137	801.738
4.138	787.314
4.139	774.464
4.14	763.543
4.141	754.848
4.142	748.609
4.143	744.98
4.144	744.035
4.145	745.764
4.146	750.071
4.147	756.777
4.148	765.625
4.149	776.283
4.15	788.358
4.151	801.4
4.152	814.92
4.153	828.403
4.154	841.318
4.155	853.137
4.156	863.347
4.157	871.465
4.158	877.053
4.159	879.726
4.16	879.165
4.161	875.124
4.162	867.435
4.163	856.013
4.164	840.857
4.165	822.045
4.166	799.736
4.167	774.159
4.168	745.607
4.169	714.429
4.17	681.017
4.171	645.799
4.172	609.221
4.173	571.743
4.174	533.823
4.175	495.908
4.176	458.426
4.177	421.777
4.178	386.329
4.179	352.409
4.18	320.306
4.181	290.263
4.182	262.482
4.183	237.123
4.184	214.306
4.185	194.115
4.186	176.604
4.187	161.798
4.188	149.704
4.189	140.311
4.19	133.599
4.191	129.544
4.192	128.125
4.193	129.328
4.194	133.154
4.195	139.622
4.196	148.777
4.197	160.692
4.198	175.475
4.199	193.27
4.2	214.265
4.201	238.689
4.202	266.817
4.203	298.967
4.204	335.504
4.205	376.828
4.206	423.377
4.207	475.615
4.208	534.023
4.209	599.087
4.21	671.286
4.211	751.07
4.212	838.849
4.213	934.967
4.214	1039.68
4.215	1153.16
4.216	1275.42
4.217	1406.35
4.218	1545.68
4.219	1692.95
4.22	1847.54
4.221	2008.6
4.222	2175.11
4.223	2345.86
4.224	2519.46
4.225	2694.34
4.226	2868.81
4.227	3041.04
4.228	3209.13
4.229	3371.13
4.23	3525.07
4.231	3669.01
4.232	3801.07
4.233	3919.51
4.234	4022.7
4.235	4109.22
4.236	4177.85
4.237	4227.64
4.238	4257.87
4.239	4268.15
4.24	4258.35
4.241	4228.64
4.242	4179.51
4.243	4111.7
4.244	4026.23
4.245	3924.37
4.246	3807.6
4.247	3677.59
4.248	3536.13
4.249	3385.15
4.25	3226.65
4.251	3062.64
4.252	2895.13
4.253	2726.09
4.254	2557.39
4.255	2390.82
4.256	2227.99
4.257	2070.36
4.258	1919.21
4.259	1775.62
4.26	1640.46
4.261	1514.4
4.262	1397.91
4.263	1291.24
4.264	1194.5
4.265	1107.59
4.266	1030.27
4.267	962.192
4.268	902.879
4.269	851.789
4.27	808.315
4.271	771.823
4.272	741.665
4.273	717.205
4.274	697.831
4.275	682.978
4.276	672.134
4.277	664.847
4.278	660.735
4.279	659.484
4.28	660.846
4.281	664.636
4.282	670.722
4.283	679.017
4.284	689.466
4.285	702.037
4.286	716.706
4.287	733.444
4.288	752.209
4.289	772.934
4.29	795.519
4.291	819.824
4.292	845.668
4.293	872.828
4.294	901.04
4.295	930.002
4.296	959.385
4.297	988.836
4.298	1017.99
4.299	1046.49
4.3	1073.98
4.301	1100.12
4.302	1124.62
4.303	1147.23
4.304	1167.73
4.305	1185.98
4.306	1201.86
4.307	1215.36
4.308	1226.49
4.309	1235.33
4.31	1242
4.311	1246.66
4.312	1249.53
4.313	1250.81
4.314	1250.76
4.315	1249.62
4.316	1247.64
4.317	1245.05
4.318	1242.07
4.319	1238.9
4.32	1235.72
4.321	1232.68
4.322	1229.91
4.323	1227.5
4.324	1225.53
4.325	1224.05
4.326	1223.11
4.327	1222.73
4.328	1222.93
4.329	1223.7
4.33	1225.07
4.331	1227.01
4.332	1229.54
4.333	1232.66
4.334	1236.37
4.335	1240.67
4.336	1245.58
4.337	1251.1
4.338	1257.26
4.339	1264.08
4.34	1271.59
4.341	1279.84
4.342	1288.9
4.343	1298.85
4.344	1309.79
4.345	1321.87
4.346	1335.26
4.347	1350.17
4.348	1366.85
4.349	1385.6
4.35	1406.75
4.351	1430.69
4.352	1457.83
4.353	1488.61
4.354	1523.49
4.355	1562.95
4.356	1607.43
4.357	1657.38
4.358	1713.17
4.359	1775.14
4.36	1843.51
4.361	1918.41
4.362	1999.86
4.363	2087.73
4.364	2181.73
4.365	2281.42
4.366	2386.2
4.367	2495.3
4.368	2607.81
4.369	2722.66
4.37	2838.69
4.371	2954.62
4.372	3069.1
4.373	3180.78
4.374	3288.28
4.375	3390.28
4.376	3485.54
4.377	3572.93
4.378	3651.46
4.379	3720.35
4.38	3778.98
4.381	3826.98
4.382	3864.18
4.383	3890.63
4.384	3906.63
4.385	3912.64
4.386	3909.33
4.387	3897.47
4.388	3877.98
4.389	3851.83
4.39	3820.03
4.391	3783.57
4.392	3743.38
4.393	3700.33
4.394	3655.15
4.395	3608.46
4.396	3560.68
4.397	3512.12
4.398	3462.89
4.399	3412.95
4.4	3362.15
4.401	3310.18
4.402	3256.68
4.403	3201.22
4.404	3143.33
4.405	3082.57
4.406	3018.53
4.407	2950.86
4.408	2879.32
4.409	2803.78
4.41	2724.22
4.411	2640.78
4.412	2553.7
4.413	2463.38
4.414	2370.33
4.415	2275.16
4.416	2178.56
4.417	2081.28
4.418	1984.13
4.419	1887.92
4.42	1793.46
4.421	1701.54
4.422	1612.9
4.423	1528.25
4.424	1448.2
4.425	1373.33
4.426	1304.12
4.427	1240.99
4.428	1184.31
4.429	1134.37
4.43	1091.42
4.431	1055.68
4.432	1027.34
4.433	1006.57
4.434	993.533
4.435	988.388
4.436	991.304
4.437	1002.46
4.438	1022.03
4.439	1050.22
4.44	1087.2
4.441	1133.15
4.442	1188.22
4.443	1252.52
4.444	1326.12
4.445	1409
4.446	1501.05
4.447	1602.07
4.448	1711.71
4.449	1829.5
4.45	1954.8
4.451	2086.8
4.452	2224.54
4.453	2366.88
4.454	2512.5
4.455	2659.95
4.456	2807.62
4.457	2953.8
4.458	3096.68
4.459	3234.41
4.46	3365.12
4.461	3486.95
4.462	3598.12
4.463	3696.98
4.464	3782.02
4.465	3851.91
4.466	3905.59
4.467	3942.24
4.468	3961.34
4.469	3962.66
4.47	3946.31
4.471	3912.69
4.472	3862.51
4.473	3796.78
4.474	3716.73
4.475	3623.83
4.476	3519.75
4.477	3406.25
4.478	3285.19
4.479	3158.48
4.48	3028
4.481	2895.56
4.482	2762.87
4.483	2631.5
4.484	2502.84
4.485	2378.07
4.486	2258.19
4.487	2143.93
4.488	2035.84
4.489	1934.22
4.49	1839.21
4.491	1750.74
4.492	1668.6
4.493	1592.45
4.494	1521.85
4.495	1456.29
4.496	1395.25
4.497	1338.18
4.498	1284.55
4.499	1233.87
4.5	1185.71
4.501	1139.72
4.502	1095.62
4.503	1053.2
4.504	1012.36
4.505	973.05
4.506	935.317
4.507	899.254
4.508	865.007
4.509	832.758
4.51	802.714
4.511	775.087
4.512	750.088
4.513	727.914
4.514	708.734
4.515	692.689
4.516	679.877
4.517	670.358
4.518	664.148
4.519	661.22
4.52	661.507
4.521	664.906
4.522	671.282
4.523	680.477
4.524	692.313
4.525	706.6
4.526	723.145
4.527	741.757
4.528	762.251
4.529	784.457
4.53	808.222
4.531	833.418
4.532	859.937
4.533	887.698
4.534	916.65
4.535	946.763
4.536	978.035
4.537	1010.49
4.538	1044.15
4.539	1079.09
4.54	1115.37
4.541	1153.05
4.542	1192.22
4.543	1232.92
4.544	1275.23
4.545	1319.17
4.546	1364.76
4.547	1411.97
4.548	1460.75
4.549	1511.01
4.55	1562.61
4.551	1615.35
4.552	1669.01
4.553	1723.28
4.554	1777.84
4.555	1832.29
4.556	1886.21
4.557	1939.12
4.558	1990.52
4.559	2039.89
4.56	2086.7
4.561	2130.39
4.562	2170.43
4.563	2206.31
4.564	2237.54
4.565	2263.68
4.566	2284.33
4.567	2299.16
4.568	2307.9
4.569	2310.35
4.57	2306.41
4.571	2296.04
4.572	2279.28
4.573	2256.26
4.574	2227.18
4.575	2192.3
4.576	2151.98
4.577	2106.58
4.578	2056.55
4.579	2002.37
4.58	1944.53
4.581	1883.56
4.582	1820
4.583	1754.38
4.584	1687.22
4.585	1619.06
4.586	1550.4
4.587	1481.71
4.588	1413.47
4.589	1346.09
4.59	1280.01
4.591	1215.58
4.592	1153.18
4.593	1093.11
4.594	1035.7
4.595	981.224
4.596	929.932
4.597	882.066
4.598	837.846
4.599	797.472
4.6	761.129
4.601	728.985
4.602	701.193
4.603	677.89
4.604	659.197
4.605	645.219
4.606	636.042
4.607	631.734
4.608	632.341
4.609	637.887
4.61	648.367
4.611	663.751
4.612	683.972
4.613	708.93
4.614	738.484
4.615	772.447
4.616	810.59
4.617	852.628
4.618	898.228
4.619	947
4.62	998.501
4.621	1052.23
4.622	1107.65
4.623	1164.15
4.624	1221.09
4.625	1277.82
4.626	1333.62
4.627	1387.78
4.628	1439.6
4.629	1488.37
4.63	1533.41
4.631	1574.08
4.632	1609.8
4.633	1640.03
4.634	1664.35
4.635	1682.39
4.636	1693.9
4.637	1698.73
4.638	1696.81
4.639	1688.22
4.64	1673.12
4.641	1651.78
4.642	1624.55
4.643	1591.87
4.644	1554.27
4.645	1512.32
4.646	1466.64
4.647	1417.86
4.648	1366.66
4.649	1313.69
4.65	1259.59
4.651	1204.99
4.652	1150.46
4.653	1096.53
4.654	1043.67
4.655	992.297
4.656	942.766
4.657	895.365
4.658	850.323
4.659	807.813
4.66	767.954
4.661	730.824
4.662	696.462
4.663	664.878
4.664	636.065
4.665	610.002
4.666	586.668
4.667	566.045
4.668	548.126
4.669	532.924
4.67	520.47
4.671	510.819
4.672	504.052
4.673	500.273
4.674	499.606
4.675	502.195
4.676	508.195
4.677	517.766
4.678	531.069
4.679	548.253
4.68	569.45
4.681	594.764
4.682	624.261
4.683	657.963
4.684	695.838
4.685	737.796
4.686	783.68
4.687	833.263
4.688	886.25
4.689	942.273
4.69	1000.9
4.691	1061.63
4.692	1123.91
4.693	1187.14
4.694	1250.7
4.695	1313.95
4.696	1376.24
4.697	1436.94
4.698	1495.49
4.699	1551.34
4.7	1604.06
4.701	1653.32
4.702	1698.88
4.703	1740.67
4.704	1778.75
4.705	1813.33
4.706	1844.8
4.707	1873.7
4.708	1900.75
4.709	1926.78
4.71	1952.78
4.711	1979.83
4.712	2009.12
4.713	2041.86
4.714	2079.28
4.715	2122.59
4.716	2172.96
4.717	2231.41
4.718	2298.86
4.719	2376.02
4.72	2463.4
4.721	2561.26
4.722	2669.59
4.723	2788.12
4.724	2916.27
4.725	3053.17
4.726	3197.68
4.727	3348.39
4.728	3503.65
4.729	3661.62
4.73	3820.28
4.731	3977.51
4.732	4131.09
4.733	4278.83
4.734	4418.52
4.735	4548.08
4.736	4665.55
4.737	4769.15
4.738	4857.32
4.739	4928.78
4.74	4982.5
4.741	5017.78
4.742	5034.22
4.743	5031.77
4.744	5010.66
4.745	4971.43
4.746	4914.93
4.747	4842.24
4.748	4754.7
4.749	4653.82
4.75	4541.31
4.751	4418.98
4.752	4288.74
4.753	4152.53
4.754	4012.32
4.755	3870.06
4.756	3727.64
4.757	3586.86
4.758	3449.42
4.759	3316.85
4.76	3190.58
4.761	3071.83
4.762	2961.65
4.763	2860.92
4.764	2770.31
4.765	2690.31
4.766	2621.22
4.767	2563.18
4.768	2516.12
4.769	2479.87
4.77	2454.06
4.771	2438.24
4.772	2431.83
4.773	2434.14
4.774	2444.45
4.775	2461.93
4.776	2485.74
4.777	2515.01
4.778	2548.84
4.779	2586.35
4.78	2626.67
4.781	2668.93
4.782	2712.3
4.783	2755.98
4.784	2799.21
4.785	2841.26
4.786	2881.45
4.787	2919.13
4.788	2953.71
4.789	2984.64
4.79	3011.39
4.791	3033.52
4.792	3050.62
4.793	3062.32
4.794	3068.34
4.795	3068.46
4.796	3062.53
4.797	3050.48
4.798	3032.33
4.799	3008.21
4.8	2978.34
4.801	2943.07
4.802	2902.84
4.803	2858.23
4.804	2809.91
4.805	2758.69
4.806	2705.46
4.807	2651.2
4.808	2597.01
4.809	2543.99
4.81	2493.34
4.811	2446.25
4.812	2403.9
4.813	2367.46
4.814	2338.03
4.815	2316.63
4.816	2304.15
4.817	2301.38
4.818	2308.93
4.819	2327.23
4.82	2356.52
4.821	2396.84
4.822	2448.01
4.823	2509.63
4.824	2581.09
4.825	2661.59
4.826	2750.09
4.827	2845.42
4.828	2946.22
4.829	3051.02
4.83	3158.22
4.831	3266.17
4.832	3373.16
4.833	3477.48
4.834	3577.45
4.835	3671.45
4.836	3757.93
4.837	3835.48
4.838	3902.81
4.839	3958.82
4.84	4002.58
4.841	4033.35
4.842	4050.6
4.843	4054.01
4.844	4043.47
4.845	4019.05
4.846	3981.04
4.847	3929.89
4.848	3866.22
4.849	3790.79
4.85	3704.5
4.851	3608.32
4.852	3503.34
4.853	3390.67
4.854	3271.51
4.855	3147.02
4.856	3018.42
4.857	2886.87
4.858	2753.52
4.859	2619.48
4.86	2485.83
4.861	2353.56
4.862	2223.62
4.863	2096.9
4.864	1974.24
4.865	1856.38
4.866	1744.03
4.867	1637.86
4.868	1538.45
4.869	1446.36
4.87	1362.1
4.871	1286.13
4.872	1218.88
4.873	1160.74
4.874	1112.06
4.875	1073.15
4.876	1044.29
4.877	1025.69
4.878	1017.52
4.879	1019.87
4.88	1032.8
4.881	1056.24
4.882	1090.07
4.883	1134.06
4.884	1187.87
4.885	1251.06
4.886	1323.07
4.887	1403.21
4.888	1490.7
4.889	1584.62
4.89	1683.98
4.891	1787.66
4.892	1894.48
4.893	2003.22
4.894	2112.59
4.895	2221.3
4.896	2328.09
4.897	2431.73
4.898	2531.05
4.899	2625.02
4.9	2712.69
4.901	2793.28
4.902	2866.18
4.903	2930.98
4.904	2987.45
4.905	3035.57
4.906	3075.53
4.907	3107.72
4.908	3132.7
4.909	3151.22
4.91	3164.19
4.911	3172.61
4.912	3177.6
4.913	3180.33
4.914	3182.02
4.915	3183.88
4.916	3187.07
4.917	3192.72
4.918	3201.85
4.919	3215.38
4.92	3234.11
4.921	3258.68
4.922	3289.59
4.923	3327.2
4.924	3371.69
4.925	3423.12
4.926	3481.4
4.927	3546.29
4.928	3617.48
4.929	3694.52
4.93	3776.89
4.931	3864.01
4.932	3955.23
4.933	4049.88
4.934	4147.23
4.935	4246.55
4.936	4347.09
4.937	4448.1
4.938	4548.81
4.939	4648.45
4.94	4746.23
4.941	4841.36
4.942	4933.05
4.943	5020.45
4.944	5102.74
4.945	5179.05
4.946	5248.51
4.947	5310.23
4.948	5363.34
4.949	5406.95
4.95	5440.23
4.951	5462.36
4.952	5472.61
4.953	5470.32
4.954	5454.96
4.955	5426.13
4.956	5383.59
4.957	5327.28
4.958	5257.35
4.959	5174.14
4.96	5078.24
4.961	4970.45
4.962	4851.8
4.963	4723.51
4.964	4587
4.965	4443.86
4.966	4295.82
4.967	4144.69
4.968	3992.34
4.969	3840.67
4.97	3691.53
4.971	3546.72
4.972	3407.91
4.973	3276.61
4.974	3154.16
4.975	3041.65
4.976	2939.96
4.977	2849.69
4.978	2771.19
4.979	2704.53
4.98	2649.51
4.981	2605.7
4.982	2572.43
4.983	2548.84
4.984	2533.86
4.985	2526.32
4.986	2524.92
4.987	2528.3
4.988	2535.07
4.989	2543.85
4.99	2553.31
4.991	2562.17
4.992	2569.3
4.993	2573.67
4.994	2574.43
4.995	2570.9
4.996	2562.59
4.997	2549.2
4.998	2530.64
4.999	2507.01
5	2478.6
5.001	2445.9
5.002	2409.55
5.003	2370.33
5.004	2329.19
5.005	2287.14
5.006	2245.3
5.007	2204.84
5.008	2166.97
5.009	2132.89
5.01	2103.79
5.011	2080.79
5.012	2064.96
5.013	2057.27
5.014	2058.55
5.015	2069.51
5.016	2090.68
5.017	2122.43
5.018	2164.93
5.019	2218.15
5.02	2281.82
5.021	2355.51
5.022	2438.52
5.023	2529.98
5.024	2628.79
5.025	2733.67
5.026	2843.19
5.027	2955.75
5.028	3069.66
5.029	3183.12
5.03	3294.32
5.031	3401.41
5.032	3502.6
5.033	3596.16
5.034	3680.5
5.035	3754.16
5.036	3815.88
5.037	3864.63
5.038	3899.61
5.039	3920.3
5.04	3926.43
5.041	3918.02
5.042	3895.35
5.043	3858.97
5.044	3809.63
5.045	3748.34
5.046	3676.23
5.047	3594.6
5.048	3504.87
5.049	3408.48
5.05	3306.94
5.051	3201.72
5.052	3094.25
5.053	2985.91
5.054	2877.96
5.055	2771.54
5.056	2667.68
5.057	2567.24
5.058	2470.96
5.059	2379.42
5.06	2293.05
5.061	2212.18
5.062	2136.97
5.063	2067.49
5.064	2003.71
5.065	1945.51
5.066	1892.68
5.067	1844.95
5.068	1802.01
5.069	1763.49
5.07	1728.98
5.071	1698.06
5.072	1670.28
5.073	1645.18
5.074	1622.3
5.075	1601.17
5.076	1581.34
5.077	1562.35
5.078	1543.79
5.079	1525.24
5.08	1506.34
5.081	1486.76
5.082	1466.2
5.083	1444.42
5.084	1421.22
5.085	1396.46
5.086	1370.07
5.087	1342.02
5.088	1312.33
5.089	1281.1
5.09	1248.46
5.091	1214.58
5.092	1179.68
5.093	1144.01
5.094	1107.84
5.095	1071.44
5.096	1035.1
5.097	999.103
5.098	963.699
5.099	929.133
5.1	895.617
5.101	863.326
5.102	832.4
5.103	802.938
5.104	774.999
5.105	748.604
5.106	723.737
5.107	700.355
5.108	678.386
5.109	657.742
5.11	638.327
5.111	620.039
5.112	602.784
5.113	586.481
5.114	571.07
5.115	556.52
5.116	542.833
5.117	530.048
5.118	518.247
5.119	507.555
5.12	498.143
5.121	490.226
5.122	484.059
5.123	479.939
5.124	478.197
5.125	479.191
5.126	483.306
5.127	490.936
5.128	502.484
5.129	518.348
5.13	538.911
5.131	564.527
5.132	595.513
5.133	632.135
5.134	674.592
5.135	723.009
5.136	777.419
5.137	837.756
5.138	903.845
5.139	975.392
5.14	1051.98
5.141	1133.06
5.142	1217.98
5.143	1305.93
5.144	1396.01
5.145	1487.21
5.146	1578.44
5.147	1668.54
5.148	1756.29
5.149	1840.47
5.15	1919.85
5.151	1993.24
5.152	2059.52
5.153	2117.64
5.154	2166.7
5.155	2205.9
5.156	2234.64
5.157	2252.46
5.158	2259.11
5.159	2254.53
5.16	2238.85
5.161	2212.38
5.162	2175.63
5.163	2129.25
5.164	2074.06
5.165	2010.98
5.166	1941.05
5.167	1865.38
5.168	1785.11
5.169	1701.42
5.17	1615.48
5.171	1528.45
5.172	1441.42
5.173	1355.44
5.174	1271.48
5.175	1190.41
5.176	1113.02
5.177	1040.02
5.178	971.992
5.179	909.456
5.18	852.825
5.181	802.433
5.182	758.538
5.183	721.33
5.184	690.937
5.185	667.432
5.186	650.841
5.187	641.146
5.188	638.293
5.189	642.193
5.19	652.723
5.191	669.729
5.192	693.022
5.193	722.382
5.194	757.551
5.195	798.234
5.196	844.093
5.197	894.75
5.198	949.781
5.199	1008.72
5.2	1071.04
5.201	1136.21
5.202	1203.61
5.203	1272.63
5.204	1342.61
5.205	1412.88
5.206	1482.78
5.207	1551.64
5.208	1618.82
5.209	1683.73
5.21	1745.84
5.211	1804.69
5.212	1859.9
5.213	1911.22
5.214	1958.52
5.215	2001.78
5.216	2041.16
5.217	2076.91
5.218	2109.48
5.219	2139.43
5.22	2167.44
5.221	2194.32
5.222	2220.94
5.223	2248.27
5.224	2277.29
5.225	2308.97
5.226	2344.26
5.227	2384.03
5.228	2429.03
5.229	2479.88
5.23	2537.01
5.231	2600.63
5.232	2670.77
5.233	2747.17
5.234	2829.36
5.235	2916.6
5.236	3007.95
5.237	3102.24
5.238	3198.1
5.239	3294.06
5.24	3388.51
5.241	3479.8
5.242	3566.26
5.243	3646.28
5.244	3718.33
5.245	3781.04
5.246	3833.2
5.247	3873.83
5.248	3902.21
5.249	3917.86
5.25	3920.59
5.251	3910.48
5.252	3887.88
5.253	3853.38
5.254	3807.81
5.255	3752.16
5.256	3687.58
5.257	3615.35
5.258	3536.78
5.259	3453.25
5.26	3366.09
5.261	3276.61
5.262	3186.03
5.263	3095.47
5.264	3005.93
5.265	2918.27
5.266	2833.23
5.267	2751.41
5.268	2673.26
5.269	2599.14
5.27	2529.31
5.271	2463.91
5.272	2403.05
5.273	2346.79
5.274	2295.14
5.275	2248.11
5.276	2205.73
5.277	2168
5.278	2134.99
5.279	2106.75
5.28	2083.38
5.281	2064.98
5.282	2051.69
5.283	2043.61
5.284	2040.88
5.285	2043.58
5.286	2051.77
5.287	2065.45
5.288	2084.58
5.289	2109.01
5.29	2138.52
5.291	2172.82
5.292	2211.49
5.293	2254.03
5.294	2299.84
5.295	2348.23
5.296	2398.45
5.297	2449.66
5.298	2500.99
5.299	2551.53
5.3	2600.37
5.301	2646.61
5.302	2689.39
5.303	2727.91
5.304	2761.46
5.305	2789.4
5.306	2811.24
5.307	2826.59
5.308	2835.24
5.309	2837.08
5.31	2832.16
5.311	2820.67
5.312	2802.93
5.313	2779.38
5.314	2750.54
5.315	2717.02
5.316	2679.5
5.317	2638.68
5.318	2595.26
5.319	2549.96
5.32	2503.45
5.321	2456.34
5.322	2409.18
5.323	2362.45
5.324	2316.53
5.325	2271.73
5.326	2228.25
5.327	2186.21
5.328	2145.66
5.329	2106.58
5.33	2068.89
5.331	2032.49
5.332	1997.25
5.333	1963.02
5.334	1929.67
5.335	1897.11
5.336	1865.25
5.337	1834.06
5.338	1803.56
5.339	1773.82
5.34	1744.96
5.341	1717.15
5.342	1690.59
5.343	1665.52
5.344	1642.22
5.345	1620.95
5.346	1602
5.347	1585.62
5.348	1572.06
5.349	1561.51
5.35	1554.12
5.351	1550
5.352	1549.19
5.353	1551.68
5.354	1557.37
5.355	1566.12
5.356	1577.73
5.357	1591.94
5.358	1608.47
5.359	1626.97
5.36	1647.08
5.361	1668.44
5.362	1690.65
5.363	1713.36
5.364	1736.19
5.365	1758.8
5.366	1780.88
5.367	1802.15
5.368	1822.37
5.369	1841.31
5.37	1858.82
5.371	1874.74
5.372	1888.98
5.373	1901.46
5.374	1912.12
5.375	1920.94
5.376	1927.88
5.377	1932.96
5.378	1936.15
5.379	1937.47
5.38	1936.92
5.381	1934.51
5.382	1930.23
5.383	1924.09
5.384	1916.08
5.385	1906.23
5.386	1894.52
5.387	1880.99
5.388	1865.64
5.389	1848.52
5.39	1829.68
5.391	1809.17
5.392	1787.08
5.393	1763.5
5.394	1738.56
5.395	1712.38
5.396	1685.12
5.397	1656.95
5.398	1628.06
5.399	1598.65
5.4	1568.95
5.401	1539.2
5.402	1509.65
5.403	1480.56
5.404	1452.24
5.405	1424.97
5.406	1399.08
5.407	1374.91
5.408	1352.8
5.409	1333.14
5.41	1316.32
5.411	1302.75
5.412	1292.88
5.413	1287.16
5.414	1286.06
5.415	1290.08
5.416	1299.71
5.417	1315.48
5.418	1337.88
5.419	1367.4
5.42	1404.51
5.421	1449.62
5.422	1503.11
5.423	1565.27
5.424	1636.28
5.425	1716.24
5.426	1805.08
5.427	1902.6
5.428	2008.44
5.429	2122.02
5.43	2242.61
5.431	2369.27
5.432	2500.84
5.433	2636.01
5.434	2773.28
5.435	2910.98
5.436	3047.34
5.437	3180.48
5.438	3308.45
5.439	3429.31
5.44	3541.15
5.441	3642.12
5.442	3730.5
5.443	3804.77
5.444	3863.58
5.445	3905.87
5.446	3930.84
5.447	3938.02
5.448	3927.25
5.449	3898.71
5.45	3852.89
5.451	3790.64
5.452	3713.06
5.453	3621.57
5.454	3517.8
5.455	3403.59
5.456	3280.92
5.457	3151.89
5.458	3018.68
5.459	2883.45
5.46	2748.34
5.461	2615.43
5.462	2486.66
5.463	2363.86
5.464	2248.65
5.465	2142.47
5.466	2046.55
5.467	1961.9
5.468	1889.27
5.469	1829.2
5.47	1782.02
5.471	1747.8
5.472	1726.44
5.473	1717.62
5.474	1720.85
5.475	1735.46
5.476	1760.65
5.477	1795.48
5.478	1838.92
5.479	1889.81
5.48	1946.95
5.481	2009.06
5.482	2074.84
5.483	2142.96
5.484	2212.08
5.485	2280.89
5.486	2348.11
5.487	2412.5
5.488	2472.89
5.489	2528.19
5.49	2577.41
5.491	2619.66
5.492	2654.19
5.493	2680.35
5.494	2697.67
5.495	2705.78
5.496	2704.48
5.497	2693.73
5.498	2673.61
5.499	2644.34
5.5	2606.31
5.501	2559.98
5.502	2505.96
5.503	2444.93
5.504	2377.67
5.505	2305.01
5.506	2227.82
5.507	2147.02
5.508	2063.52
5.509	1978.25
5.51	1892.11
5.511	1805.97
5.512	1720.65
5.513	1636.94
5.514	1555.56
5.515	1477.18
5.516	1402.4
5.517	1331.77
5.518	1265.76
5.519	1204.81
5.52	1149.28
5.521	1099.51
5.522	1055.78
5.523	1018.34
5.524	987.409
5.525	963.167
5.526	945.776
5.527	935.368
5.528	932.05
5.529	935.896
5.53	946.95
5.531	965.215
5.532	990.65
5.533	1023.16
5.534	1062.61
5.535	1108.76
5.536	1161.34
5.537	1219.99
5.538	1284.24
5.539	1353.58
5.54	1427.38
5.541	1504.95
5.542	1585.52
5.543	1668.22
5.544	1752.16
5.545	1836.36
5.546	1919.83
5.547	2001.54
5.548	2080.47
5.549	2155.59
5.55	2225.93
5.551	2290.54
5.552	2348.57
5.553	2399.23
5.554	2441.84
5.555	2475.86
5.556	2500.85
5.557	2516.52
5.558	2522.74
5.559	2519.51
5.56	2507
5.561	2485.51
5.562	2455.5
5.563	2417.53
5.564	2372.31
5.565	2320.63
5.566	2263.36
5.567	2201.45
5.568	2135.88
5.569	2067.64
5.57	1997.73
5.571	1927.12
5.572	1856.74
5.573	1787.44
5.574	1720.02
5.575	1655.15
5.576	1593.44
5.577	1535.35
5.578	1481.25
5.579	1431.38
5.58	1385.89
5.581	1344.8
5.582	1308.05
5.583	1275.46
5.584	1246.79
5.585	1221.75
5.586	1199.97
5.587	1181.04
5.588	1164.56
5.589	1150.08
5.59	1137.18
5.591	1125.44
5.592	1114.48
5.593	1103.94
5.594	1093.54
5.595	1083.02
5.596	1072.2
5.597	1060.96
5.598	1049.24
5.599	1037.07
5.6	1024.53
5.601	1011.78
5.602	999.05
5.603	986.616
5.604	974.818
5.605	964.047
5.606	954.731
5.607	947.332
5.608	942.332
5.609	940.224
5.61	941.498
5.611	946.63
5.612	956.069
5.613	970.224
5.614	989.445
5.615	1014.02
5.616	1044.15
5.617	1079.96
5.618	1121.44
5.619	1168.51
5.62	1220.95
5.621	1278.42
5.622	1340.46
5.623	1406.49
5.624	1475.84
5.625	1547.69
5.626	1621.18
5.627	1695.34
5.628	1769.16
5.629	1841.59
5.63	1911.59
5.631	1978.12
5.632	2040.19
5.633	2096.87
5.634	2147.34
5.635	2190.9
5.636	2226.97
5.637	2255.14
5.638	2275.16
5.639	2286.98
5.64	2290.69
5.641	2286.58
5.642	2275.1
5.643	2256.87
5.644	2232.63
5.645	2203.25
5.646	2169.68
5.647	2132.97
5.648	2094.18
5.649	2054.4
5.65	2014.7
5.651	1976.12
5.652	1939.63
5.653	1906.13
5.654	1876.42
5.655	1851.18
5.656	1831
5.657	1816.32
5.658	1807.46
5.659	1804.63
5.66	1807.9
5.661	1817.25
5.662	1832.54
5.663	1853.53
5.664	1879.91
5.665	1911.28
5.666	1947.18
5.667	1987.1
5.668	2030.46
5.669	2076.66
5.67	2125.04
5.671	2174.94
5.672	2225.65
5.673	2276.46
5.674	2326.64
5.675	2375.47
5.676	2422.23
5.677	2466.21
5.678	2506.73
5.679	2543.14
5.68	2574.84
5.681	2601.3
5.682	2622.04
5.683	2636.69
5.684	2644.96
5.685	2646.67
5.686	2641.75
5.687	2630.26
5.688	2612.37
5.689	2588.39
5.69	2558.75
5.691	2523.99
5.692	2484.75
5.693	2441.79
5.694	2395.93
5.695	2348.06
5.696	2299.12
5.697	2250.06
5.698	2201.84
5.699	2155.38
5.7	2111.58
5.701	2071.22
5.702	2035.05
5.703	2003.65
5.704	1977.5
5.705	1956.93
5.706	1942.12
5.707	1933.08
5.708	1929.66
5.709	1931.56
5.71	1938.3
5.711	1949.28
5.712	1963.78
5.713	1980.95
5.714	1999.88
5.715	2019.59
5.716	2039.09
5.717	2057.39
5.718	2073.51
5.719	2086.56
5.72	2095.74
5.721	2100.36
5.722	2099.86
5.723	2093.87
5.724	2082.16
5.725	2064.71
5.726	2041.66
5.727	2013.38
5.728	1980.38
5.729	1943.37
5.73	1903.24
5.731	1860.99
5.732	1817.79
5.733	1774.89
5.734	1733.63
5.735	1695.44
5.736	1661.75
5.737	1634.01
5.738	1613.68
5.739	1602.16
5.74	1600.77
5.741	1610.75
5.742	1633.22
5.743	1669.15
5.744	1719.35
5.745	1784.41
5.746	1864.74
5.747	1960.5
5.748	2071.6
5.749	2197.69
5.75	2338.16
5.751	2492.13
5.752	2658.45
5.753	2835.73
5.754	3022.33
5.755	3216.41
5.756	3415.94
5.757	3618.74
5.758	3822.55
5.759	4025.04
5.76	4223.85
5.761	4416.69
5.762	4601.34
5.763	4775.71
5.764	4937.91
5.765	5086.24
5.766	5219.25
5.767	5335.76
5.768	5434.88
5.769	5516.01
5.77	5578.83
5.771	5623.32
5.772	5649.71
5.773	5658.48
5.774	5650.32
5.775	5626.12
5.776	5586.9
5.777	5533.81
5.778	5468.09
5.779	5391.01
5.78	5303.9
5.781	5208.04
5.782	5104.71
5.783	4995.14
5.784	4880.5
5.785	4761.88
5.786	4640.3
5.787	4516.69
5.788	4391.9
5.789	4266.69
5.79	4141.74
5.791	4017.65
5.792	3894.96
5.793	3774.13
5.794	3655.56
5.795	3539.59
5.796	3426.52
5.797	3316.62
5.798	3210.1
5.799	3107.17
5.8	3008.01
5.801	2912.79
5.802	2821.7
5.803	2734.92
5.804	2652.65
5.805	2575.12
5.806	2502.6
5.807	2435.35
5.808	2373.72
5.809	2318.04
5.81	2268.7
5.811	2226.1
5.812	2190.67
5.813	2162.8
5.814	2142.92
5.815	2131.38
5.816	2128.51
5.817	2134.57
5.818	2149.72
5.819	2174.03
5.82	2207.44
5.821	2249.75
5.822	2300.64
5.823	2359.61
5.824	2425.98
5.825	2498.96
5.826	2577.55
5.827	2660.64
5.828	2746.96
5.829	2835.13
5.83	2923.69
5.831	3011.08
5.832	3095.72
5.833	3175.99
5.834	3250.33
5.835	3317.19
5.836	3375.12
5.837	3422.8
5.838	3459.03
5.839	3482.79
5.84	3493.26
5.841	3489.82
5.842	3472.1
5.843	3439.95
5.844	3393.46
5.845	3332.95
5.846	3259
5.847	3172.39
5.848	3074.08
5.849	2965.23
5.85	2847.15
5.851	2721.26
5.852	2589.05
5.853	2452.11
5.854	2311.99
5.855	2170.28
5.856	2028.49
5.857	1888.08
5.858	1750.41
5.859	1616.71
5.86	1488.08
5.861	1365.49
5.862	1249.74
5.863	1141.49
5.864	1041.24
5.865	949.357
5.866	866.05
5.867	791.424
5.868	725.47
5.869	668.083
5.87	619.084
5.871	578.23
5.872	545.231
5.873	519.763
5.874	501.482
5.875	490.027
5.876	485.034
5.877	486.135
5.878	492.963
5.879	505.153
5.88	522.336
5.881	544.139
5.882	570.181
5.883	600.068
5.884	633.388
5.885	669.708
5.886	708.573
5.887	749.501
5.888	791.988
5.889	835.509
5.89	879.521
5.891	923.473
5.892	966.813
5.893	1009
5.894	1049.51
5.895	1087.85
5.896	1123.57
5.897	1156.29
5.898	1185.67
5.899	1211.47
5.9	1233.52
5.901	1251.72
5.902	1266.07
5.903	1276.65
5.904	1283.64
5.905	1287.25
5.906	1287.81
5.907	1285.65
5.908	1281.17
5.909	1274.79
5.91	1266.96
5.911	1258.09
5.912	1248.63
5.913	1238.96
5.914	1229.44
5.915	1220.41
5.916	1212.14
5.917	1204.84
5.918	1198.69
5.919	1193.8
5.92	1190.24
5.921	1188.04
5.922	1187.18
5.923	1187.6
5.924	1189.24
5.925	1191.99
5.926	1195.76
5.927	1200.43
5.928	1205.88
5.929	1212.02
5.93	1218.74
5.931	1225.97
5.932	1233.64
5.933	1241.7
5.934	1250.1
5.935	1258.83
5.936	1267.9
5.937	1277.31
5.938	1287.11
5.939	1297.35
5.94	1308.1
5.941	1319.46
5.942	1331.56
5.943	1344.54
5.944	1358.61
5.945	1373.96
5.946	1390.87
5.947	1409.62
5.948	1430.54
5.949	1454
5.95	1480.38
5.951	1510.1
5.952	1543.58
5.953	1581.22
5.954	1623.41
5.955	1670.5
5.956	1722.77
5.957	1780.41
5.958	1843.51
5.959	1912.05
5.96	1985.84
5.961	2064.55
5.962	2147.69
5.963	2234.58
5.964	2324.4
5.965	2416.16
5.966	2508.74
5.967	2600.9
5.968	2691.3
5.969	2778.57
5.97	2861.28
5.971	2938.07
5.972	3007.6
5.973	3068.63
5.974	3120.06
5.975	3160.96
5.976	3190.57
5.977	3208.36
5.978	3214.02
5.979	3207.46
5.98	3188.83
5.981	3158.51
5.982	3117.07
5.983	3065.3
5.984	3004.15
5.985	2934.72
5.986	2858.24
5.987	2776.02
5.988	2689.44
5.989	2599.93
5.99	2508.94
5.991	2417.91
5.992	2328.25
5.993	2241.32
5.994	2158.45
5.995	2080.87
5.996	2009.72
5.997	1946.06
5.998	1890.82
5.999	1844.79
6	1808.66
6.001	1782.93
6.002	1767.96
6.003	1763.92
6.004	1770.82
6.005	1788.46
6.006	1816.44
6.007	1854.17
6.008	1900.87
6.009	1955.57
6.01	2017.11
6.011	2084.19
6.012	2155.36
6.013	2229.07
6.014	2303.71
6.015	2377.62
6.016	2449.14
6.017	2516.68
6.018	2578.7
6.019	2633.83
6.02	2680.82
6.021	2718.66
6.022	2746.52
6.023	2763.86
6.024	2770.35
6.025	2765.95
6.026	2750.88
6.027	2725.6
6.028	2690.8
6.029	2647.37
6.03	2596.41
6.031	2539.11
6.032	2476.81
6.033	2410.89
6.034	2342.77
6.035	2273.86
6.036	2205.54
6.037	2139.1
6.038	2075.73
6.039	2016.51
6.04	1962.37
6.041	1914.08
6.042	1872.27
6.043	1837.38
6.044	1809.69
6.045	1789.32
6.046	1776.23
6.047	1770.23
6.048	1771.01
6.049	1778.12
6.05	1790.99
6.051	1808.97
6.052	1831.33
6.053	1857.26
6.054	1885.93
6.055	1916.47
6.056	1947.99
6.057	1979.63
6.058	2010.54
6.059	2039.92
6.06	2067.05
6.061	2091.28
6.062	2112.04
6.063	2128.9
6.064	2141.54
6.065	2149.74
6.066	2153.46
6.067	2152.76
6.068	2147.84
6.069	2139
6.07	2126.69
6.071	2111.41
6.072	2093.78
6.073	2074.44
6.074	2054.07
6.075	2033.38
6.076	2013.03
6.077	1993.66
6.078	1975.85
6.079	1960.08
6.08	1946.73
6.081	1936.09
6.082	1928.3
6.083	1923.37
6.084	1921.19
6.085	1921.53
6.086	1924.03
6.087	1928.24
6.088	1933.6
6.089	1939.51
6.09	1945.3
6.091	1950.29
6.092	1953.79
6.093	1955.13
6.094	1953.71
6.095	1948.95
6.096	1940.4
6.097	1927.68
6.098	1910.52
6.099	1888.78
6.1	1862.45
6.101	1831.63
6.102	1796.55
6.103	1757.56
6.104	1715.13
6.105	1669.82
6.106	1622.28
6.107	1573.23
6.108	1523.44
6.109	1473.74
6.11	1424.96
6.111	1377.92
6.112	1333.45
6.113	1292.31
6.114	1255.22
6.115	1222.82
6.116	1195.66
6.117	1174.17
6.118	1158.69
6.119	1149.4
6.12	1146.37
6.121	1149.53
6.122	1158.64
6.123	1173.36
6.124	1193.2
6.125	1217.54
6.126	1245.69
6.127	1276.82
6.128	1310.06
6.129	1344.49
6.13	1379.16
6.131	1413.13
6.132	1445.48
6.133	1475.35
6.134	1501.96
6.135	1524.63
6.136	1542.83
6.137	1556.13
6.138	1564.29
6.139	1567.21
6.14	1564.98
6.141	1557.83
6.142	1546.16
6.143	1530.52
6.144	1511.57
6.145	1490.1
6.146	1466.97
6.147	1443.1
6.148	1419.47
6.149	1397.05
6.15	1376.77
6.151	1359.57
6.152	1346.28
6.153	1337.68
6.154	1334.44
6.155	1337.1
6.156	1346.12
6.157	1361.81
6.158	1384.35
6.159	1413.8
6.16	1450.1
6.161	1493.07
6.162	1542.4
6.163	1597.7
6.164	1658.47
6.165	1724.1
6.166	1793.94
6.167	1867.23
6.168	1943.17
6.169	2020.9
6.17	2099.5
6.171	2178.04
6.172	2255.53
6.173	2330.99
6.174	2403.43
6.175	2471.86
6.176	2535.31
6.177	2592.85
6.178	2643.58
6.179	2686.69
6.18	2721.41
6.181	2747.09
6.182	2763.17
6.183	2769.21
6.184	2764.89
6.185	2750.02
6.186	2724.57
6.187	2688.63
6.188	2642.43
6.189	2586.38
6.19	2520.97
6.191	2446.86
6.192	2364.79
6.193	2275.62
6.194	2180.29
6.195	2079.81
6.196	1975.21
6.197	1867.58
6.198	1758
6.199	1647.54
6.2	1537.25
6.201	1428.14
6.202	1321.14
6.203	1217.13
6.204	1116.92
6.205	1021.21
6.206	930.633
6.207	845.737
6.208	766.973
6.209	694.715
6.21	629.259
6.211	570.834
6.212	519.604
6.213	475.682
6.214	439.134
6.215	409.992
6.216	388.257
6.217	373.908
6.218	366.906
6.219	367.199
6.22	374.722
6.221	389.399
6.222	411.141
6.223	439.845
6.224	475.387
6.225	517.617
6.226	566.355
6.227	621.383
6.228	682.439
6.229	749.206
6.23	821.314
6.231	898.326
6.232	979.739
6.233	1064.98
6.234	1153.42
6.235	1244.33
6.236	1336.94
6.237	1430.42
6.238	1523.9
6.239	1616.44
6.24	1707.09
6.241	1794.91
6.242	1878.94
6.243	1958.25
6.244	2031.95
6.245	2099.23
6.246	2159.34
6.247	2211.63
6.248	2255.59
6.249	2290.82
6.25	2317.05
6.251	2334.17
6.252	2342.24
6.253	2341.46
6.254	2332.16
6.255	2314.83
6.256	2290.1
6.257	2258.69
6.258	2221.41
6.259	2179.16
6.26	2132.87
6.261	2083.48
6.262	2031.94
6.263	1979.16
6.264	1925.98
6.265	1873.17
6.266	1821.4
6.267	1771.24
6.268	1723.12
6.269	1677.34
6.27	1634.09
6.271	1593.42
6.272	1555.27
6.273	1519.5
6.274	1485.85
6.275	1454.01
6.276	1423.65
6.277	1394.38
6.278	1365.83
6.279	1337.67
6.28	1309.58
6.281	1281.33
6.282	1252.74
6.283	1223.74
6.284	1194.32
6.285	1164.6
6.286	1134.76
6.287	1105.09
6.288	1075.93
6.289	1047.7
6.29	1020.86
6.291	995.914
6.292	973.354
6.293	953.675
6.294	937.341
6.295	924.77
6.296	916.315
6.297	912.249
6.298	912.757
6.299	917.92
6.3	927.715
6.301	942.007
6.302	960.552
6.303	983.002
6.304	1008.91
6.305	1037.74
6.306	1068.89
6.307	1101.68
6.308	1135.4
6.309	1169.33
6.31	1202.73
6.311	1234.89
6.312	1265.12
6.313	1292.8
6.314	1317.41
6.315	1338.48
6.316	1355.68
6.317	1368.78
6.318	1377.7
6.319	1382.46
6.32	1383.25
6.321	1380.35
6.322	1374.18
6.323	1365.28
6.324	1354.27
6.325	1341.86
6.326	1328.81
6.327	1315.94
6.328	1304.07
6.329	1294.03
6.33	1286.6
6.331	1282.54
6.332	1282.54
6.333	1287.18
6.334	1296.99
6.335	1312.35
6.336	1333.53
6.337	1360.7
6.338	1393.89
6.339	1432.98
6.34	1477.78
6.341	1527.96
6.342	1583.06
6.343	1642.58
6.344	1705.88
6.345	1772.28
6.346	1841.05
6.347	1911.41
6.348	1982.56
6.349	2053.69
6.35	2124
6.351	2192.73
6.352	2259.13
6.353	2322.53
6.354	2382.32
6.355	2437.97
6.356	2489.02
6.357	2535.12
6.358	2576
6.359	2611.49
6.36	2641.5
6.361	2666.04
6.362	2685.2
6.363	2699.11
6.364	2707.98
6.365	2712.03
6.366	2711.54
6.367	2706.77
6.368	2697.99
6.369	2685.45
6.37	2669.38
6.371	2649.96
6.372	2627.36
6.373	2601.67
6.374	2572.97
6.375	2541.31
6.376	2506.68
6.377	2469.08
6.378	2428.47
6.379	2384.85
6.38	2338.2
6.381	2288.53
6.382	2235.9
6.383	2180.39
6.384	2122.13
6.385	2061.31
6.386	1998.18
6.387	1933.02
6.388	1866.19
6.389	1798.07
6.39	1729.08
6.391	1659.69
6.392	1590.36
6.393	1521.59
6.394	1453.83
6.395	1387.58
6.396	1323.27
6.397	1261.31
6.398	1202.08
6.399	1145.91
6.4	1093.07
6.401	1043.78
6.402	998.206
6.403	956.452
6.404	918.57
6.405	884.558
6.406	854.363
6.407	827.889
6.408	805.001
6.409	785.53
6.41	769.28
6.411	756.033
6.412	745.557
6.413	737.61
6.414	731.943
6.415	728.306
6.416	726.452
6.417	726.136
6.418	727.119
6.419	729.169
6.42	732.061
6.421	735.574
6.422	739.495
6.423	743.618
6.424	747.738
6.425	751.661
6.426	755.194
6.427	758.153
6.428	760.363
6.429	761.657
6.43	761.884
6.431	760.909
6.432	758.616
6.433	754.915
6.434	749.741
6.435	743.063
6.436	734.882
6.437	725.236
6.438	714.199
6.439	701.884
6.44	688.438
6.441	674.043
6.442	658.909
6.443	643.273
6.444	627.389
6.445	611.524
6.446	595.951
6.447	580.937
6.448	566.742
6.449	553.607
6.45	541.751
6.451	531.36
6.452	522.59
6.453	515.556
6.454	510.336
6.455	506.967
6.456	505.448
6.457	505.742
6.458	507.777
6.459	511.455
6.46	516.654
6.461	523.234
6.462	531.045
6.463	539.936
6.464	549.754
6.465	560.359
6.466	571.625
6.467	583.445
6.468	595.739
6.469	608.454
6.47	621.569
6.471	635.093
6.472	649.071
6.473	663.575
6.474	678.711
6.475	694.607
6.476	711.412
6.477	729.293
6.478	748.423
6.479	768.976
6.48	791.122
6.481	815.013
6.482	840.779
6.483	868.518
6.484	898.29
6.485	930.11
6.486	963.943
6.487	999.696
6.488	1037.22
6.489	1076.32
6.49	1116.73
6.491	1158.14
6.492	1200.19
6.493	1242.49
6.494	1284.6
6.495	1326.07
6.496	1366.45
6.497	1405.27
6.498	1442.09
6.499	1476.47
6.5	1508.02
6.501	1536.39
6.502	1561.26
6.503	1582.39
6.504	1599.57
6.505	1612.66
6.506	1621.6
6.507	1626.34
6.508	1626.94
6.509	1623.47
6.51	1616.05
6.511	1604.88
6.512	1590.13
6.513	1572.06
6.514	1550.92
6.515	1526.99
6.516	1500.56
6.517	1471.95
6.518	1441.47
6.519	1409.44
6.52	1376.21
6.521	1342.11
6.522	1307.51
6.523	1272.77
6.524	1238.25
6.525	1204.35
6.526	1171.43
6.527	1139.91
6.528	1110.18
6.529	1082.64
6.53	1057.67
6.531	1035.67
6.532	1017.01
6.533	1002.01
6.534	990.998
6.535	984.241
6.536	981.96
6.537	984.322
6.538	991.428
6.539	1003.31
6.54	1019.91
6.541	1041.12
6.542	1066.71
6.543	1096.41
6.544	1129.83
6.545	1166.54
6.546	1206.01
6.547	1247.69
6.548	1290.93
6.549	1335.1
6.55	1379.51
6.551	1423.49
6.552	1466.37
6.553	1507.5
6.554	1546.29
6.555	1582.17
6.556	1614.68
6.557	1643.41
6.558	1668.03
6.559	1688.3
6.56	1704.08
6.561	1715.29
6.562	1721.97
6.563	1724.2
6.564	1722.15
6.565	1716.05
6.566	1706.17
6.567	1692.83
6.568	1676.37
6.569	1657.15
6.57	1635.54
6.571	1611.91
6.572	1586.61
6.573	1559.99
6.574	1532.38
6.575	1504.09
6.576	1475.4
6.577	1446.56
6.578	1417.82
6.579	1389.38
6.58	1361.45
6.581	1334.18
6.582	1307.74
6.583	1282.26
6.584	1257.85
6.585	1234.62
6.586	1212.66
6.587	1192.03
6.588	1172.78
6.589	1154.96
6.59	1138.56
6.591	1123.6
6.592	1110.06
6.593	1097.9
6.594	1087.09
6.595	1077.57
6.596	1069.29
6.597	1062.2
6.598	1056.25
6.599	1051.42
6.6	1047.7
6.601	1045.12
6.602	1043.72
6.603	1043.62
6.604	1044.94
6.605	1047.88
6.606	1052.66
6.607	1059.56
6.608	1068.87
6.609	1080.94
6.61	1096.12
6.611	1114.75
6.612	1137.2
6.613	1163.79
6.614	1194.8
6.615	1230.47
6.616	1270.97
6.617	1316.37
6.618	1366.67
6.619	1421.76
6.62	1481.41
6.621	1545.3
6.622	1612.99
6.623	1683.94
6.624	1757.5
6.625	1832.94
6.626	1909.48
6.627	1986.25
6.628	2062.35
6.629	2136.87
6.63	2208.9
6.631	2277.52
6.632	2341.88
6.633	2401.17
6.634	2454.65
6.635	2501.65
6.636	2541.62
6.637	2574.09
6.638	2598.71
6.639	2615.23
6.64	2623.53
6.641	2623.6
6.642	2615.51
6.643	2599.47
6.644	2575.75
6.645	2544.72
6.646	2506.83
6.647	2462.57
6.648	2412.51
6.649	2357.23
6.65	2297.36
6.651	2233.54
6.652	2166.41
6.653	2096.62
6.654	2024.8
6.655	1951.56
6.656	1877.51
6.657	1803.19
6.658	1729.17
6.659	1655.93
6.66	1583.97
6.661	1513.72
6.662	1445.6
6.663	1380.01
6.664	1317.29
6.665	1257.79
6.666	1201.81
6.667	1149.64
6.668	1101.52
6.669	1057.67
6.67	1018.3
6.671	983.537
6.672	953.508
6.673	928.275
6.674	907.855
6.675	892.21
6.676	881.247
6.677	874.817
6.678	872.709
6.679	874.658
6.68	880.347
6.681	889.409
6.682	901.442
6.683	916.012
6.684	932.666
6.685	950.949
6.686	970.411
6.687	990.625
6.688	1011.2
6.689	1031.79
6.69	1052.1
6.691	1071.93
6.692	1091.11
6.693	1109.59
6.694	1127.37
6.695	1144.54
6.696	1161.24
6.697	1177.69
6.698	1194.15
6.699	1210.92
6.7	1228.31
6.701	1246.65
6.702	1266.25
6.703	1287.4
6.704	1310.33
6.705	1335.23
6.706	1362.24
6.707	1391.41
6.708	1422.71
6.709	1456.05
6.71	1491.25
6.711	1528.08
6.712	1566.22
6.713	1605.34
6.714	1645.04
6.715	1684.91
6.716	1724.54
6.717	1763.52
6.718	1801.48
6.719	1838.06
6.72	1872.97
6.721	1905.96
6.722	1936.86
6.723	1965.56
6.724	1992.01
6.725	2016.23
6.726	2038.29
6.727	2058.32
6.728	2076.48
6.729	2092.96
6.73	2107.95
6.731	2121.65
6.732	2134.26
6.733	2145.95
6.734	2156.83
6.735	2167.02
6.736	2176.54
6.737	2185.41
6.738	2193.56
6.739	2200.91
6.74	2207.33
6.741	2212.62
6.742	2216.6
6.743	2219.05
6.744	2219.72
6.745	2218.4
6.746	2214.84
6.747	2208.83
6.748	2200.17
6.749	2188.7
6.75	2174.25
6.751	2156.72
6.752	2136.02
6.753	2112.08
6.754	2084.9
6.755	2054.48
6.756	2020.85
6.757	1984.08
6.758	1944.25
6.759	1901.49
6.76	1855.93
6.761	1807.75
6.762	1757.11
6.763	1704.22
6.764	1649.32
6.765	1592.62
6.766	1534.41
6.767	1474.93
6.768	1414.46
6.769	1353.3
6.77	1291.73
6.771	1230.04
6.772	1168.52
6.773	1107.45
6.774	1047.1
6.775	987.728
6.776	929.587
6.777	872.901
6.778	817.881
6.779	764.721
6.78	713.592
6.781	664.649
6.782	618.027
6.783	573.847
6.784	532.214
6.785	493.219
6.786	456.945
6.787	423.467
6.788	392.856
6.789	365.181
6.79	340.51
6.791	318.918
6.792	300.486
6.793	285.302
6.794	273.465
6.795	265.087
6.796	260.294
6.797	259.222
6.798	262.025
6.799	268.864
6.8	279.914
6.801	295.353
6.802	315.366
6.803	340.132
6.804	369.823
6.805	404.598
6.806	444.59
6.807	489.903
6.808	540.601
6.809	596.701
6.81	658.161
6.811	724.877
6.812	796.672
6.813	873.292
6.814	954.402
6.815	1039.58
6.816	1128.34
6.817	1220.07
6.818	1314.14
6.819	1409.8
6.82	1506.26
6.821	1602.69
6.822	1698.2
6.823	1791.91
6.824	1882.91
6.825	1970.31
6.826	2053.26
6.827	2130.92
6.828	2202.57
6.829	2267.51
6.83	2325.16
6.831	2375.05
6.832	2416.8
6.833	2450.17
6.834	2475.03
6.835	2491.39
6.836	2499.37
6.837	2499.23
6.838	2491.35
6.839	2476.19
6.84	2454.35
6.841	2426.49
6.842	2393.34
6.843	2355.69
6.844	2314.38
6.845	2270.24
6.846	2224.11
6.847	2176.83
6.848	2129.18
6.849	2081.87
6.85	2035.58
6.851	1990.86
6.852	1948.2
6.853	1907.96
6.854	1870.4
6.855	1835.68
6.856	1803.84
6.857	1774.81
6.858	1748.42
6.859	1724.44
6.86	1702.55
6.861	1682.36
6.862	1663.46
6.863	1645.41
6.864	1627.77
6.865	1610.09
6.866	1591.97
6.867	1573.04
6.868	1553
6.869	1531.6
6.87	1508.67
6.871	1484.13
6.872	1457.96
6.873	1430.24
6.874	1401.11
6.875	1370.82
6.876	1339.63
6.877	1307.88
6.878	1275.96
6.879	1244.27
6.88	1213.21
6.881	1183.19
6.882	1154.6
6.883	1127.81
6.884	1103.11
6.885	1080.77
6.886	1060.97
6.887	1043.84
6.888	1029.4
6.889	1017.63
6.89	1008.42
6.891	1001.59
6.892	996.874
6.893	993.982
6.894	992.555
6.895	992.206
6.896	992.522
6.897	993.083
6.898	993.467
6.899	993.272
6.9	992.119
6.901	989.669
6.902	985.628
6.903	979.757
6.904	971.874
6.905	961.864
6.906	949.671
6.907	935.307
6.908	918.845
6.909	900.414
6.91	880.199
6.911	858.432
6.912	835.385
6.913	811.364
6.914	786.698
6.915	761.739
6.916	736.845
6.917	712.381
6.918	688.707
6.919	666.176
6.92	645.125
6.921	625.876
6.922	608.724
6.923	593.94
6.924	581.768
6.925	572.418
6.926	566.069
6.927	562.864
6.928	562.911
6.929	566.283
6.93	573.012
6.931	583.094
6.932	596.489
6.933	613.115
6.934	632.856
6.935	655.559
6.936	681.036
6.937	709.069
6.938	739.408
6.939	771.781
6.94	805.894
6.941	841.438
6.942	878.094
6.943	915.54
6.944	953.46
6.945	991.548
6.946	1029.51
6.947	1067.1
6.948	1104.06
6.949	1140.21
6.95	1175.4
6.951	1209.51
6.952	1242.47
6.953	1274.28
6.954	1304.96
6.955	1334.59
6.956	1363.27
6.957	1391.14
6.958	1418.39
6.959	1445.2
6.96	1471.76
6.961	1498.29
6.962	1524.97
6.963	1551.98
6.964	1579.47
6.965	1607.57
6.966	1636.35
6.967	1665.83
6.968	1696.01
6.969	1726.8
6.97	1758.08
6.971	1789.66
6.972	1821.31
6.973	1852.73
6.974	1883.58
6.975	1913.49
6.976	1942.06
6.977	1968.85
6.978	1993.43
6.979	2015.37
6.98	2034.23
6.981	2049.62
6.982	2061.18
6.983	2068.61
6.984	2071.66
6.985	2070.16
6.986	2064.02
6.987	2053.23
6.988	2037.89
6.989	2018.18
6.99	1994.37
6.991	1966.84
6.992	1936.02
6.993	1902.44
6.994	1866.67
6.995	1829.34
6.996	1791.1
6.997	1752.62
6.998	1714.55
6.999	1677.56
7	1642.23
7.001	1609.13
7.002	1578.75
7.003	1551.51
7.004	1527.74
7.005	1507.7
7.006	1491.54
7.007	1479.34
7.008	1471.06
7.009	1466.63
7.01	1465.87
7.011	1468.56
7.012	1474.4
7.013	1483.08
7.014	1494.25
7.015	1507.54
7.016	1522.58
7.017	1539
7.018	1556.45
7.019	1574.6
7.02	1593.15
7.021	1611.83
7.022	1630.4
7.023	1648.66
7.024	1666.43
7.025	1683.6
7.026	1700.04
7.027	1715.67
7.028	1730.44
7.029	1744.29
7.03	1757.17
7.031	1769.06
7.032	1779.93
7.033	1789.72
7.034	1798.4
7.035	1805.92
7.036	1812.21
7.037	1817.19
7.038	1820.8
7.039	1822.93
7.04	1823.5
7.041	1822.41
7.042	1819.57
7.043	1814.88
7.044	1808.25
7.045	1799.61
7.046	1788.91
7.047	1776.08
7.048	1761.1
7.049	1743.96
7.05	1724.67
7.051	1703.26
7.052	1679.79
7.053	1654.34
7.054	1627.01
7.055	1597.92
7.056	1567.23
7.057	1535.11
7.058	1501.76
7.059	1467.39
7.06	1432.24
7.061	1396.56
7.062	1360.63
7.063	1324.72
7.064	1289.13
7.065	1254.14
7.066	1220.04
7.067	1187.13
7.068	1155.67
7.069	1125.92
7.07	1098.1
7.071	1072.42
7.072	1049.04
7.073	1028.1
7.074	1009.68
7.075	993.837
7.076	980.569
7.077	969.843
7.078	961.582
7.079	955.675
7.08	951.975
7.081	950.309
7.082	950.482
7.083	952.281
7.084	955.485
7.085	959.867
7.086	965.202
7.087	971.274
7.088	977.88
7.089	984.832
7.09	991.969
7.091	999.151
7.092	1006.27
7.093	1013.25
7.094	1020.06
7.095	1026.68
7.096	1033.15
7.097	1039.56
7.098	1046.01
7.099	1052.67
7.1	1059.73
7.101	1067.42
7.102	1076.02
7.103	1085.82
7.104	1097.15
7.105	1110.34
7.106	1125.74
7.107	1143.69
7.108	1164.52
7.109	1188.5
7.11	1215.9
7.111	1246.89
7.112	1281.6
7.113	1320.06
7.114	1362.19
7.115	1407.83
7.116	1456.69
7.117	1508.37
7.118	1562.35
7.119	1618.02
7.12	1674.66
7.121	1731.46
7.122	1787.55
7.123	1842.04
7.124	1893.97
7.125	1942.44
7.126	1986.54
7.127	2025.45
7.128	2058.42
7.129	2084.84
7.13	2104.19
7.131	2116.15
7.132	2120.51
7.133	2117.27
7.134	2106.59
7.135	2088.77
7.136	2064.28
7.137	2033.75
7.138	1997.89
7.139	1957.53
7.14	1913.55
7.141	1866.89
7.142	1818.49
7.143	1769.26
7.144	1720.1
7.145	1671.81
7.146	1625.12
7.147	1580.66
7.148	1538.94
7.149	1500.33
7.15	1465.1
7.151	1433.37
7.152	1405.16
7.153	1380.36
7.154	1358.76
7.155	1340.07
7.156	1323.92
7.157	1309.89
7.158	1297.52
7.159	1286.31
7.16	1275.78
7.161	1265.45
7.162	1254.85
7.163	1243.55
7.164	1231.17
7.165	1217.38
7.166	1201.9
7.167	1184.53
7.168	1165.11
7.169	1143.55
7.17	1119.84
7.171	1094.01
7.172	1066.13
7.173	1036.36
7.174	1004.88
7.175	971.897
7.176	937.668
7.177	902.465
7.178	866.58
7.179	830.315
7.18	793.979
7.181	757.88
7.182	722.323
7.183	687.604
7.184	654.007
7.185	621.798
7.186	591.228
7.187	562.527
7.188	535.899
7.189	511.527
7.19	489.567
7.191	470.15
7.192	453.377
7.193	439.322
7.194	428.032
7.195	419.524
7.196	413.789
7.197	410.788
7.198	410.46
7.199	412.718
7.2	417.454
7.201	424.539
7.202	433.829
7.203	445.168
7.204	458.39
7.205	473.324
7.206	489.797
7.207	507.639
7.208	526.686
7.209	546.786
7.21	567.795
7.211	589.586
7.212	612.048
7.213	635.085
7.214	658.617
7.215	682.577
7.216	706.913
7.217	731.579
7.218	756.534
7.219	781.741
7.22	807.156
7.221	832.73
7.222	858.398
7.223	884.082
7.224	909.684
7.225	935.082
7.226	960.133
7.227	984.671
7.228	1008.51
7.229	1031.44
7.23	1053.23
7.231	1073.66
7.232	1092.49
7.233	1109.48
7.234	1124.41
7.235	1137.07
7.236	1147.26
7.237	1154.85
7.238	1159.71
7.239	1161.76
7.24	1160.99
7.241	1157.42
7.242	1151.12
7.243	1142.21
7.244	1130.88
7.245	1117.35
7.246	1101.88
7.247	1084.76
7.248	1066.33
7.249	1046.93
7.25	1026.93
7.251	1006.69
7.252	986.583
7.253	966.95
7.254	948.127
7.255	930.42
7.256	914.105
7.257	899.42
7.258	886.561
7.259	875.683
7.26	866.896
7.261	860.263
7.262	855.803
7.263	853.491
7.264	853.261
7.265	855.008
7.266	858.593
7.267	863.843
7.268	870.562
7.269	878.529
7.27	887.51
7.271	897.256
7.272	907.515
7.273	918.032
7.274	928.56
7.275	938.862
7.276	948.718
7.277	957.929
7.278	966.324
7.279	973.763
7.28	980.14
7.281	985.389
7.282	989.483
7.283	992.435
7.284	994.303
7.285	995.178
7.286	995.193
7.287	994.506
7.288	993.306
7.289	991.797
7.29	990.194
7.291	988.714
7.292	987.567
7.293	986.942
7.294	987.008
7.295	987.896
7.296	989.698
7.297	992.457
7.298	996.171
7.299	1000.78
7.3	1006.18
7.301	1012.22
7.302	1018.69
7.303	1025.37
7.304	1032
7.305	1038.29
7.306	1043.96
7.307	1048.74
7.308	1052.37
7.309	1054.61
7.31	1055.27
7.311	1054.2
7.312	1051.32
7.313	1046.58
7.314	1040.01
7.315	1031.7
7.316	1021.79
7.317	1010.48
7.318	998.025
7.319	984.701
7.32	970.829
7.321	956.746
7.322	942.8
7.323	929.336
7.324	916.69
7.325	905.179
7.326	895.089
7.327	886.673
7.328	880.144
7.329	875.67
7.33	873.376
7.331	873.338
7.332	875.59
7.333	880.126
7.334	886.897
7.335	895.826
7.336	906.803
7.337	919.696
7.338	934.356
7.339	950.618
7.34	968.306
7.341	987.239
7.342	1007.23
7.343	1028.1
7.344	1049.65
7.345	1071.69
7.346	1094.03
7.347	1116.48
7.348	1138.85
7.349	1160.93
7.35	1182.53
7.351	1203.46
7.352	1223.51
7.353	1242.47
7.354	1260.17
7.355	1276.41
7.356	1291.02
7.357	1303.83
7.358	1314.72
7.359	1323.57
7.36	1330.28
7.361	1334.82
7.362	1337.17
7.363	1337.34
7.364	1335.39
7.365	1331.42
7.366	1325.56
7.367	1317.96
7.368	1308.82
7.369	1298.34
7.37	1286.75
7.371	1274.3
7.372	1261.23
7.373	1247.77
7.374	1234.16
7.375	1220.62
7.376	1207.34
7.377	1194.52
7.378	1182.3
7.379	1170.8
7.38	1160.13
7.381	1150.35
7.382	1141.49
7.383	1133.57
7.384	1126.55
7.385	1120.4
7.386	1115.02
7.387	1110.34
7.388	1106.23
7.389	1102.56
7.39	1099.18
7.391	1095.92
7.392	1092.61
7.393	1089.08
7.394	1085.14
7.395	1080.63
7.396	1075.39
7.397	1069.24
7.398	1062.07
7.399	1053.75
7.4	1044.21
7.401	1033.4
7.402	1021.3
7.403	1007.93
7.404	993.376
7.405	977.746
7.406	961.199
7.407	943.938
7.408	926.207
7.409	908.281
7.41	890.47
7.411	873.104
7.412	856.526
7.413	841.086
7.414	827.13
7.415	814.989
7.416	804.971
7.417	797.351
7.418	792.362
7.419	790.193
7.42	790.975
7.421	794.789
7.422	801.651
7.423	811.523
7.424	824.31
7.425	839.864
7.426	857.99
7.427	878.455
7.428	900.993
7.429	925.313
7.43	951.112
7.431	978.083
7.432	1005.92
7.433	1034.34
7.434	1063.05
7.435	1091.82
7.436	1120.43
7.437	1148.7
7.438	1176.46
7.439	1203.61
7.44	1230.05
7.441	1255.74
7.442	1280.62
7.443	1304.7
7.444	1327.96
7.445	1350.43
7.446	1372.09
7.447	1392.97
7.448	1413.06
7.449	1432.36
7.45	1450.84
7.451	1468.46
7.452	1485.17
7.453	1500.92
7.454	1515.62
7.455	1529.2
7.456	1541.56
7.457	1552.63
7.458	1562.33
7.459	1570.57
7.46	1577.31
7.461	1582.5
7.462	1586.12
7.463	1588.16
7.464	1588.66
7.465	1587.64
7.466	1585.18
7.467	1581.36
7.468	1576.28
7.469	1570.07
7.47	1562.84
7.471	1554.72
7.472	1545.87
7.473	1536.4
7.474	1526.47
7.475	1516.18
7.476	1505.68
7.477	1495.06
7.478	1484.43
7.479	1473.89
7.48	1463.53
7.481	1453.44
7.482	1443.71
7.483	1434.42
7.484	1425.67
7.485	1417.57
7.486	1410.24
7.487	1403.82
7.488	1398.44
7.489	1394.29
7.49	1391.55
7.491	1390.43
7.492	1391.15
7.493	1393.95
7.494	1399.06
7.495	1406.74
7.496	1417.21
7.497	1430.72
7.498	1447.47
7.499	1467.63
