0.5	0
0.501	0
0.502	0
0.503	0
0.504	0
0.505	0
0.506	0
0.507	0
0.508	0
0.509	0
0.51	0
0.511	0
0.512	0
0.513	0
0.514	0
0.515	0
0.516	0
0.517	0
0.518	0
0.519	0
0.52	0
0.521	0
0.522	0
0.523	0
0.524	0
0.525	0
0.526	0
0.527	0
0.528	0
0.529	0
0.53	0
0.531	0
0.532	0
0.533	0
0.534	0
0.535	0
0.536	0
0.537	0
0.538	0
0.539	0
0.54	0
0.541	0
0.542	0
0.543	0
0.544	0
0.545	0
0.546	2.28604e-319
0.547	3.91516e-316
0.548	6.49305e-313
0.549	1.037e-309
0.55	1.59494e-306
0.551	2.36234e-303
0.552	3.36955e-300
0.553	4.62845e-297
0.554	6.12255e-294
0.555	7.79942e-291
0.556	9.56809e-288
0.557	1.13037e-284
0.558	1.28603e-281
0.559	1.40901e-278
0.56	1.48665e-275
0.561	1.51056e-272
0.562	1.47808e-269
0.563	1.39281e-266
0.564	1.26392e-263
0.565	1.10454e-260
0.566	9.29557e-258
0.567	7.53361e-255
0.568	5.87981e-252
0.569	4.41933e-249
0.57	3.19877e-246
0.571	2.22968e-243
0.572	1.4967e-240
0.573	9.67523e-238
0.574	6.0231e-235
0.575	3.61087e-232
0.576	2.08467e-229
0.577	1.15903e-226
0.578	6.20565e-224
0.579	3.19972e-221
0.58	1.5888e-218
0.581	7.59731e-216
0.582	3.49851e-213
0.583	1.55146e-210
0.584	6.62568e-208
0.585	2.72492e-205
0.586	1.07922e-202
0.587	4.11622e-200
0.588	1.51189e-197
0.589	5.34782e-195
0.59	1.82165e-192
0.591	5.97568e-190
0.592	1.88774e-187
0.593	5.74288e-185
0.594	1.68248e-182
0.595	4.74685e-180
0.596	1.28971e-177
0.597	3.37453e-175
0.598	8.50289e-173
0.599	2.06326e-170
0.6	4.82139e-168
0.601	1.08499e-165
0.602	2.35132e-163
0.603	4.90716e-161
0.604	9.8624e-159
0.605	1.90883e-156
0.606	3.55784e-154
0.607	6.38613e-152
0.608	1.10388e-149
0.609	1.83755e-147
0.61	2.94571e-145
0.611	4.54752e-143
0.612	6.7607e-141
0.613	9.67925e-139
0.614	1.33452e-136
0.615	1.77191e-134
0.616	2.26564e-132
0.617	2.7898e-130
0.618	3.30818e-128
0.619	3.77779e-126
0.62	4.1545e-124
0.621	4.39981e-122
0.622	4.48727e-120
0.623	4.40721e-118
0.624	4.16848e-116
0.625	3.79686e-114
0.626	3.33047e-112
0.627	2.81332e-110
0.628	2.28858e-108
0.629	1.79286e-106
0.63	1.35257e-104
0.631	9.82663e-103
0.632	6.87517e-101
0.633	4.63229e-99
0.634	3.00567e-97
0.635	1.8781e-95
0.636	1.13014e-93
0.637	6.54901e-92
0.638	3.65472e-90
0.639	1.9641e-88
0.64	1.0165e-86
0.641	5.06624e-85
0.642	2.43162e-83
0.643	1.12393e-81
0.644	5.00283e-80
0.645	2.1445e-78
0.646	8.85254e-77
0.647	3.5192e-75
0.648	1.34726e-73
0.649	4.967e-72
0.65	1.76348e-70
0.651	6.02945e-69
0.652	1.98527e-67
0.653	6.29496e-66
0.654	1.92221e-64
0.655	5.65251e-63
0.656	1.60072e-61
0.657	4.36538e-60
0.658	1.14647e-58
0.659	2.89958e-57
0.66	7.06221e-56
0.661	1.65646e-54
0.662	3.74156e-53
0.663	8.13875e-52
0.664	1.70489e-50
0.665	3.43928e-49
0.666	6.68148e-48
0.667	1.25e-46
0.668	2.25207e-45
0.669	3.90738e-44
0.67	6.52864e-43
0.671	1.05049e-41
0.672	1.62778e-40
0.673	2.42903e-39
0.674	3.49062e-38
0.675	4.83065e-37
0.676	6.43786e-36
0.677	8.26248e-35
0.678	1.0212e-33
0.679	1.21548e-32
0.68	1.39321e-31
0.681	1.53786e-30
0.682	1.63475e-29
0.683	1.67348e-28
0.684	1.64976e-27
0.685	1.56622e-26
0.686	1.43193e-25
0.687	1.26073e-24
0.688	1.06894e-23
0.689	8.72811e-23
0.69	6.86309e-22
0.691	5.19699e-21
0.692	3.78981e-20
0.693	2.66144e-19
0.694	1.7999e-18
0.695	1.17223e-17
0.696	7.35209e-17
0.697	4.4406e-16
0.698	2.58289e-15
0.699	1.44678e-14
0.7	7.8043e-14
0.701	4.05413e-13
0.702	2.02812e-12
0.703	9.77066e-12
0.704	4.53301e-11
0.705	2.02527e-10
0.706	8.71388e-10
0.707	3.61055e-09
0.708	1.44069e-08
0.709	5.53602e-08
0.71	2.04861e-07
0.711	7.30052e-07
0.712	2.50542e-06
0.713	8.28023e-06
0.714	2.63534e-05
0.715	8.07724e-05
0.716	0.000238409
0.717	0.000677667
0.718	0.001855
0.719	0.00488993
0.72	0.0124135
0.721	0.0303473
0.722	0.0714462
0.723	0.161984
0.724	0.353668
0.725	0.743626
0.726	1.50572
0.727	2.93609
0.728	5.5135
0.729	9.97052
0.73	17.3637
0.731	29.1205
0.732	47.0314
0.733	73.1494
0.734	109.564
0.735	158.036
0.736	219.522
0.737	293.653
0.738	378.288
0.739	469.293
0.74	560.659
0.741	645.04
0.742	714.673
0.743	762.538
0.744	783.517
0.745	775.298
0.746	738.792
0.747	677.967
0.748	599.14
0.749	509.895
0.75	417.894
0.751	329.826
0.752	250.69
0.753	183.494
0.754	129.342
0.755	87.7995
0.756	57.3953
0.757	36.1322
0.758	21.9051
0.759	12.7888
0.76	7.19027
0.761	3.8931
0.762	2.02992
0.763	1.01928
0.764	0.492883
0.765	0.229523
0.766	0.10293
0.767	0.0444519
0.768	0.0184872
0.769	0.00740435
0.77	0.00285585
0.771	0.00106076
0.772	0.000379428
0.773	0.0001307
0.774	4.33568e-05
0.775	1.38507e-05
0.776	4.26106e-06
0.777	1.2624e-06
0.778	3.60172e-07
0.779	9.89591e-08
0.78	2.61839e-08
0.781	6.67186e-09
0.782	1.63716e-09
0.783	3.86875e-10
0.784	8.80404e-11
0.785	1.92942e-11
0.786	4.07197e-12
0.787	8.27589e-13
0.788	1.61979e-13
0.789	3.05306e-14
0.79	5.54173e-15
0.791	9.68699e-16
0.792	1.63067e-16
0.793	2.64347e-17
0.794	4.12683e-18
0.795	6.2043e-19
0.796	8.98259e-20
0.797	1.2524e-20
0.798	1.68158e-21
0.799	2.17433e-22
0.8	2.70749e-23
0.801	3.2467e-24
0.802	3.74929e-25
0.803	4.16955e-26
0.804	4.46543e-27
0.805	4.60542e-28
0.806	4.57414e-29
0.807	4.37504e-30
0.808	4.02984e-31
0.809	3.5746e-32
0.81	3.05351e-33
0.811	2.51191e-34
0.812	1.98996e-35
0.813	1.51815e-36
0.814	1.11537e-37
0.815	7.89146e-39
0.816	5.37685e-40
0.817	3.52803e-41
0.818	2.2293e-42
0.819	1.35656e-43
0.82	7.94955e-45
0.821	4.4862e-46
0.822	2.43808e-47
0.823	1.276e-48
0.824	6.43112e-50
0.825	3.12144e-51
0.826	1.45901e-52
0.827	6.56739e-54
0.828	2.84682e-55
0.829	1.1884e-56
0.83	4.77745e-58
0.831	1.84954e-59
0.832	6.89548e-61
0.833	2.4757e-62
0.834	8.55982e-64
0.835	2.85013e-65
0.836	9.13898e-67
0.837	2.82204e-68
0.838	8.39195e-70
0.839	2.40323e-71
0.84	6.62767e-73
0.841	1.76019e-74
0.842	4.50185e-76
0.843	1.10881e-77
0.844	2.62999e-79
0.845	6.00737e-81
0.846	1.32144e-82
0.847	2.79928e-84
0.848	5.71052e-86
0.849	1.12186e-87
0.85	2.12244e-89
0.851	3.86692e-91
0.852	6.78466e-93
0.853	1.14637e-94
0.854	1.86533e-96
0.855	2.95001e-98
0.856	6.23159e-99
0.857	1.21266e-97
0.858	2.48883e-96
0.859	5.00671e-95
0.86	9.87164e-94
0.861	1.90768e-92
0.862	3.61327e-91
0.863	6.7077e-90
0.864	1.22047e-88
0.865	2.1765e-87
0.866	3.80426e-86
0.867	6.5172e-85
0.868	1.09428e-83
0.869	1.80086e-82
0.87	2.90474e-81
0.871	4.59212e-80
0.872	7.1154e-79
0.873	1.0806e-77
0.874	1.60845e-76
0.875	2.34656e-75
0.876	3.35532e-74
0.877	4.70235e-73
0.878	6.45915e-72
0.879	8.69591e-71
0.88	1.14745e-69
0.881	1.48399e-68
0.882	1.88108e-67
0.883	2.33703e-66
0.884	2.84576e-65
0.885	3.39635e-64
0.886	3.97289e-63
0.887	4.5549e-62
0.888	5.11835e-61
0.889	5.63716e-60
0.89	6.08513e-59
0.891	6.43811e-58
0.892	6.67616e-57
0.893	6.78537e-56
0.894	6.75926e-55
0.895	6.5994e-54
0.896	6.31522e-53
0.897	5.92314e-52
0.898	5.44495e-51
0.899	4.90587e-50
0.9	4.33228e-49
0.901	3.74969e-48
0.902	3.18093e-47
0.903	2.6448e-46
0.904	2.15531e-45
0.905	1.72149e-44
0.906	1.34766e-43
0.907	1.03403e-42
0.908	7.77621e-42
0.909	5.73166e-41
0.91	4.14068e-40
0.911	2.93186e-39
0.912	2.03466e-38
0.913	1.38395e-37
0.914	9.22633e-37
0.915	6.02859e-36
0.916	3.86084e-35
0.917	2.42341e-34
0.918	1.49091e-33
0.919	8.9899e-33
0.92	5.31297e-32
0.921	3.07751e-31
0.922	1.74719e-30
0.923	9.72208e-30
0.924	5.30223e-29
0.925	2.83424e-28
0.926	1.48489e-27
0.927	7.62481e-27
0.928	3.83747e-26
0.929	1.89295e-25
0.93	9.15192e-25
0.931	4.33675e-24
0.932	2.01417e-23
0.933	9.16869e-23
0.934	4.09069e-22
0.935	1.78882e-21
0.936	7.6668e-21
0.937	3.22063e-20
0.938	1.32601e-19
0.939	5.35097e-19
0.94	2.1164e-18
0.941	8.20428e-18
0.942	3.11719e-17
0.943	1.16082e-16
0.944	4.23687e-16
0.945	1.51567e-15
0.946	5.31428e-15
0.947	1.82626e-14
0.948	6.1512e-14
0.949	2.03065e-13
0.95	6.57039e-13
0.951	2.08365e-12
0.952	6.47648e-12
0.953	1.97302e-11
0.954	5.8912e-11
0.955	1.72407e-10
0.956	4.94521e-10
0.957	1.39025e-09
0.958	3.83073e-09
0.959	1.03454e-08
0.96	2.73839e-08
0.961	7.10429e-08
0.962	1.80645e-07
0.963	4.50203e-07
0.964	1.09969e-06
0.965	2.63277e-06
0.966	6.1778e-06
0.967	1.4208e-05
0.968	3.20268e-05
0.969	7.07573e-05
0.97	0.000153218
0.971	0.000325181
0.972	0.000676426
0.973	0.0013791
0.974	0.00275581
0.975	0.00539736
0.976	0.0103608
0.977	0.0194932
0.978	0.0359463
0.979	0.0649686
0.98	0.115088
0.981	0.19982
0.982	0.340036
0.983	0.567141
0.984	0.92712
0.985	1.48546
0.986	2.33272
0.987	3.59042
0.988	5.41634
0.989	8.00843
0.99	11.6056
0.991	16.4842
0.992	22.9481
0.993	31.3118
0.994	41.8745
0.995	54.8876
0.996	70.5152
0.997	88.7929
0.998	109.589
0.999	132.571
1	157.197
1.001	182.71
1.002	208.177
1.003	232.536
1.004	254.683
1.005	273.562
1.006	288.274
1.007	298.179
1.008	302.987
1.009	302.822
1.01	298.254
1.011	290.294
1.012	280.353
1.013	270.164
1.014	261.674
1.015	256.922
1.016	257.89
1.017	266.366
1.018	283.792
1.019	311.133
1.02	348.764
1.021	396.375
1.022	452.927
1.023	516.643
1.024	585.064
1.025	655.156
1.026	723.488
1.027	786.452
1.028	840.52
1.029	882.517
1.03	909.876
1.031	920.847
1.032	914.643
1.033	891.495
1.034	852.617
1.035	800.085
1.036	736.63
1.037	665.406
1.038	589.715
1.039	512.757
1.04	437.414
1.041	366.088
1.042	300.599
1.043	242.158
1.044	191.391
1.045	148.406
1.046	112.899
1.047	84.2634
1.048	61.702
1.049	44.3277
1.05	31.245
1.051	21.6099
1.052	14.6689
1.053	9.77923
1.054	6.41494
1.055	4.16224
1.056	2.70913
1.057	1.83252
1.058	1.38584
1.059	1.28903
1.06	1.52247
1.061	2.1255
1.062	3.20001
1.063	4.91894
1.064	7.53939
1.065	11.4193
1.066	17.0361
1.067	25.0053
1.068	36.095
1.069	51.2337
1.07	71.505
1.071	98.1253
1.072	132.4
1.073	175.653
1.074	229.131
1.075	293.882
1.076	370.614
1.077	459.549
1.078	560.276
1.079	671.634
1.08	791.634
1.081	917.437
1.082	1045.41
1.083	1171.28
1.084	1290.31
1.085	1397.62
1.086	1488.48
1.087	1558.68
1.088	1604.85
1.089	1624.69
1.09	1617.21
1.091	1582.79
1.092	1523.14
1.093	1441.18
1.094	1340.78
1.095	1226.46
1.096	1103.1
1.097	975.516
1.098	848.232
1.099	725.196
1.1	609.617
1.101	503.871
1.102	409.488
1.103	327.208
1.104	257.08
1.105	198.596
1.106	150.847
1.107	112.658
1.108	82.7268
1.109	59.73
1.11	42.4032
1.111	29.5982
1.112	20.3139
1.113	13.7082
1.114	9.09556
1.115	5.93387
1.116	3.80634
1.117	2.4007
1.118	1.48877
1.119	0.907776
1.12	0.54424
1.121	0.320821
1.122	0.185949
1.123	0.105971
1.124	0.0593801
1.125	0.0327156
1.126	0.0177227
1.127	0.00943983
1.128	0.00494379
1.129	0.00254575
1.13	0.00128894
1.131	0.000641666
1.132	0.000314085
1.133	0.000151163
1.134	7.15339e-05
1.135	3.32865e-05
1.136	1.52347e-05
1.137	6.86782e-06
1.138	3.07088e-06
1.139	1.40906e-06
1.14	7.627e-07
1.141	6.64483e-07
1.142	1.00238e-06
1.143	1.92628e-06
1.144	3.89617e-06
1.145	7.87716e-06
1.146	1.57475e-05
1.147	3.10622e-05
1.148	6.04302e-05
1.149	0.000115942
1.15	0.000219373
1.151	0.000409338
1.152	0.000753249
1.153	0.00136694
1.154	0.00244635
1.155	0.0043176
1.156	0.00751488
1.157	0.0128991
1.158	0.0218349
1.159	0.0364501
1.16	0.0600072
1.161	0.0974236
1.162	0.155984
1.163	0.246294
1.164	0.383515
1.165	0.588934
1.166	0.891883
1.167	1.332
1.168	1.96181
1.169	2.84949
1.17	4.08161
1.171	5.76572
1.172	8.03213
1.173	11.0348
1.174	14.9504
1.175	19.9756
1.176	26.3209
1.177	34.2025
1.178	43.8301
1.179	55.3914
1.18	69.0348
1.181	84.8496
1.182	102.846
1.183	122.937
1.184	144.921
1.185	168.476
1.186	193.153
1.187	218.383
1.188	243.497
1.189	267.747
1.19	290.343
1.191	310.495
1.192	327.456
1.193	340.571
1.194	349.317
1.195	353.335
1.196	352.46
1.197	346.728
1.198	336.375
1.199	321.822
1.2	303.643
1.201	282.531
1.202	259.254
1.203	234.607
1.204	209.37
1.205	184.264
1.206	159.928
1.207	136.888
1.208	115.548
1.209	96.1864
1.21	78.9627
1.211	63.9273
1.212	51.0395
1.213	40.1868
1.214	31.2044
1.215	23.8948
1.216	18.0447
1.217	13.4385
1.218	9.86976
1.219	7.14858
1.22	5.10609
1.221	3.59678
1.222	2.49859
1.223	1.71172
1.224	1.15645
1.225	0.770504
1.226	0.506268
1.227	0.328051
1.228	0.209633
1.229	0.132109
1.23	0.0821037
1.231	0.0503209
1.232	0.0304152
1.233	0.0181296
1.234	0.0106572
1.235	0.00617807
1.236	0.00353199
1.237	0.00199132
1.238	0.00110718
1.239	0.000607091
1.24	0.00032828
1.241	0.000175062
1.242	9.20649e-05
1.243	4.77477e-05
1.244	2.44212e-05
1.245	1.2318e-05
1.246	6.12726e-06
1.247	3.00576e-06
1.248	1.45417e-06
1.249	6.93931e-07
1.25	3.26873e-07
1.251	1.52532e-07
1.252	7.17225e-08
1.253	3.66037e-08
1.254	2.55019e-08
1.255	3.0981e-08
1.256	5.54204e-08
1.257	1.11804e-07
1.258	2.29859e-07
1.259	4.70069e-07
1.26	9.5134e-07
1.261	1.9034e-06
1.262	3.76402e-06
1.263	7.3567e-06
1.264	1.42108e-05
1.265	2.71306e-05
1.266	5.11924e-05
1.267	9.54672e-05
1.268	0.000175958
1.269	0.000320528
1.27	0.000577069
1.271	0.00102682
1.272	0.00180578
1.273	0.00313862
1.274	0.0053916
1.275	0.00915379
1.276	0.0153599
1.277	0.025473
1.278	0.0417519
1.279	0.0676357
1.28	0.108288
1.281	0.171352
1.282	0.26798
1.283	0.414208
1.284	0.632762
1.285	0.955357
1.286	1.42559
1.287	2.10247
1.288	3.06456
1.289	4.4148
1.29	6.28576
1.291	8.84522
1.292	12.3017
1.293	16.9092
1.294	22.9714
1.295	30.8429
1.296	40.9287
1.297	53.679
1.298	69.5801
1.299	89.1395
1.3	112.865
1.301	141.238
1.302	174.683
1.303	213.527
1.304	257.964
1.305	308.013
1.306	363.483
1.307	423.939
1.308	488.682
1.309	556.742
1.31	626.881
1.311	697.624
1.312	767.294
1.313	834.077
1.314	896.096
1.315	951.497
1.316	998.538
1.317	1035.68
1.318	1061.68
1.319	1075.63
1.32	1077.05
1.321	1065.89
1.322	1042.55
1.323	1007.82
1.324	962.886
1.325	909.223
1.326	848.535
1.327	782.661
1.328	713.48
1.329	642.827
1.33	572.415
1.331	503.769
1.332	438.184
1.333	376.692
1.334	320.051
1.335	268.756
1.336	223.049
1.337	182.956
1.338	148.319
1.339	118.837
1.34	94.1045
1.341	73.6501
1.342	56.9693
1.343	43.5525
1.344	32.907
1.345	24.5736
1.346	18.1365
1.347	13.2295
1.348	9.53752
1.349	6.79568
1.35	4.78558
1.351	3.33073
1.352	2.29113
1.353	1.55763
1.354	1.04661
1.355	0.695034
1.356	0.456179
1.357	0.295919
1.358	0.189725
1.359	0.12023
1.36	0.0753181
1.361	0.0466613
1.362	0.0286213
1.363	0.0174399
1.364	0.0106565
1.365	0.00669719
1.366	0.00459425
1.367	0.00380095
1.368	0.00407922
1.369	0.00544317
1.37	0.00814912
1.371	0.0127281
1.372	0.0200622
1.373	0.0315107
1.374	0.0490958
1.375	0.0757637
1.376	0.115738
1.377	0.174989
1.378	0.261841
1.379	0.387747
1.38	0.568252
1.381	0.824167
1.382	1.18296
1.383	1.68039
1.384	2.36231
1.385	3.2866
1.386	4.5253
1.387	6.16651
1.388	8.31621
1.389	11.0996
1.39	14.6621
1.391	19.1685
1.392	24.8024
1.393	31.7628
1.394	40.2599
1.395	50.5085
1.396	62.72
1.397	77.0924
1.398	93.7988
1.399	112.975
1.4	134.707
1.401	159.02
1.402	185.864
1.403	215.112
1.404	246.549
1.405	279.878
1.406	314.722
1.407	350.636
1.408	387.123
1.409	423.656
1.41	459.702
1.411	494.753
1.412	528.349
1.413	560.108
1.414	589.751
1.415	617.113
1.416	642.16
1.417	664.986
1.418	685.806
1.419	704.941
1.42	722.789
1.421	739.798
1.422	756.425
1.423	773.098
1.424	790.183
1.425	807.942
1.426	826.51
1.427	845.873
1.428	865.856
1.429	886.124
1.43	906.193
1.431	925.45
1.432	943.179
1.433	958.603
1.434	970.919
1.435	979.346
1.436	983.163
1.437	981.751
1.438	974.626
1.439	961.469
1.44	942.14
1.441	916.693
1.442	885.37
1.443	848.595
1.444	806.952
1.445	761.164
1.446	712.056
1.447	660.526
1.448	607.504
1.449	553.919
1.45	500.664
1.451	448.57
1.452	398.378
1.453	350.725
1.454	306.134
1.455	265.006
1.456	227.627
1.457	194.174
1.458	164.724
1.459	139.276
1.46	117.762
1.461	100.067
1.462	86.0458
1.463	75.539
1.464	68.3849
1.465	64.4293
1.466	63.5321
1.467	65.5697
1.468	70.4336
1.469	78.0266
1.47	88.2552
1.471	101.021
1.472	116.208
1.473	133.676
1.474	153.243
1.475	174.683
1.476	197.713
1.477	221.991
1.478	247.117
1.479	272.634
1.48	298.035
1.481	322.781
1.482	346.306
1.483	368.046
1.484	387.454
1.485	404.021
1.486	417.3
1.487	426.924
1.488	432.62
1.489	434.228
1.49	431.7
1.491	425.107
1.492	414.636
1.493	400.579
1.494	383.32
1.495	363.318
1.496	341.086
1.497	317.171
1.498	292.13
1.499	266.508
1.5	240.822
1.501	215.543
1.502	191.084
1.503	167.791
1.504	145.937
1.505	125.723
1.506	107.28
1.507	90.6732
1.508	75.9096
1.509	62.9473
1.51	51.7042
1.511	42.0685
1.512	33.9071
1.513	27.0748
1.514	21.4212
1.515	16.7972
1.516	13.0598
1.517	10.0758
1.518	7.72377
1.519	5.89604
1.52	4.49872
1.521	3.45174
1.522	2.68803
1.523	2.15251
1.524	1.80073
1.525	1.59751
1.526	1.51552
1.527	1.53383
1.528	1.6367
1.529	1.81233
1.53	2.0518
1.531	2.34822
1.532	2.69585
1.533	3.08947
1.534	3.52389
1.535	3.99345
1.536	4.49181
1.537	5.0117
1.538	5.54491
1.539	6.08225
1.54	6.61376
1.541	7.12884
1.542	7.61662
1.543	8.06623
1.544	8.46723
1.545	8.81002
1.546	9.08618
1.547	9.28892
1.548	9.4134
1.549	9.45701
1.55	9.41966
1.551	9.30398
1.552	9.1155
1.553	8.8629
1.554	8.55829
1.555	8.21762
1.556	7.86141
1.557	7.51573
1.558	7.21384
1.559	6.99839
1.56	6.92467
1.561	7.06496
1.562	7.51439
1.563	8.39864
1.564	9.88376
1.565	12.1886
1.566	15.6
1.567	20.4916
1.568	27.346
1.569	36.7801
1.57	49.5751
1.571	66.709
1.572	89.3923
1.573	119.105
1.574	157.634
1.575	207.11
1.576	270.034
1.577	349.307
1.578	448.235
1.579	570.53
1.58	720.283
1.581	901.917
1.582	1120.11
1.583	1379.68
1.584	1685.47
1.585	2042.12
1.586	2453.93
1.587	2924.57
1.588	3456.85
1.589	4052.45
1.59	4711.64
1.591	5433.06
1.592	6213.48
1.593	7047.63
1.594	7928.1
1.595	8845.31
1.596	9787.57
1.597	10741.2
1.598	11691
1.599	12620.2
1.6	13511.4
1.601	14346.6
1.602	15108.4
1.603	15779.9
1.604	16345.9
1.605	16793.1
1.606	17110.8
1.607	17291.3
1.608	17330.2
1.609	17226.5
1.61	16982.8
1.611	16604.9
1.612	16102.1
1.613	15486.3
1.614	14771.7
1.615	13974.3
1.616	13111.4
1.617	12200.7
1.618	11260
1.619	10306.4
1.62	9356.14
1.621	8423.71
1.622	7521.91
1.623	6661.48
1.624	5851.01
1.625	5096.93
1.626	4403.57
1.627	3773.27
1.628	3206.63
1.629	2702.71
1.63	2259.26
1.631	1873.06
1.632	1540.12
1.633	1255.97
1.634	1015.84
1.635	814.902
1.636	648.399
1.637	511.796
1.638	400.881
1.639	311.856
1.64	241.397
1.641	186.727
1.642	145.667
1.643	116.705
1.644	99.0626
1.645	92.7685
1.646	98.7131
1.647	118.681
1.648	155.326
1.649	212.072
1.65	292.913
1.651	402.1
1.652	543.72
1.653	721.182
1.654	936.65
1.655	1190.46
1.656	1480.59
1.657	1802.21
1.658	2147.42
1.659	2505.2
1.66	2861.58
1.661	3200.25
1.662	3503.46
1.663	3753.31
1.664	3933.31
1.665	4030.1
1.666	4035.06
1.667	3945.57
1.668	3765.66
1.669	3505.86
1.67	3182.22
1.671	2814.67
1.672	2424.81
1.673	2033.76
1.674	1660.08
1.675	1318.31
1.676	1018.22
1.677	764.704
1.678	558.312
1.679	396.197
1.68	273.231
1.681	183.094
1.682	119.205
1.683	75.3967
1.684	46.3244
1.685	27.6465
1.686	16.0257
1.687	9.02243
1.688	4.93333
1.689	2.61971
1.69	1.35099
1.691	0.676588
1.692	0.329052
1.693	0.155405
1.694	0.0712724
1.695	0.0317415
1.696	0.0137271
1.697	0.00576468
1.698	0.00235077
1.699	0.000930861
1.7	0.000357928
1.701	0.000133641
1.702	4.84529e-05
1.703	1.70581e-05
1.704	5.83144e-06
1.705	1.93576e-06
1.706	6.23959e-07
1.707	1.95295e-07
1.708	5.93549e-08
1.709	1.75167e-08
1.71	5.01967e-09
1.711	1.39678e-09
1.712	3.77407e-10
1.713	9.90193e-11
1.714	2.52266e-11
1.715	6.24061e-12
1.716	1.49912e-12
1.717	3.49857e-13
1.718	8.00215e-14
1.719	2.08486e-14
1.72	1.76315e-14
1.721	5.57649e-14
1.722	2.12067e-13
1.723	7.96024e-13
1.724	2.91457e-12
1.725	1.04028e-11
1.726	3.61938e-11
1.727	1.22752e-10
1.728	4.05821e-10
1.729	1.30783e-09
1.73	4.10844e-09
1.731	1.2581e-08
1.732	3.75544e-08
1.733	1.09274e-07
1.734	3.09945e-07
1.735	8.56964e-07
1.736	2.30967e-06
1.737	6.06805e-06
1.738	1.55402e-05
1.739	3.87951e-05
1.74	9.44073e-05
1.741	0.000223947
1.742	0.000517839
1.743	0.00116722
1.744	0.00256463
1.745	0.00549294
1.746	0.0114682
1.747	0.0233398
1.748	0.0463029
1.749	0.0895427
1.75	0.168796
1.751	0.310173
1.752	0.555593
1.753	0.970107
1.754	1.65117
1.755	2.73953
1.756	4.43067
1.757	6.98511
1.758	10.7346
1.759	16.081
1.76	23.4826
1.761	33.4266
1.762	46.3818
1.763	62.7354
1.764	82.7159
1.765	106.31
1.766	133.19
1.767	162.659
1.768	193.64
1.769	224.71
1.77	254.191
1.771	280.29
1.772	301.277
1.773	315.671
1.774	322.414
1.775	320.998
1.776	311.531
1.777	294.721
1.778	271.789
1.779	244.321
1.78	214.093
1.781	182.874
1.782	152.27
1.783	123.59
1.784	97.7837
1.785	75.4151
1.786	56.6971
1.787	41.5502
1.788	29.6822
1.789	20.6694
1.79	14.0305
1.791	9.2838
1.792	5.98811
1.793	3.76499
1.794	2.30753
1.795	1.37861
1.796	0.802875
1.797	0.455788
1.798	0.252225
1.799	0.136058
1.8	0.0715439
1.801	0.0366722
1.802	0.0183248
1.803	0.00892871
1.804	0.00424706
1.805	0.00198298
1.806	0.000931934
1.807	0.000487983
1.808	0.000368956
1.809	0.000473176
1.81	0.000814815
1.811	0.00150833
1.812	0.00278775
1.813	0.00505594
1.814	0.00896456
1.815	0.0155274
1.816	0.0262687
1.817	0.0434047
1.818	0.0700467
1.819	0.110406
1.82	0.169961
1.821	0.255541
1.822	0.375252
1.823	0.538195
1.824	0.753892
1.825	1.03141
1.826	1.37818
1.827	1.7986
1.828	2.29254
1.829	2.85398
1.83	3.47007
1.831	4.12077
1.832	4.77938
1.833	5.41399
1.834	5.98986
1.835	6.47245
1.836	6.83083
1.837	7.04096
1.838	7.08831
1.839	6.96958
1.84	6.69304
1.841	6.2776
1.842	5.75064
1.843	5.14508
1.844	4.49595
1.845	3.8371
1.846	3.19844
1.847	2.60391
1.848	2.07046
1.849	1.60791
1.85	1.21957
1.851	0.903456
1.852	0.653672
1.853	0.461919
1.854	0.318805
1.855	0.214901
1.856	0.141484
1.857	0.0909802
1.858	0.0571482
1.859	0.0350801
1.86	0.0210793
1.861	0.0124812
1.862	0.00746639
1.863	0.00490586
1.864	0.00427258
1.865	0.00565818
1.866	0.00994899
1.867	0.019248
1.868	0.0376817
1.869	0.0728046
1.87	0.137917
1.871	0.255734
1.872	0.463962
1.873	0.823489
1.874	1.42989
1.875	2.42893
1.876	4.03638
1.877	6.56198
1.878	10.4362
1.879	16.2375
1.88	24.7149
1.881	36.8014
1.882	53.6088
1.883	76.3964
1.884	106.506
1.885	145.259
1.886	193.811
1.887	252.975
1.888	323.031
1.889	403.529
1.89	493.142
1.891	589.568
1.892	689.544
1.893	788.962
1.894	883.111
1.895	967.032
1.896	1035.93
1.897	1085.65
1.898	1113.04
1.899	1116.34
1.9	1095.35
1.901	1051.41
1.902	987.314
1.903	906.996
1.904	815.12
1.905	716.644
1.906	616.383
1.907	518.638
1.908	426.916
1.909	343.785
1.91	270.83
1.911	208.724
1.912	157.367
1.913	116.07
1.914	83.7518
1.915	59.1198
1.916	40.826
1.917	27.5808
1.918	18.2281
1.919	11.7854
1.92	7.45435
1.921	4.61256
1.922	2.79216
1.923	1.6535
1.924	0.957929
1.925	0.54291
1.926	0.301016
1.927	0.163273
1.928	0.0866378
1.929	0.0449744
1.93	0.0228396
1.931	0.0113469
1.932	0.00551483
1.933	0.00262212
1.934	0.00121966
1.935	0.000554996
1.936	0.000247063
1.937	0.000107595
1.938	4.58394e-05
1.939	1.91053e-05
1.94	7.78993e-06
1.941	3.10727e-06
1.942	1.21252e-06
1.943	4.62879e-07
1.944	1.72866e-07
1.945	6.31566e-08
1.946	2.25732e-08
1.947	7.89283e-09
1.948	2.69987e-09
1.949	9.03557e-10
1.95	2.96059e-10
1.951	9.5596e-11
1.952	3.22224e-11
1.953	1.63619e-11
1.954	2.30645e-11
1.955	5.66223e-11
1.956	1.50491e-10
1.957	3.9672e-10
1.958	1.02686e-09
1.959	2.60686e-09
1.96	6.49022e-09
1.961	1.58464e-08
1.962	3.7943e-08
1.963	8.90978e-08
1.964	2.05182e-07
1.965	4.63393e-07
1.966	1.02637e-06
1.967	2.22952e-06
1.968	4.74977e-06
1.969	9.92423e-06
1.97	2.03373e-05
1.971	4.08767e-05
1.972	8.05849e-05
1.973	0.000155828
1.974	0.000295575
1.975	0.00054998
1.976	0.00100394
1.977	0.00179799
1.978	0.00315954
1.979	0.00544836
1.98	0.00922088
1.981	0.0153184
1.982	0.0249845
1.983	0.040017
1.984	0.0629583
1.985	0.0973275
1.986	0.147896
1.987	0.221006
1.988	0.324941
1.989	0.470335
1.99	0.670657
1.991	0.942764
1.992	1.30756
1.993	1.79081
1.994	2.4241
1.995	3.24601
1.996	4.30347
1.997	5.65316
1.998	7.3629
1.999	9.5127
2	12.195
2.001	15.514
2.002	19.5826
2.003	24.5182
2.004	30.435
2.005	37.434
2.006	45.591
2.007	54.9419
2.008	65.4683
2.009	77.084
2.01	89.6239
2.011	102.838
2.012	116.392
2.013	129.875
2.014	142.817
2.015	154.712
2.016	165.052
2.017	173.356
2.018	179.214
2.019	182.312
2.02	182.466
2.021	179.633
2.022	173.921
2.023	165.582
2.024	154.992
2.025	142.624
2.026	129.014
2.027	114.723
2.028	100.301
2.029	86.2554
2.03	73.0327
2.031	61.0018
2.032	50.4536
2.033	41.6098
2.034	34.638
2.035	29.6745
2.036	26.8487
2.037	26.3067
2.038	28.2332
2.039	32.8655
2.04	40.5007
2.041	51.4926
2.042	66.2388
2.043	85.1563
2.044	108.649
2.045	137.064
2.046	170.646
2.047	209.487
2.048	253.474
2.049	302.251
2.05	355.18
2.051	411.325
2.052	469.453
2.053	528.053
2.054	585.384
2.055	639.546
2.056	688.565
2.057	730.511
2.058	763.609
2.059	786.361
2.06	797.657
2.061	796.862
2.062	783.877
2.063	759.159
2.064	723.697
2.065	678.953
2.066	626.763
2.067	569.205
2.068	508.467
2.069	446.7
2.07	385.89
2.071	327.755
2.072	273.671
2.073	224.638
2.074	181.271
2.075	143.834
2.076	112.29
2.077	86.3684
2.078	65.6365
2.079	49.5755
2.08	37.6447
2.081	29.337
2.082	24.2196
2.083	21.9616
2.084	22.3468
2.085	25.2732
2.086	30.7408
2.087	38.8294
2.088	49.666
2.089	63.3869
2.09	80.0935
2.091	99.808
2.092	122.431
2.093	147.704
2.094	175.189
2.095	204.257
2.096	234.099
2.097	263.761
2.098	292.191
2.099	318.314
2.1	341.105
2.101	359.672
2.102	373.335
2.103	381.682
2.104	384.608
2.105	382.328
2.106	375.359
2.107	364.476
2.108	350.653
2.109	334.985
2.11	318.612
2.111	302.642
2.112	288.092
2.113	275.837
2.114	266.583
2.115	260.843
2.116	258.935
2.117	260.984
2.118	266.921
2.119	276.491
2.12	289.256
2.121	304.603
2.122	321.754
2.123	339.79
2.124	357.678
2.125	374.323
2.126	388.621
2.127	399.533
2.128	406.153
2.129	407.777
2.13	403.961
2.131	394.558
2.132	379.73
2.133	359.941
2.134	335.913
2.135	308.576
2.136	278.989
2.137	248.269
2.138	217.511
2.139	187.726
2.14	159.794
2.141	134.424
2.142	112.152
2.143	93.3373
2.144	78.1802
2.145	66.7494
2.146	59.0065
2.147	54.8335
2.148	54.0531
2.149	56.4438
2.15	61.7473
2.151	69.6704
2.152	79.8836
2.153	92.0185
2.154	105.669
2.155	120.396
2.156	135.742
2.157	151.251
2.158	166.496
2.159	181.113
2.16	194.836
2.161	207.526
2.162	219.198
2.163	230.037
2.164	240.394
2.165	250.778
2.166	261.828
2.167	274.273
2.168	288.888
2.169	306.441
2.17	327.652
2.171	353.139
2.172	383.387
2.173	418.717
2.174	459.258
2.175	504.931
2.176	555.433
2.177	610.224
2.178	668.52
2.179	729.282
2.18	791.228
2.181	852.847
2.182	912.438
2.183	968.168
2.184	1018.16
2.185	1060.59
2.186	1093.81
2.187	1116.48
2.188	1127.63
2.189	1126.81
2.19	1114.12
2.191	1090.17
2.192	1056.11
2.193	1013.48
2.194	964.124
2.195	910.027
2.196	853.157
2.197	795.33
2.198	738.093
2.199	682.642
2.2	629.791
2.201	579.982
2.202	533.325
2.203	489.68
2.204	448.741
2.205	410.132
2.206	373.485
2.207	338.511
2.208	305.04
2.209	273.04
2.21	242.616
2.211	213.986
2.212	187.453
2.213	163.366
2.214	142.083
2.215	123.941
2.216	109.227
2.217	98.1619
2.218	90.8889
2.219	87.4665
2.22	87.8667
2.221	91.9732
2.222	99.5807
2.223	110.394
2.224	124.028
2.225	140.006
2.226	157.769
2.227	176.678
2.228	196.03
2.229	215.082
2.23	233.075
2.231	249.266
2.232	262.966
2.233	273.576
2.234	280.619
2.235	283.771
2.236	282.875
2.237	277.956
2.238	269.211
2.239	257
2.24	241.816
2.241	224.251
2.242	204.96
2.243	184.62
2.244	163.89
2.245	143.375
2.246	123.605
2.247	105.008
2.248	87.9068
2.249	72.516
2.25	58.9464
2.251	47.2191
2.252	37.2807
2.253	29.022
2.254	22.2964
2.255	16.9383
2.256	12.779
2.257	9.66128
2.258	7.45118
2.259	6.04812
2.26	5.39348
2.261	5.47814
2.262	6.34932
2.263	8.11704
2.264	10.96
2.265	15.1304
2.266	20.9568
2.267	28.844
2.268	39.2677
2.269	52.7637
2.27	69.9082
2.271	91.2902
2.272	117.473
2.273	148.95
2.274	186.091
2.275	229.084
2.276	277.885
2.277	332.172
2.278	391.307
2.279	454.334
2.28	519.988
2.281	586.741
2.282	652.884
2.283	716.625
2.284	776.218
2.285	830.1
2.286	877.029
2.287	916.204
2.288	947.357
2.289	970.805
2.29	987.449
2.291	998.715
2.292	1006.45
2.293	1012.76
2.294	1019.82
2.295	1029.69
2.296	1044.05
2.297	1064.11
2.298	1090.38
2.299	1122.66
2.3	1159.98
2.301	1200.68
2.302	1242.51
2.303	1282.82
2.304	1318.73
2.305	1347.42
2.306	1366.3
2.307	1373.25
2.308	1366.73
2.309	1345.92
2.31	1310.77
2.311	1261.93
2.312	1200.74
2.313	1129.05
2.314	1049.11
2.315	963.386
2.316	874.419
2.317	784.653
2.318	696.327
2.319	611.387
2.32	531.428
2.321	457.674
2.322	390.987
2.323	331.891
2.324	280.62
2.325	237.172
2.326	201.354
2.327	172.837
2.328	151.194
2.329	135.931
2.33	126.508
2.331	122.353
2.332	122.861
2.333	127.399
2.334	135.305
2.335	145.881
2.336	158.402
2.337	172.119
2.338	186.275
2.339	200.122
2.34	212.947
2.341	224.101
2.342	233.027
2.343	239.291
2.344	242.603
2.345	242.84
2.346	240.052
2.347	234.466
2.348	226.478
2.349	216.637
2.35	205.618
2.351	194.193
2.352	183.201
2.353	173.508
2.354	165.974
2.355	161.416
2.356	160.578
2.357	164.094
2.358	172.465
2.359	186.028
2.36	204.934
2.361	229.124
2.362	258.319
2.363	292.007
2.364	329.449
2.365	369.686
2.366	411.572
2.367	453.804
2.368	494.983
2.369	533.673
2.37	568.474
2.371	598.095
2.372	621.429
2.373	637.615
2.374	646.089
2.375	646.613
2.376	639.286
2.377	624.535
2.378	603.073
2.379	575.85
2.38	543.989
2.381	508.705
2.382	471.235
2.383	432.77
2.384	394.39
2.385	357.026
2.386	321.436
2.387	288.19
2.388	257.691
2.389	230.192
2.39	205.837
2.391	184.709
2.392	166.877
2.393	152.446
2.394	141.611
2.395	134.695
2.396	132.186
2.397	134.765
2.398	143.32
2.399	158.952
2.4	182.952
2.401	216.783
2.402	262.019
2.403	320.278
2.404	393.13
2.405	481.982
2.406	587.95
2.407	711.72
2.408	853.407
2.409	1012.42
2.41	1187.37
2.411	1375.96
2.412	1575.02
2.413	1780.48
2.414	1987.51
2.415	2190.69
2.416	2384.21
2.417	2562.18
2.418	2718.89
2.419	2849.21
2.42	2948.78
2.421	3014.38
2.422	3044.05
2.423	3037.24
2.424	2994.85
2.425	2919.15
2.426	2813.61
2.427	2682.77
2.428	2531.87
2.429	2366.63
2.43	2192.92
2.431	2016.49
2.432	1842.69
2.433	1676.31
2.434	1521.41
2.435	1381.19
2.436	1258.02
2.437	1153.37
2.438	1067.86
2.439	1001.32
2.44	952.904
2.441	921.117
2.442	903.971
2.443	899.067
2.444	903.721
2.445	915.078
2.446	930.233
2.447	946.361
2.448	960.833
2.449	971.331
2.45	975.951
2.451	973.285
2.452	962.478
2.453	943.264
2.454	915.966
2.455	881.467
2.456	841.155
2.457	796.843
2.458	750.671
2.459	704.992
2.46	662.255
2.461	624.887
2.462	595.181
2.463	575.189
2.464	566.624
2.465	570.785
2.466	588.486
2.467	620.005
2.468	665.053
2.469	722.753
2.47	791.651
2.471	869.745
2.472	954.541
2.473	1043.13
2.474	1132.32
2.475	1218.71
2.476	1298.91
2.477	1369.66
2.478	1427.98
2.479	1471.38
2.48	1497.89
2.481	1506.28
2.482	1496.01
2.483	1467.32
2.484	1421.18
2.485	1359.21
2.486	1283.59
2.487	1196.9
2.488	1101.98
2.489	1001.77
2.49	899.169
2.491	796.876
2.492	697.292
2.493	602.438
2.494	513.905
2.495	432.839
2.496	359.95
2.497	295.55
2.498	239.603
2.499	191.791
2.5	151.58
2.501	118.287
2.502	91.1448
2.503	69.3503
2.504	52.1128
2.505	38.6846
2.506	28.3844
2.507	20.6105
2.508	14.8472
2.509	10.665
2.51	7.71616
2.511	5.72863
2.512	4.49754
2.513	3.87693
2.514	3.77152
2.515	4.12918
2.516	4.93412
2.517	6.2009
2.518	7.96895
2.519	10.2974
2.52	13.2598
2.521	16.9387
2.522	21.4194
2.523	26.7835
2.524	33.1012
2.525	40.4236
2.526	48.7748
2.527	58.1437
2.528	68.4777
2.529	79.6769
2.53	91.5913
2.531	104.021
2.532	116.718
2.533	129.395
2.534	141.734
2.535	153.401
2.536	164.064
2.537	173.406
2.538	181.15
2.539	187.072
2.54	191.02
2.541	192.925
2.542	192.807
2.543	190.783
2.544	187.058
2.545	181.922
2.546	175.732
2.547	168.899
2.548	161.863
2.549	155.074
2.55	148.963
2.551	143.925
2.552	140.295
2.553	138.331
2.554	138.2
2.555	139.969
2.556	143.6
2.557	148.952
2.558	155.788
2.559	163.786
2.56	172.556
2.561	181.657
2.562	190.624
2.563	198.99
2.564	206.308
2.565	212.181
2.566	216.276
2.567	218.346
2.568	218.242
2.569	215.918
2.57	211.433
2.571	204.949
2.572	196.72
2.573	187.076
2.574	176.41
2.575	165.155
2.576	153.769
2.577	142.71
2.578	132.428
2.579	123.344
2.58	115.841
2.581	110.262
2.582	106.9
2.583	106.003
2.584	107.771
2.585	112.364
2.586	119.899
2.587	130.458
2.588	144.085
2.589	160.787
2.59	180.529
2.591	203.224
2.592	228.732
2.593	256.841
2.594	287.264
2.595	319.627
2.596	353.465
2.597	388.219
2.598	423.243
2.599	457.816
2.6	491.167
2.601	522.498
2.602	551.026
2.603	576.024
2.604	596.872
2.605	613.104
2.606	624.457
2.607	630.92
2.608	632.769
2.609	630.599
2.61	625.344
2.611	618.283
2.612	611.032
2.613	605.53
2.614	603.995
2.615	608.885
2.616	622.827
2.617	648.546
2.618	688.768
2.619	746.121
2.62	823.011
2.621	921.501
2.622	1043.18
2.623	1189
2.624	1359.21
2.625	1553.17
2.626	1769.31
2.627	2005.04
2.628	2256.78
2.629	2519.96
2.63	2789.12
2.631	3058.12
2.632	3320.28
2.633	3568.7
2.634	3796.52
2.635	3997.27
2.636	4165.16
2.637	4295.38
2.638	4384.36
2.639	4429.91
2.64	4431.37
2.641	4389.6
2.642	4306.93
2.643	4186.98
2.644	4034.45
2.645	3854.85
2.646	3654.18
2.647	3438.62
2.648	3214.2
2.649	2986.57
2.65	2760.77
2.651	2541.05
2.652	2330.77
2.653	2132.42
2.654	1947.6
2.655	1777.09
2.656	1621.01
2.657	1478.9
2.658	1349.9
2.659	1232.89
2.66	1126.59
2.661	1029.68
2.662	940.928
2.663	859.184
2.664	783.473
2.665	712.987
2.666	647.098
2.667	585.336
2.668	527.375
2.669	473.003
2.67	422.096
2.671	374.591
2.672	330.457
2.673	289.679
2.674	252.24
2.675	218.104
2.676	187.216
2.677	159.491
2.678	134.812
2.679	113.038
2.68	93.9992
2.681	77.5062
2.682	63.3542
2.683	51.3287
2.684	41.2109
2.685	32.7838
2.686	25.8364
2.687	20.1682
2.688	15.592
2.689	11.9367
2.69	9.04811
2.691	6.7902
2.692	5.04453
2.693	3.70984
2.694	2.70083
2.695	1.94685
2.696	1.39029
2.697	0.984951
2.698	0.694496
2.699	0.49096
2.7	0.353462
2.701	0.26713
2.702	0.222267
2.703	0.21378
2.704	0.240891
2.705	0.307131
2.706	0.420632
2.707	0.594712
2.708	0.848775
2.709	1.20949
2.71	1.71227
2.711	2.40298
2.712	3.33986
2.713	4.59556
2.714	6.25923
2.715	8.43839
2.716	11.2606
2.717	14.8746
2.718	19.4508
2.719	25.1809
2.72	32.2759
2.721	40.9641
2.722	51.4864
2.723	64.0912
2.724	79.0278
2.725	96.5392
2.726	116.854
2.727	140.177
2.728	166.684
2.729	196.512
2.73	229.757
2.731	266.465
2.732	306.634
2.733	350.21
2.734	397.091
2.735	447.122
2.736	500.104
2.737	555.788
2.738	613.876
2.739	674.018
2.74	735.808
2.741	798.772
2.742	862.363
2.743	925.954
2.744	988.825
2.745	1050.16
2.746	1109.06
2.747	1164.53
2.748	1215.51
2.749	1260.91
2.75	1299.62
2.751	1330.58
2.752	1352.8
2.753	1365.45
2.754	1367.87
2.755	1359.64
2.756	1340.58
2.757	1310.84
2.758	1270.84
2.759	1221.31
2.76	1163.23
2.761	1097.83
2.762	1026.51
2.763	950.807
2.764	872.308
2.765	792.598
2.766	713.201
2.767	635.523
2.768	560.81
2.769	490.117
2.77	424.288
2.771	363.954
2.772	309.538
2.773	261.27
2.774	219.212
2.775	183.29
2.776	153.321
2.777	129.049
2.778	110.17
2.779	96.3662
2.78	87.3172
2.781	82.7213
2.782	82.3016
2.783	85.8088
2.784	93.0181
2.785	103.722
2.786	117.717
2.787	134.792
2.788	154.715
2.789	177.215
2.79	201.975
2.791	228.619
2.792	256.714
2.793	285.767
2.794	315.234
2.795	344.532
2.796	373.061
2.797	400.222
2.798	425.446
2.799	448.223
2.8	468.127
2.801	484.842
2.802	498.185
2.803	508.12
2.804	514.766
2.805	518.398
2.806	519.44
2.807	518.444
2.808	516.071
2.809	513.057
2.81	510.18
2.811	508.221
2.812	507.926
2.813	509.968
2.814	514.917
2.815	523.208
2.816	535.122
2.817	550.773
2.818	570.097
2.819	592.865
2.82	618.687
2.821	647.034
2.822	677.267
2.823	708.668
2.824	740.477
2.825	771.931
2.826	802.309
2.827	830.963
2.828	857.359
2.829	881.107
2.83	901.976
2.831	919.914
2.832	935.045
2.833	947.659
2.834	958.196
2.835	967.21
2.836	975.334
2.837	983.232
2.838	991.551
2.839	1000.87
2.84	1011.67
2.841	1024.27
2.842	1038.82
2.843	1055.26
2.844	1073.38
2.845	1092.75
2.846	1112.8
2.847	1132.85
2.848	1152.18
2.849	1170.04
2.85	1185.74
2.851	1198.73
2.852	1208.63
2.853	1215.27
2.854	1218.73
2.855	1219.38
2.856	1217.85
2.857	1215.02
2.858	1212.01
2.859	1210.1
2.86	1210.68
2.861	1215.18
2.862	1224.98
2.863	1241.33
2.864	1265.27
2.865	1297.52
2.866	1338.49
2.867	1388.14
2.868	1446
2.869	1511.14
2.87	1582.21
2.871	1657.41
2.872	1734.62
2.873	1811.44
2.874	1885.29
2.875	1953.53
2.876	2013.57
2.877	2062.99
2.878	2099.67
2.879	2121.88
2.88	2128.35
2.881	2118.34
2.882	2091.72
2.883	2048.89
2.884	1990.85
2.885	1919.06
2.886	1835.47
2.887	1742.33
2.888	1642.14
2.889	1537.56
2.89	1431.23
2.891	1325.7
2.892	1223.36
2.893	1126.31
2.894	1036.32
2.895	954.778
2.896	882.689
2.897	820.636
2.898	768.816
2.899	727.068
2.9	694.909
2.901	671.594
2.902	656.167
2.903	647.532
2.904	644.504
2.905	645.877
2.906	650.471
2.907	657.182
2.908	665.017
2.909	673.126
2.91	680.815
2.911	687.56
2.912	693.003
2.913	696.944
2.914	699.323
2.915	700.2
2.916	699.723
2.917	698.104
2.918	695.584
2.919	692.408
2.92	688.795
2.921	684.916
2.922	680.88
2.923	676.717
2.924	672.38
2.925	667.743
2.926	662.61
2.927	656.73
2.928	649.817
2.929	641.57
2.93	631.697
2.931	619.944
2.932	606.11
2.933	590.077
2.934	571.819
2.935	551.418
2.936	529.071
2.937	505.089
2.938	479.895
2.939	454.013
2.94	428.059
2.941	402.726
2.942	378.76
2.943	356.951
2.944	338.11
2.945	323.054
2.946	312.593
2.947	307.512
2.948	308.564
2.949	316.459
2.95	331.856
2.951	355.353
2.952	387.483
2.953	428.699
2.954	479.369
2.955	539.763
2.956	610.035
2.957	690.208
2.958	780.155
2.959	879.581
2.96	987.995
2.961	1104.7
2.962	1228.75
2.963	1358.99
2.964	1493.97
2.965	1632.03
2.966	1771.25
2.967	1909.47
2.968	2044.4
2.969	2173.56
2.97	2294.43
2.971	2404.48
2.972	2501.25
2.973	2582.44
2.974	2646.01
2.975	2690.26
2.976	2713.87
2.977	2716.01
2.978	2696.37
2.979	2655.16
2.98	2593.13
2.981	2511.58
2.982	2412.26
2.983	2297.34
2.984	2169.31
2.985	2030.91
2.986	1885.02
2.987	1734.55
2.988	1582.35
2.989	1431.12
2.99	1283.33
2.991	1141.18
2.992	1006.53
2.993	880.898
2.994	765.459
2.995	661.035
2.996	568.135
2.997	486.99
2.998	417.59
2.999	359.731
3	313.061
3.001	277.121
3.002	251.381
3.003	235.275
3.004	228.22
3.005	229.631
3.006	238.931
3.007	255.554
3.008	278.938
3.009	308.519
3.01	343.725
3.011	383.967
3.012	428.628
3.013	477.066
3.014	528.606
3.015	582.549
3.016	638.177
3.017	694.762
3.018	751.583
3.019	807.937
3.02	863.156
3.021	916.62
3.022	967.765
3.023	1016.09
3.024	1061.18
3.025	1102.66
3.026	1140.24
3.027	1173.66
3.028	1202.73
3.029	1227.27
3.03	1247.11
3.031	1262.12
3.032	1272.15
3.033	1277.06
3.034	1276.7
3.035	1270.97
3.036	1259.75
3.037	1243
3.038	1220.72
3.039	1192.98
3.04	1159.97
3.041	1121.95
3.042	1079.32
3.043	1032.6
3.044	982.392
3.045	929.43
3.046	874.522
3.047	818.545
3.048	762.418
3.049	707.072
3.05	653.421
3.051	602.338
3.052	554.622
3.053	510.977
3.054	471.992
3.055	438.124
3.056	409.688
3.057	386.85
3.058	369.629
3.059	357.9
3.06	351.402
3.061	349.755
3.062	352.475
3.063	358.996
3.064	368.693
3.065	380.905
3.066	394.967
3.067	410.229
3.068	426.087
3.069	442.004
3.07	457.53
3.071	472.319
3.072	486.14
3.073	498.883
3.074	510.556
3.075	521.28
3.076	531.275
3.077	540.841
3.078	550.335
3.079	560.142
3.08	570.651
3.081	582.221
3.082	595.162
3.083	609.703
3.084	625.983
3.085	644.036
3.086	663.789
3.087	685.063
3.088	707.592
3.089	731.034
3.09	755
3.091	779.08
3.092	802.872
3.093	826.014
3.094	848.207
3.095	869.237
3.096	888.994
3.097	907.471
3.098	924.767
3.099	941.077
3.1	956.667
3.101	971.851
3.102	986.961
3.103	1002.31
3.104	1018.14
3.105	1034.64
3.106	1051.84
3.107	1069.67
3.108	1087.88
3.109	1106.08
3.11	1123.76
3.111	1140.24
3.112	1154.79
3.113	1166.59
3.114	1174.82
3.115	1178.67
3.116	1177.43
3.117	1170.47
3.118	1157.33
3.119	1137.71
3.12	1111.52
3.121	1078.85
3.122	1040
3.123	995.478
3.124	945.921
3.125	892.124
3.126	834.979
3.127	775.444
3.128	714.502
3.129	653.127
3.13	592.245
3.131	532.712
3.132	475.283
3.133	420.597
3.134	369.17
3.135	321.388
3.136	277.506
3.137	237.662
3.138	201.883
3.139	170.098
3.14	142.16
3.141	117.855
3.142	96.9268
3.143	79.0844
3.144	64.0221
3.145	51.4297
3.146	41.0029
3.147	32.4515
3.148	25.5053
3.149	19.9184
3.15	15.4717
3.151	11.9738
3.152	9.26149
3.153	7.19858
3.154	5.67534
3.155	4.60698
3.156	3.93256
3.157	3.61394
3.158	3.63516
3.159	4.00227
3.16	4.74351
3.161	5.91015
3.162	7.57758
3.163	9.84685
3.164	12.8464
3.165	16.7337
3.166	21.697
3.167	27.9567
3.168	35.7655
3.169	45.4089
3.17	57.2032
3.171	71.4936
3.172	88.6503
3.173	109.063
3.174	133.136
3.175	161.277
3.176	193.894
3.177	231.386
3.178	274.131
3.179	322.485
3.18	376.773
3.181	437.292
3.182	504.306
3.183	578.053
3.184	658.752
3.185	746.615
3.186	841.856
3.187	944.707
3.188	1055.43
3.189	1174.33
3.19	1301.75
3.191	1438.07
3.192	1583.73
3.193	1739.14
3.194	1904.73
3.195	2080.81
3.196	2267.6
3.197	2465.14
3.198	2673.17
3.199	2891.13
3.2	3118.07
3.201	3352.58
3.202	3592.74
3.203	3836.14
3.204	4079.87
3.205	4320.52
3.206	4554.31
3.207	4777.14
3.208	4984.7
3.209	5172.66
3.21	5336.83
3.211	5473.27
3.212	5578.53
3.213	5649.74
3.214	5684.81
3.215	5682.48
3.216	5642.42
3.217	5565.24
3.218	5452.52
3.219	5306.68
3.22	5130.95
3.221	4929.22
3.222	4705.85
3.223	4465.58
3.224	4213.27
3.225	3953.76
3.226	3691.72
3.227	3431.48
3.228	3176.89
3.229	2931.3
3.23	2697.43
3.231	2477.36
3.232	2272.56
3.233	2083.9
3.234	1911.68
3.235	1755.76
3.236	1615.56
3.237	1490.21
3.238	1378.61
3.239	1279.5
3.24	1191.58
3.241	1113.54
3.242	1044.11
3.243	982.127
3.244	926.568
3.245	876.546
3.246	831.333
3.247	790.359
3.248	753.203
3.249	719.583
3.25	689.335
3.251	662.396
3.252	638.787
3.253	618.586
3.254	601.917
3.255	588.924
3.256	579.765
3.257	574.59
3.258	573.534
3.259	576.705
3.26	584.18
3.261	595.994
3.262	612.136
3.263	632.543
3.264	657.095
3.265	685.614
3.266	717.851
3.267	753.49
3.268	792.142
3.269	833.338
3.27	876.534
3.271	921.109
3.272	966.37
3.273	1011.56
3.274	1055.86
3.275	1098.41
3.276	1138.35
3.277	1174.78
3.278	1206.87
3.279	1233.79
3.28	1254.82
3.281	1269.34
3.282	1276.85
3.283	1277
3.284	1269.6
3.285	1254.65
3.286	1232.32
3.287	1202.96
3.288	1167.09
3.289	1125.38
3.29	1078.62
3.291	1027.72
3.292	973.648
3.293	917.405
3.294	860.008
3.295	802.444
3.296	745.649
3.297	690.476
3.298	637.682
3.299	587.914
3.3	541.695
3.301	499.427
3.302	461.389
3.303	427.743
3.304	398.549
3.305	373.768
3.306	353.283
3.307	336.91
3.308	324.411
3.309	315.509
3.31	309.899
3.311	307.257
3.312	307.251
3.313	309.546
3.314	313.81
3.315	319.718
3.316	326.953
3.317	335.214
3.318	344.211
3.319	353.67
3.32	363.336
3.321	372.973
3.322	382.366
3.323	391.325
3.324	399.691
3.325	407.333
3.326	414.161
3.327	420.121
3.328	425.206
3.329	429.456
3.33	432.961
3.331	435.865
3.332	438.359
3.333	440.686
3.334	443.133
3.335	446.023
3.336	449.708
3.337	454.555
3.338	460.932
3.339	469.194
3.34	479.662
3.341	492.61
3.342	508.24
3.343	526.674
3.344	547.933
3.345	571.928
3.346	598.451
3.347	627.174
3.348	657.651
3.349	689.321
3.35	721.529
3.351	753.534
3.352	784.541
3.353	813.72
3.354	840.241
3.355	863.298
3.356	882.146
3.357	896.124
3.358	904.682
3.359	907.407
3.36	904.031
3.361	894.448
3.362	878.716
3.363	857.051
3.364	829.821
3.365	797.527
3.366	760.788
3.367	720.31
3.368	676.866
3.369	631.264
3.37	584.322
3.371	536.84
3.372	489.578
3.373	443.236
3.374	398.436
3.375	355.716
3.376	315.516
3.377	278.182
3.378	243.964
3.379	213.022
3.38	185.436
3.381	161.212
3.382	140.299
3.383	122.595
3.384	107.966
3.385	96.2504
3.386	87.2766
3.387	80.8677
3.388	76.8515
3.389	75.0665
3.39	75.366
3.391	77.6221
3.392	81.7264
3.393	87.5908
3.394	95.1463
3.395	104.341
3.396	115.137
3.397	127.506
3.398	141.426
3.399	156.876
3.4	173.831
3.401	192.256
3.402	212.098
3.403	233.289
3.404	255.732
3.405	279.303
3.406	303.845
3.407	329.168
3.408	355.052
3.409	381.243
3.41	407.461
3.411	433.404
3.412	458.76
3.413	483.211
3.414	506.447
3.415	528.179
3.416	548.15
3.417	566.148
3.418	582.018
3.419	595.671
3.42	607.095
3.421	616.353
3.422	623.592
3.423	629.034
3.424	632.976
3.425	635.775
3.426	637.834
3.427	639.592
3.428	641.495
3.429	643.984
3.43	647.469
3.431	652.309
3.432	658.793
3.433	667.127
3.434	677.416
3.435	689.655
3.436	703.733
3.437	719.424
3.438	736.403
3.439	754.25
3.44	772.474
3.441	790.528
3.442	807.835
3.443	823.813
3.444	837.903
3.445	849.592
3.446	858.441
3.447	864.104
3.448	866.346
3.449	865.058
3.45	860.264
3.451	852.125
3.452	840.935
3.453	827.112
3.454	811.188
3.455	793.793
3.456	775.628
3.457	757.451
3.458	740.046
3.459	724.205
3.46	710.694
3.461	700.24
3.462	693.504
3.463	691.059
3.464	693.383
3.465	700.833
3.466	713.646
3.467	731.923
3.468	755.629
3.469	784.589
3.47	818.491
3.471	856.89
3.472	899.213
3.473	944.769
3.474	992.764
3.475	1042.31
3.476	1092.46
3.477	1142.19
3.478	1190.47
3.479	1236.26
3.48	1278.53
3.481	1316.31
3.482	1348.69
3.483	1374.89
3.484	1394.21
3.485	1406.15
3.486	1410.33
3.487	1406.57
3.488	1394.88
3.489	1375.44
3.49	1348.63
3.491	1314.99
3.492	1275.24
3.493	1230.2
3.494	1180.83
3.495	1128.16
3.496	1073.28
3.497	1017.27
3.498	961.234
3.499	906.2
3.5	853.138
3.501	802.918
3.502	756.292
3.503	713.878
3.504	676.149
3.505	643.426
3.506	615.878
3.507	593.52
3.508	576.227
3.509	563.736
3.51	555.667
3.511	551.534
3.512	550.768
3.513	552.73
3.514	556.739
3.515	562.091
3.516	568.078
3.517	574.016
3.518	579.256
3.519	583.209
3.52	585.362
3.521	585.289
3.522	582.665
3.523	577.273
3.524	569.009
3.525	557.882
3.526	544.016
3.527	527.641
3.528	509.087
3.529	488.772
3.53	467.197
3.531	444.922
3.532	422.563
3.533	400.769
3.534	380.213
3.535	361.579
3.536	345.544
3.537	332.771
3.538	323.897
3.539	319.517
3.54	320.182
3.541	326.382
3.542	338.539
3.543	356.997
3.544	382.01
3.545	413.733
3.546	452.209
3.547	497.363
3.548	548.987
3.549	606.736
3.55	670.122
3.551	738.51
3.552	811.12
3.553	887.032
3.554	965.197
3.555	1044.45
3.556	1123.54
3.557	1201.15
3.558	1275.91
3.559	1346.47
3.56	1411.51
3.561	1469.77
3.562	1520.11
3.563	1561.53
3.564	1593.22
3.565	1614.56
3.566	1625.14
3.567	1624.81
3.568	1613.63
3.569	1591.92
3.57	1560.19
3.571	1519.16
3.572	1469.73
3.573	1412.94
3.574	1349.93
3.575	1281.9
3.576	1210.08
3.577	1135.72
3.578	1060
3.579	984.028
3.58	908.842
3.581	835.35
3.582	764.339
3.583	696.459
3.584	632.23
3.585	572.038
3.586	516.146
3.587	464.704
3.588	417.765
3.589	375.293
3.59	337.187
3.591	303.288
3.592	273.399
3.593	247.294
3.594	224.73
3.595	205.456
3.596	189.221
3.597	175.776
3.598	164.883
3.599	156.31
3.6	149.836
3.601	145.251
3.602	142.354
3.603	140.95
3.604	140.854
3.605	141.884
3.606	143.865
3.607	146.626
3.608	150.002
3.609	153.834
3.61	157.971
3.611	162.271
3.612	166.603
3.613	170.851
3.614	174.913
3.615	178.706
3.616	182.167
3.617	185.254
3.618	187.947
3.619	190.248
3.62	192.18
3.621	193.788
3.622	195.133
3.623	196.295
3.624	197.364
3.625	198.441
3.626	199.637
3.627	201.064
3.628	202.837
3.629	205.074
3.63	207.891
3.631	211.404
3.632	215.734
3.633	221.003
3.634	227.344
3.635	234.899
3.636	243.828
3.637	254.312
3.638	266.556
3.639	280.796
3.64	297.298
3.641	316.36
3.642	338.31
3.643	363.506
3.644	392.323
3.645	425.151
3.646	462.378
3.647	504.379
3.648	551.498
3.649	604.03
3.65	662.202
3.651	726.151
3.652	795.91
3.653	871.382
3.654	952.334
3.655	1038.37
3.656	1128.95
3.657	1223.35
3.658	1320.7
3.659	1419.96
3.66	1519.96
3.661	1619.42
3.662	1716.95
3.663	1811.1
3.664	1900.42
3.665	1983.44
3.666	2058.77
3.667	2125.1
3.668	2181.24
3.669	2226.2
3.67	2259.14
3.671	2279.49
3.672	2286.9
3.673	2281.25
3.674	2262.72
3.675	2231.7
3.676	2188.83
3.677	2134.96
3.678	2071.15
3.679	1998.59
3.68	1918.6
3.681	1832.59
3.682	1742.03
3.683	1648.37
3.684	1553.05
3.685	1457.46
3.686	1362.89
3.687	1270.51
3.688	1181.37
3.689	1096.38
3.69	1016.28
3.691	941.665
3.692	872.957
3.693	810.434
3.694	754.229
3.695	704.337
3.696	660.635
3.697	622.892
3.698	590.786
3.699	563.921
3.7	541.844
3.701	524.057
3.702	510.035
3.703	499.237
3.704	491.122
3.705	485.157
3.706	480.825
3.707	477.64
3.708	475.145
3.709	472.924
3.71	470.604
3.711	467.858
3.712	464.405
3.713	460.014
3.714	454.505
3.715	447.745
3.716	439.648
3.717	430.176
3.718	419.333
3.719	407.167
3.72	393.761
3.721	379.237
3.722	363.745
3.723	347.467
3.724	330.604
3.725	313.381
3.726	296.037
3.727	278.823
3.728	261.996
3.729	245.818
3.73	230.549
3.731	216.443
3.732	203.749
3.733	192.699
3.734	183.513
3.735	176.389
3.736	171.504
3.737	169.008
3.738	169.024
3.739	171.64
3.74	176.912
3.741	184.856
3.742	195.448
3.743	208.624
3.744	224.272
3.745	242.237
3.746	262.32
3.747	284.274
3.748	307.811
3.749	332.604
3.75	358.29
3.751	384.475
3.752	410.746
3.753	436.671
3.754	461.818
3.755	485.757
3.756	508.075
3.757	528.385
3.758	546.34
3.759	561.637
3.76	574.034
3.761	583.35
3.762	589.478
3.763	592.384
3.764	592.113
3.765	588.787
3.766	582.603
3.767	573.829
3.768	562.795
3.769	549.889
3.77	535.541
3.771	520.216
3.772	504.4
3.773	488.587
3.774	473.267
3.775	458.913
3.776	445.97
3.777	434.842
3.778	425.888
3.779	419.411
3.78	415.654
3.781	414.796
3.782	416.953
3.783	422.181
3.784	430.474
3.785	441.773
3.786	455.974
3.787	472.934
3.788	492.482
3.789	514.426
3.79	538.567
3.791	564.702
3.792	592.64
3.793	622.202
3.794	653.23
3.795	685.59
3.796	719.172
3.797	753.887
3.798	789.67
3.799	826.467
3.8	864.234
3.801	902.926
3.802	942.488
3.803	982.85
3.804	1023.91
3.805	1065.54
3.806	1107.55
3.807	1149.74
3.808	1191.84
3.809	1233.53
3.81	1274.46
3.811	1314.23
3.812	1352.44
3.813	1388.64
3.814	1422.39
3.815	1453.25
3.816	1480.81
3.817	1504.68
3.818	1524.54
3.819	1540.11
3.82	1551.19
3.821	1557.63
3.822	1559.4
3.823	1556.52
3.824	1549.1
3.825	1537.34
3.826	1521.49
3.827	1501.88
3.828	1478.89
3.829	1452.93
3.83	1424.45
3.831	1393.92
3.832	1361.81
3.833	1328.58
3.834	1294.69
3.835	1260.54
3.836	1226.53
3.837	1192.99
3.838	1160.23
3.839	1128.48
3.84	1097.94
3.841	1068.75
3.842	1041
3.843	1014.74
3.844	989.962
3.845	966.617
3.846	944.628
3.847	923.878
3.848	904.23
3.849	885.523
3.85	867.584
3.851	850.229
3.852	833.277
3.853	816.547
3.854	799.871
3.855	783.097
3.856	766.092
3.857	748.751
3.858	730.998
3.859	712.789
3.86	694.117
3.861	675.008
3.862	655.527
3.863	635.772
3.864	615.876
3.865	595.998
3.866	576.326
3.867	557.065
3.868	538.433
3.869	520.657
3.87	503.961
3.871	488.565
3.872	474.671
3.873	462.46
3.874	452.084
3.875	443.664
3.876	437.282
3.877	432.978
3.878	430.751
3.879	430.556
3.88	432.31
3.881	435.889
3.882	441.141
3.883	447.884
3.884	455.922
3.885	465.046
3.886	475.052
3.887	485.744
3.888	496.948
3.889	508.518
3.89	520.351
3.891	532.383
3.892	544.607
3.893	557.064
3.894	569.85
3.895	583.114
3.896	597.048
3.897	611.883
3.898	627.876
3.899	645.299
3.9	664.425
3.901	685.51
3.902	708.779
3.903	734.41
3.904	762.517
3.905	793.139
3.906	826.228
3.907	861.642
3.908	899.139
3.909	938.377
3.91	978.922
3.911	1020.25
3.912	1061.75
3.913	1102.78
3.914	1142.62
3.915	1180.55
3.916	1215.85
3.917	1247.82
3.918	1275.8
3.919	1299.22
3.92	1317.58
3.921	1330.48
3.922	1337.65
3.923	1338.93
3.924	1334.32
3.925	1323.9
3.926	1307.92
3.927	1286.71
3.928	1260.73
3.929	1230.48
3.93	1196.58
3.931	1159.65
3.932	1120.36
3.933	1079.37
3.934	1037.35
3.935	994.898
3.936	952.602
3.937	910.972
3.938	870.454
3.939	831.419
3.94	794.161
3.941	758.899
3.942	725.778
3.943	694.876
3.944	666.211
3.945	639.751
3.946	615.42
3.947	593.115
3.948	572.709
3.949	554.062
3.95	537.034
3.951	521.485
3.952	507.286
3.953	494.322
3.954	482.492
3.955	471.715
3.956	461.926
3.957	453.08
3.958	445.144
3.959	438.101
3.96	431.944
3.961	426.672
3.962	422.292
3.963	418.814
3.964	416.249
3.965	414.608
3.966	413.905
3.967	414.148
3.968	415.349
3.969	417.518
3.97	420.665
3.971	424.803
3.972	429.946
3.973	436.109
3.974	443.312
3.975	451.574
3.976	460.917
3.977	471.362
3.978	482.928
3.979	495.632
3.98	509.483
3.981	524.487
3.982	540.637
3.983	557.919
3.984	576.308
3.985	595.767
3.986	616.25
3.987	637.705
3.988	660.072
3.989	683.286
3.99	707.286
3.991	732.011
3.992	757.408
3.993	783.431
3.994	810.048
3.995	837.235
3.996	864.982
3.997	893.289
3.998	922.16
3.999	951.603
4	981.62
4.001	1012.2
4.002	1043.33
4.003	1074.94
4.004	1106.95
4.005	1139.23
4.006	1171.61
4.007	1203.87
4.008	1235.75
4.009	1266.92
4.01	1297.03
4.011	1325.69
4.012	1352.49
4.013	1377.01
4.014	1398.82
4.015	1417.53
4.016	1432.77
4.017	1444.23
4.018	1451.66
4.019	1454.88
4.02	1453.81
4.021	1448.46
4.022	1438.92
4.023	1425.39
4.024	1408.15
4.025	1387.56
4.026	1364.05
4.027	1338.1
4.028	1310.24
4.029	1280.99
4.03	1250.91
4.031	1220.51
4.032	1190.29
4.033	1160.72
4.034	1132.19
4.035	1105.03
4.036	1079.52
4.037	1055.87
4.038	1034.22
4.039	1014.63
4.04	997.146
4.041	981.724
4.042	968.306
4.043	956.796
4.044	947.079
4.045	939.029
4.046	932.512
4.047	927.395
4.048	923.549
4.049	920.847
4.05	919.171
4.051	918.404
4.052	918.428
4.053	919.123
4.054	920.364
4.055	922.01
4.056	923.91
4.057	925.891
4.058	927.765
4.059	929.325
4.06	930.348
4.061	930.598
4.062	929.833
4.063	927.809
4.064	924.289
4.065	919.051
4.066	911.896
4.067	902.657
4.068	891.204
4.069	877.454
4.07	861.374
4.071	842.984
4.072	822.359
4.073	799.628
4.074	774.975
4.075	748.63
4.076	720.868
4.077	691.996
4.078	662.354
4.079	632.297
4.08	602.191
4.081	572.405
4.082	543.297
4.083	515.21
4.084	488.466
4.085	463.353
4.086	440.128
4.087	419.009
4.088	400.171
4.089	383.752
4.09	369.844
4.091	358.502
4.092	349.743
4.093	343.551
4.094	339.878
4.095	338.653
4.096	339.782
4.097	343.157
4.098	348.658
4.099	356.155
4.1	365.517
4.101	376.609
4.102	389.298
4.103	403.45
4.104	418.935
4.105	435.62
4.106	453.373
4.107	472.056
4.108	491.526
4.109	511.631
4.11	532.207
4.111	553.078
4.112	574.048
4.113	594.91
4.114	615.439
4.115	635.395
4.116	654.528
4.117	672.582
4.118	689.298
4.119	704.423
4.12	717.714
4.121	728.951
4.122	737.941
4.123	744.527
4.124	748.595
4.125	750.081
4.126	748.977
4.127	745.33
4.128	739.251
4.129	730.907
4.13	720.527
4.131	708.389
4.132	694.82
4.133	680.184
4.134	664.877
4.135	649.312
4.136	633.906
4.137	619.075
4.138	605.214
4.139	592.691
4.14	581.832
4.141	572.912
4.142	566.147
4.143	561.689
4.144	559.617
4.145	559.937
4.146	562.581
4.147	567.407
4.148	574.206
4.149	582.704
4.15	592.572
4.151	603.435
4.152	614.88
4.153	626.471
4.154	637.762
4.155	648.304
4.156	657.662
4.157	665.428
4.158	671.226
4.159	674.73
4.16	675.666
4.161	673.821
4.162	669.048
4.163	661.269
4.164	650.473
4.165	636.719
4.166	620.129
4.167	600.883
4.168	579.216
4.169	555.406
4.17	529.768
4.171	502.642
4.172	474.389
4.173	445.374
4.174	415.963
4.175	386.514
4.176	357.366
4.177	328.838
4.178	301.219
4.179	274.771
4.18	249.717
4.181	226.249
4.182	204.524
4.183	184.664
4.184	166.761
4.185	150.877
4.186	137.049
4.187	125.293
4.188	115.607
4.189	107.977
4.19	102.379
4.191	98.7878
4.192	97.1765
4.193	97.5245
4.194	99.8208
4.195	104.068
4.196	110.285
4.197	118.514
4.198	128.821
4.199	141.299
4.2	156.071
4.201	173.294
4.202	193.154
4.203	215.874
4.204	241.708
4.205	270.939
4.206	303.877
4.207	340.855
4.208	382.219
4.209	428.32
4.21	479.508
4.211	536.116
4.212	598.447
4.213	666.764
4.214	741.273
4.215	822.105
4.216	909.306
4.217	1002.82
4.218	1102.48
4.219	1207.99
4.22	1318.92
4.221	1434.71
4.222	1554.66
4.223	1677.92
4.224	1803.51
4.225	1930.34
4.226	2057.21
4.227	2182.81
4.228	2305.79
4.229	2424.73
4.23	2538.21
4.231	2644.82
4.232	2743.17
4.233	2831.96
4.234	2909.99
4.235	2976.17
4.236	3029.56
4.237	3069.41
4.238	3095.14
4.239	3106.37
4.24	3102.96
4.241	3084.95
4.242	3052.63
4.243	3006.46
4.244	2947.13
4.245	2875.5
4.246	2792.61
4.247	2699.61
4.248	2597.81
4.249	2488.58
4.25	2373.36
4.251	2253.63
4.252	2130.84
4.253	2006.47
4.254	1881.89
4.255	1758.43
4.256	1637.32
4.257	1519.65
4.258	1406.41
4.259	1298.41
4.26	1196.36
4.261	1100.77
4.262	1012.04
4.263	930.403
4.264	855.96
4.265	788.691
4.266	728.46
4.267	675.037
4.268	628.11
4.269	587.306
4.27	552.204
4.271	522.358
4.272	497.306
4.273	476.591
4.274	459.771
4.275	446.429
4.276	436.183
4.277	428.693
4.278	423.662
4.279	420.84
4.28	420.023
4.281	421.047
4.282	423.788
4.283	428.153
4.284	434.072
4.285	441.492
4.286	450.37
4.287	460.662
4.288	472.317
4.289	485.273
4.29	499.449
4.291	514.74
4.292	531.019
4.293	548.136
4.294	565.915
4.295	584.16
4.296	602.66
4.297	621.193
4.298	639.531
4.299	657.448
4.3	674.73
4.301	691.175
4.302	706.604
4.303	720.866
4.304	733.84
4.305	745.442
4.306	755.62
4.307	764.361
4.308	771.686
4.309	777.646
4.31	782.323
4.311	785.819
4.312	788.255
4.313	789.767
4.314	790.492
4.315	790.574
4.316	790.148
4.317	789.345
4.318	788.283
4.319	787.068
4.32	785.792
4.321	784.531
4.322	783.35
4.323	782.3
4.324	781.424
4.325	780.757
4.326	780.329
4.327	780.168
4.328	780.3
4.329	780.755
4.33	781.564
4.331	782.762
4.332	784.387
4.333	786.481
4.334	789.088
4.335	792.255
4.336	796.029
4.337	800.459
4.338	805.593
4.339	811.482
4.34	818.178
4.341	825.737
4.342	834.223
4.343	843.708
4.344	854.278
4.345	866.036
4.346	879.108
4.347	893.642
4.348	909.818
4.349	927.843
4.35	947.958
4.351	970.433
4.352	995.564
4.353	1023.67
4.354	1055.09
4.355	1090.17
4.356	1129.24
4.357	1172.63
4.358	1220.61
4.359	1273.44
4.36	1331.28
4.361	1394.23
4.362	1462.29
4.363	1535.37
4.364	1613.22
4.365	1695.52
4.366	1781.78
4.367	1871.4
4.368	1963.67
4.369	2057.75
4.37	2152.7
4.371	2247.54
4.372	2341.18
4.373	2432.56
4.374	2520.57
4.375	2604.17
4.376	2682.36
4.377	2754.22
4.378	2818.98
4.379	2875.97
4.38	2924.69
4.381	2964.83
4.382	2996.22
4.383	3018.9
4.384	3033.06
4.385	3039.06
4.386	3037.4
4.387	3028.69
4.388	3013.64
4.389	2993.01
4.39	2967.6
4.391	2938.2
4.392	2905.56
4.393	2870.38
4.394	2833.26
4.395	2794.71
4.396	2755.11
4.397	2714.72
4.398	2673.67
4.399	2631.99
4.4	2589.57
4.401	2546.23
4.402	2501.71
4.403	2455.72
4.404	2407.91
4.405	2357.96
4.406	2305.57
4.407	2250.5
4.408	2192.57
4.409	2131.66
4.41	2067.79
4.411	2001.05
4.412	1931.64
4.413	1859.86
4.414	1786.09
4.415	1710.8
4.416	1634.53
4.417	1557.85
4.418	1481.38
4.419	1405.74
4.42	1331.56
4.421	1259.44
4.422	1189.96
4.423	1123.66
4.424	1061
4.425	1002.43
4.426	948.314
4.427	898.971
4.428	854.667
4.429	815.618
4.43	782.004
4.431	753.969
4.432	731.636
4.433	715.109
4.434	704.485
4.435	699.859
4.436	701.328
4.437	708.992
4.438	722.959
4.439	743.34
4.44	770.247
4.441	803.785
4.442	844.044
4.443	891.089
4.444	944.947
4.445	1005.6
4.446	1072.96
4.447	1146.86
4.448	1227.06
4.449	1313.19
4.45	1404.79
4.451	1501.28
4.452	1601.94
4.453	1705.95
4.454	1812.33
4.455	1920.02
4.456	2027.86
4.457	2134.57
4.458	2238.84
4.459	2339.31
4.46	2434.59
4.461	2523.34
4.462	2604.24
4.463	2676.07
4.464	2737.72
4.465	2788.22
4.466	2826.78
4.467	2852.8
4.468	2865.89
4.469	2865.88
4.47	2852.86
4.471	2827.11
4.472	2789.15
4.473	2739.73
4.474	2679.74
4.475	2610.28
4.476	2532.55
4.477	2447.86
4.478	2357.58
4.479	2263.11
4.48	2165.83
4.481	2067.09
4.482	1968.14
4.483	1870.14
4.484	1774.12
4.485	1680.97
4.486	1591.41
4.487	1506.01
4.488	1425.18
4.489	1349.16
4.49	1278.05
4.491	1211.82
4.492	1150.33
4.493	1093.33
4.494	1040.52
4.495	991.537
4.496	945.983
4.497	903.464
4.498	863.59
4.499	825.997
4.5	790.362
4.501	756.41
4.502	723.92
4.503	692.732
4.504	662.744
4.505	633.909
4.506	606.234
4.507	579.771
4.508	554.606
4.509	530.858
4.51	508.66
4.511	488.156
4.512	469.491
4.513	452.802
4.514	438.21
4.515	425.817
4.516	415.7
4.517	407.907
4.518	402.46
4.519	399.349
4.52	398.538
4.521	399.965
4.522	403.547
4.523	409.182
4.524	416.753
4.525	426.135
4.526	437.199
4.527	449.813
4.528	463.853
4.529	479.201
4.53	495.75
4.531	513.41
4.532	532.103
4.533	551.772
4.534	572.379
4.535	593.902
4.536	616.339
4.537	639.704
4.538	664.025
4.539	689.342
4.54	715.704
4.541	743.166
4.542	771.782
4.543	801.606
4.544	832.682
4.545	865.042
4.546	898.7
4.547	933.65
4.548	969.859
4.549	1007.26
4.55	1045.77
4.551	1085.24
4.552	1125.51
4.553	1166.37
4.554	1207.58
4.555	1248.85
4.556	1289.86
4.557	1330.27
4.558	1369.71
4.559	1407.78
4.56	1444.08
4.561	1478.2
4.562	1509.74
4.563	1538.29
4.564	1563.49
4.565	1584.98
4.566	1602.47
4.567	1615.67
4.568	1624.37
4.569	1628.41
4.57	1627.67
4.571	1622.12
4.572	1611.76
4.573	1596.67
4.574	1576.98
4.575	1552.88
4.576	1524.6
4.577	1492.43
4.578	1456.69
4.579	1417.72
4.58	1375.91
4.581	1331.66
4.582	1285.37
4.583	1237.46
4.584	1188.33
4.585	1138.4
4.586	1088.06
4.587	1037.69
4.588	987.649
4.589	938.28
4.59	889.902
4.591	842.811
4.592	797.279
4.593	753.555
4.594	711.866
4.595	672.415
4.596	635.384
4.597	600.935
4.598	569.211
4.599	540.338
4.6	514.424
4.601	491.561
4.602	471.829
4.603	455.289
4.604	441.993
4.605	431.977
4.606	425.264
4.607	421.864
4.608	421.772
4.609	424.97
4.61	431.422
4.611	441.076
4.612	453.858
4.613	469.677
4.614	488.417
4.615	509.936
4.616	534.066
4.617	560.611
4.618	589.344
4.619	620.006
4.62	652.308
4.621	685.929
4.622	720.517
4.623	755.696
4.624	791.062
4.625	826.195
4.626	860.658
4.627	894.008
4.628	925.802
4.629	955.603
4.63	982.994
4.631	1007.58
4.632	1029
4.633	1046.93
4.634	1061.11
4.635	1071.31
4.636	1077.39
4.637	1079.25
4.638	1076.87
4.639	1070.3
4.64	1059.64
4.641	1045.06
4.642	1026.8
4.643	1005.14
4.644	980.39
4.645	952.927
4.646	923.136
4.647	891.423
4.648	858.202
4.649	823.887
4.65	788.882
4.651	753.575
4.652	718.328
4.653	683.476
4.654	649.318
4.655	616.118
4.656	584.104
4.657	553.465
4.658	524.354
4.659	496.891
4.66	471.167
4.661	447.245
4.662	425.169
4.663	404.967
4.664	386.655
4.665	370.244
4.666	355.744
4.667	343.171
4.668	332.543
4.669	323.891
4.67	317.258
4.671	312.698
4.672	310.278
4.673	310.078
4.674	312.185
4.675	316.694
4.676	323.704
4.677	333.311
4.678	345.607
4.679	360.669
4.68	378.562
4.681	399.324
4.682	422.967
4.683	449.47
4.684	478.776
4.685	510.785
4.686	545.353
4.687	582.294
4.688	621.371
4.689	662.307
4.69	704.781
4.691	748.435
4.692	792.878
4.693	837.696
4.694	882.461
4.695	926.74
4.696	970.105
4.697	1012.15
4.698	1052.51
4.699	1090.85
4.7	1126.91
4.701	1160.51
4.702	1191.54
4.703	1220
4.704	1245.98
4.705	1269.69
4.706	1291.46
4.707	1311.72
4.708	1331.01
4.709	1349.97
4.71	1369.34
4.711	1389.91
4.712	1412.54
4.713	1438.1
4.714	1467.49
4.715	1501.56
4.716	1541.12
4.717	1586.91
4.718	1639.54
4.719	1699.51
4.72	1767.14
4.721	1842.58
4.722	1925.8
4.723	2016.54
4.724	2114.35
4.725	2218.54
4.726	2328.27
4.727	2442.45
4.728	2559.86
4.729	2679.12
4.73	2798.73
4.731	2917.12
4.732	3032.65
4.733	3143.69
4.734	3248.62
4.735	3345.91
4.736	3434.1
4.737	3511.89
4.738	3578.15
4.739	3631.92
4.74	3672.45
4.741	3699.25
4.742	3712.02
4.743	3710.71
4.744	3695.53
4.745	3666.87
4.746	3625.36
4.747	3571.82
4.748	3507.23
4.749	3432.73
4.75	3349.56
4.751	3259.08
4.752	3162.69
4.753	3061.83
4.754	2957.95
4.755	2852.5
4.756	2746.86
4.757	2642.35
4.758	2540.22
4.759	2441.6
4.76	2347.51
4.761	2258.86
4.762	2176.41
4.763	2100.78
4.764	2032.45
4.765	1971.77
4.766	1918.94
4.767	1874.05
4.768	1837.04
4.769	1807.76
4.77	1785.95
4.771	1771.26
4.772	1763.26
4.773	1761.47
4.774	1765.35
4.775	1774.32
4.776	1787.78
4.777	1805.12
4.778	1825.73
4.779	1848.99
4.78	1874.31
4.781	1901.11
4.782	1928.83
4.783	1956.94
4.784	1984.93
4.785	2012.34
4.786	2038.72
4.787	2063.62
4.788	2086.67
4.789	2107.49
4.79	2125.72
4.791	2141.05
4.792	2153.18
4.793	2161.84
4.794	2166.82
4.795	2167.9
4.796	2164.95
4.797	2157.87
4.798	2146.63
4.799	2131.24
4.8	2111.83
4.801	2088.56
4.802	2061.7
4.803	2031.6
4.804	1998.7
4.805	1963.52
4.806	1926.67
4.807	1888.84
4.808	1850.77
4.809	1813.27
4.81	1777.17
4.811	1743.34
4.812	1712.66
4.813	1685.98
4.814	1664.11
4.815	1647.81
4.816	1637.77
4.817	1634.57
4.818	1638.67
4.819	1650.42
4.82	1670.01
4.821	1697.48
4.822	1732.72
4.823	1775.44
4.824	1825.2
4.825	1881.42
4.826	1943.36
4.827	2010.14
4.828	2080.79
4.829	2154.22
4.83	2229.29
4.831	2304.78
4.832	2379.46
4.833	2452.11
4.834	2521.52
4.835	2586.53
4.836	2646.04
4.837	2699.06
4.838	2744.7
4.839	2782.19
4.84	2810.91
4.841	2830.38
4.842	2840.24
4.843	2840.33
4.844	2830.6
4.845	2811.16
4.846	2782.24
4.847	2744.21
4.848	2697.55
4.849	2642.81
4.85	2580.67
4.851	2511.83
4.852	2437.07
4.853	2357.18
4.854	2273
4.855	2185.35
4.856	2095.06
4.857	2002.93
4.858	1909.75
4.859	1816.28
4.86	1723.23
4.861	1631.26
4.862	1541.02
4.863	1453.1
4.864	1368.03
4.865	1286.32
4.866	1208.45
4.867	1134.84
4.868	1065.89
4.869	1001.99
4.87	943.464
4.871	890.646
4.872	843.834
4.873	803.309
4.874	769.325
4.875	742.118
4.876	721.892
4.877	708.825
4.878	703.055
4.879	704.681
4.88	713.753
4.881	730.265
4.882	754.147
4.883	785.261
4.884	823.394
4.885	868.25
4.886	919.447
4.887	976.521
4.888	1038.92
4.889	1105.99
4.89	1177.04
4.891	1251.27
4.892	1327.84
4.893	1405.85
4.894	1484.39
4.895	1562.51
4.896	1639.29
4.897	1713.83
4.898	1785.28
4.899	1852.86
4.9	1915.87
4.901	1973.72
4.902	2025.96
4.903	2072.25
4.904	2112.41
4.905	2146.4
4.906	2174.35
4.907	2196.5
4.908	2213.27
4.909	2225.19
4.91	2232.9
4.911	2237.14
4.912	2238.72
4.913	2238.52
4.914	2237.42
4.915	2236.32
4.916	2236.11
4.917	2237.63
4.918	2241.65
4.919	2248.89
4.92	2259.95
4.921	2275.34
4.922	2295.47
4.923	2320.62
4.924	2350.97
4.925	2386.59
4.926	2427.42
4.927	2473.33
4.928	2524.1
4.929	2579.41
4.93	2638.89
4.931	2702.13
4.932	2768.65
4.933	2837.95
4.934	2909.51
4.935	2982.8
4.936	3057.25
4.937	3132.31
4.938	3207.43
4.939	3282.04
4.94	3355.56
4.941	3427.42
4.942	3497.03
4.943	3563.8
4.944	3627.11
4.945	3686.33
4.946	3740.83
4.947	3789.95
4.948	3833.05
4.949	3869.47
4.95	3898.57
4.951	3919.76
4.952	3932.46
4.953	3936.16
4.954	3930.45
4.955	3914.98
4.956	3889.55
4.957	3854.07
4.958	3808.6
4.959	3753.35
4.96	3688.7
4.961	3615.21
4.962	3533.58
4.963	3444.67
4.964	3349.49
4.965	3249.18
4.966	3144.98
4.967	3038.19
4.968	2930.17
4.969	2822.3
4.97	2715.94
4.971	2612.4
4.972	2512.89
4.973	2418.53
4.974	2330.31
4.975	2249.05
4.976	2175.39
4.977	2109.79
4.978	2052.51
4.979	2003.63
4.98	1963.03
4.981	1930.4
4.982	1905.28
4.983	1887.05
4.984	1874.97
4.985	1868.2
4.986	1865.81
4.987	1866.84
4.988	1870.29
4.989	1875.17
4.99	1880.54
4.991	1885.5
4.992	1889.23
4.993	1891.01
4.994	1890.24
4.995	1886.43
4.996	1879.24
4.997	1868.47
4.998	1854.06
4.999	1836.1
5	1814.79
5.001	1790.5
5.002	1763.7
5.003	1734.95
5.004	1704.93
5.005	1674.39
5.006	1644.11
5.007	1614.95
5.008	1587.77
5.009	1563.42
5.01	1542.75
5.011	1526.57
5.012	1515.62
5.013	1510.59
5.014	1512.07
5.015	1520.53
5.016	1536.36
5.017	1559.78
5.018	1590.9
5.019	1629.66
5.02	1675.87
5.021	1729.17
5.022	1789.05
5.023	1854.85
5.024	1925.77
5.025	2000.86
5.026	2079.08
5.027	2159.28
5.028	2240.21
5.029	2320.61
5.03	2399.14
5.031	2474.5
5.032	2545.41
5.033	2610.63
5.034	2669.05
5.035	2719.62
5.036	2761.49
5.037	2793.92
5.038	2816.39
5.039	2828.53
5.04	2830.2
5.041	2821.44
5.042	2802.49
5.043	2773.77
5.044	2735.85
5.045	2689.48
5.046	2635.5
5.047	2574.89
5.048	2508.65
5.049	2437.86
5.05	2363.62
5.051	2286.99
5.052	2209.02
5.053	2130.7
5.054	2052.94
5.055	1976.58
5.056	1902.36
5.057	1830.9
5.058	1762.75
5.059	1698.32
5.06	1637.93
5.061	1581.82
5.062	1530.13
5.063	1482.9
5.064	1440.12
5.065	1401.7
5.066	1367.5
5.067	1337.34
5.068	1310.97
5.069	1288.12
5.07	1268.5
5.071	1251.78
5.072	1237.62
5.073	1225.64
5.074	1215.48
5.075	1206.75
5.076	1199.07
5.077	1192.06
5.078	1185.35
5.079	1178.57
5.08	1171.39
5.081	1163.47
5.082	1154.55
5.083	1144.36
5.084	1132.69
5.085	1119.39
5.086	1104.32
5.087	1087.42
5.088	1068.68
5.089	1048.11
5.09	1025.81
5.091	1001.9
5.092	976.528
5.093	949.903
5.094	922.244
5.095	893.791
5.096	864.797
5.097	835.516
5.098	806.198
5.099	777.079
5.1	748.376
5.101	720.284
5.102	692.967
5.103	666.557
5.104	641.155
5.105	616.827
5.106	593.612
5.107	571.516
5.108	550.525
5.109	530.603
5.11	511.703
5.111	493.77
5.112	476.749
5.113	460.591
5.114	445.259
5.115	430.732
5.116	417.012
5.117	404.129
5.118	392.141
5.119	381.137
5.12	371.239
5.121	362.6
5.122	355.405
5.123	349.868
5.124	346.226
5.125	344.74
5.126	345.684
5.127	349.344
5.128	356.008
5.129	365.961
5.13	379.475
5.131	396.799
5.132	418.155
5.133	443.725
5.134	473.642
5.135	507.98
5.136	546.75
5.137	589.887
5.138	637.245
5.139	688.591
5.14	743.605
5.141	801.873
5.142	862.891
5.143	926.067
5.144	990.727
5.145	1056.13
5.146	1121.46
5.147	1185.87
5.148	1248.48
5.149	1308.39
5.15	1364.72
5.151	1416.59
5.152	1463.22
5.153	1503.84
5.154	1537.82
5.155	1564.59
5.156	1583.74
5.157	1594.95
5.158	1598.08
5.159	1593.09
5.16	1580.11
5.161	1559.4
5.162	1531.33
5.163	1496.42
5.164	1455.26
5.165	1408.56
5.166	1357.08
5.167	1301.63
5.168	1243.05
5.169	1182.2
5.17	1119.93
5.171	1057.07
5.172	994.39
5.173	932.644
5.174	872.508
5.175	814.594
5.176	759.447
5.177	707.537
5.178	659.265
5.179	614.961
5.18	574.889
5.181	539.257
5.182	508.213
5.183	481.864
5.184	460.27
5.185	443.459
5.186	431.429
5.187	424.152
5.188	421.582
5.189	423.652
5.19	430.278
5.191	441.362
5.192	456.787
5.193	476.419
5.194	500.103
5.195	527.664
5.196	558.898
5.197	593.576
5.198	631.437
5.199	672.188
5.2	715.504
5.201	761.027
5.202	808.367
5.203	857.107
5.204	906.807
5.205	957.006
5.206	1007.24
5.207	1057.04
5.208	1105.94
5.209	1153.52
5.21	1199.37
5.211	1243.13
5.212	1284.52
5.213	1323.31
5.214	1359.37
5.215	1392.63
5.216	1423.16
5.217	1451.1
5.218	1476.7
5.219	1500.32
5.22	1522.4
5.221	1543.46
5.222	1564.11
5.223	1584.98
5.224	1606.75
5.225	1630.09
5.226	1655.67
5.227	1684.1
5.228	1715.92
5.229	1751.59
5.23	1791.43
5.231	1835.64
5.232	1884.25
5.233	1937.15
5.234	1994.04
5.235	2054.46
5.236	2117.79
5.237	2183.26
5.238	2249.97
5.239	2316.92
5.24	2383.02
5.241	2447.16
5.242	2508.18
5.243	2564.99
5.244	2616.53
5.245	2661.84
5.246	2700.07
5.247	2730.52
5.248	2752.66
5.249	2766.14
5.25	2770.77
5.251	2766.59
5.252	2753.78
5.253	2732.71
5.254	2703.89
5.255	2667.96
5.256	2625.67
5.257	2577.84
5.258	2525.35
5.259	2469.09
5.26	2409.96
5.261	2348.8
5.262	2286.45
5.263	2223.63
5.264	2161.04
5.265	2099.25
5.266	2038.78
5.267	1980.03
5.268	1923.34
5.269	1868.97
5.27	1817.14
5.271	1767.98
5.272	1721.63
5.273	1678.16
5.274	1637.66
5.275	1600.2
5.276	1565.88
5.277	1534.78
5.278	1507.02
5.279	1482.73
5.28	1462.06
5.281	1445.18
5.282	1432.23
5.283	1423.4
5.284	1418.82
5.285	1418.61
5.286	1422.88
5.287	1431.66
5.288	1444.95
5.289	1462.66
5.29	1484.64
5.291	1510.66
5.292	1540.42
5.293	1573.53
5.294	1609.51
5.295	1647.82
5.296	1687.85
5.297	1728.94
5.298	1770.39
5.299	1811.46
5.3	1851.43
5.301	1889.56
5.302	1925.15
5.303	1957.55
5.304	1986.16
5.305	2010.46
5.306	2030.03
5.307	2044.54
5.308	2053.78
5.309	2057.63
5.31	2056.11
5.311	2049.33
5.312	2037.52
5.313	2021
5.314	2000.15
5.315	1975.44
5.316	1947.38
5.317	1916.53
5.318	1883.43
5.319	1848.64
5.32	1812.7
5.321	1776.1
5.322	1739.3
5.323	1702.69
5.324	1666.61
5.325	1631.31
5.326	1596.99
5.327	1563.78
5.328	1531.75
5.329	1500.9
5.33	1471.22
5.331	1442.63
5.332	1415.05
5.333	1388.39
5.334	1362.57
5.335	1337.51
5.336	1313.14
5.337	1289.46
5.338	1266.46
5.339	1244.2
5.34	1222.76
5.341	1202.27
5.342	1182.87
5.343	1164.75
5.344	1148.11
5.345	1133.16
5.346	1120.11
5.347	1109.17
5.348	1100.53
5.349	1094.35
5.35	1090.76
5.351	1089.86
5.352	1091.68
5.353	1096.24
5.354	1103.49
5.355	1113.33
5.356	1125.62
5.357	1140.19
5.358	1156.81
5.359	1175.25
5.36	1195.23
5.361	1216.47
5.362	1238.68
5.363	1261.56
5.364	1284.83
5.365	1308.21
5.366	1331.45
5.367	1354.29
5.368	1376.52
5.369	1397.96
5.37	1418.42
5.371	1437.76
5.372	1455.85
5.373	1472.59
5.374	1487.89
5.375	1501.67
5.376	1513.86
5.377	1524.4
5.378	1533.24
5.379	1540.32
5.38	1545.61
5.381	1549.06
5.382	1550.63
5.383	1550.28
5.384	1547.99
5.385	1543.73
5.386	1537.49
5.387	1529.28
5.388	1519.1
5.389	1506.98
5.39	1492.98
5.391	1477.14
5.392	1459.56
5.393	1440.32
5.394	1419.56
5.395	1397.4
5.396	1373.99
5.397	1349.5
5.398	1324.11
5.399	1298
5.4	1271.39
5.401	1244.49
5.402	1217.52
5.403	1190.73
5.404	1164.34
5.405	1138.63
5.406	1113.86
5.407	1090.3
5.408	1068.26
5.409	1048.02
5.41	1029.92
5.411	1014.28
5.412	1001.45
5.413	991.804
5.414	985.704
5.415	983.539
5.416	985.701
5.417	992.584
5.418	1004.58
5.419	1022.06
5.42	1045.38
5.421	1074.86
5.422	1110.77
5.423	1153.34
5.424	1202.71
5.425	1258.92
5.426	1321.94
5.427	1391.59
5.428	1467.59
5.429	1549.5
5.43	1636.77
5.431	1728.68
5.432	1824.35
5.433	1922.8
5.434	2022.9
5.435	2123.39
5.436	2222.96
5.437	2320.2
5.438	2413.67
5.439	2501.92
5.44	2583.52
5.441	2657.11
5.442	2721.43
5.443	2775.34
5.444	2817.86
5.445	2848.2
5.446	2865.78
5.447	2870.25
5.448	2861.5
5.449	2839.66
5.45	2805.11
5.451	2758.46
5.452	2700.53
5.453	2632.35
5.454	2555.12
5.455	2470.19
5.456	2379.01
5.457	2283.12
5.458	2184.08
5.459	2083.49
5.46	1982.9
5.461	1883.82
5.462	1787.66
5.463	1695.73
5.464	1609.23
5.465	1529.19
5.466	1456.49
5.467	1391.86
5.468	1335.85
5.469	1288.87
5.47	1251.13
5.471	1222.71
5.472	1203.54
5.473	1193.4
5.474	1191.96
5.475	1198.76
5.476	1213.25
5.477	1234.78
5.478	1262.65
5.479	1296.05
5.48	1334.17
5.481	1376.14
5.482	1421.06
5.483	1468.01
5.484	1516.1
5.485	1564.42
5.486	1612.08
5.487	1658.23
5.488	1702.08
5.489	1742.84
5.49	1779.84
5.491	1812.43
5.492	1840.07
5.493	1862.28
5.494	1878.69
5.495	1889.02
5.496	1893.07
5.497	1890.76
5.498	1882.08
5.499	1867.14
5.5	1846.12
5.501	1819.3
5.502	1787.03
5.503	1749.73
5.504	1707.88
5.505	1662
5.506	1612.66
5.507	1560.46
5.508	1506
5.509	1449.9
5.51	1392.76
5.511	1335.19
5.512	1277.75
5.513	1220.99
5.514	1165.43
5.515	1111.55
5.516	1059.79
5.517	1010.56
5.518	964.209
5.519	921.077
5.52	881.458
5.521	845.615
5.522	813.785
5.523	786.179
5.524	762.987
5.525	744.376
5.526	730.496
5.527	721.476
5.528	717.426
5.529	718.43
5.53	724.552
5.531	735.821
5.532	752.233
5.533	773.747
5.534	800.272
5.535	831.669
5.536	867.743
5.537	908.238
5.538	952.836
5.539	1001.15
5.54	1052.74
5.541	1107.09
5.542	1163.62
5.543	1221.72
5.544	1280.7
5.545	1339.86
5.546	1398.46
5.547	1455.75
5.548	1510.96
5.549	1563.37
5.55	1612.24
5.551	1656.9
5.552	1696.74
5.553	1731.21
5.554	1759.82
5.555	1782.21
5.556	1798.09
5.557	1807.3
5.558	1809.77
5.559	1805.55
5.56	1794.8
5.561	1777.8
5.562	1754.92
5.563	1726.63
5.564	1693.46
5.565	1656.04
5.566	1615.03
5.567	1571.14
5.568	1525.1
5.569	1477.64
5.57	1429.49
5.571	1381.34
5.572	1333.84
5.573	1287.59
5.574	1243.11
5.575	1200.87
5.576	1161.23
5.577	1124.48
5.578	1090.82
5.579	1060.35
5.58	1033.11
5.581	1009.02
5.582	987.968
5.583	969.757
5.584	954.137
5.585	940.819
5.586	929.476
5.587	919.762
5.588	911.323
5.589	903.802
5.59	896.859
5.591	890.172
5.592	883.45
5.593	876.442
5.594	868.94
5.595	860.787
5.596	851.879
5.597	842.168
5.598	831.665
5.599	820.438
5.6	808.612
5.601	796.365
5.602	783.928
5.603	771.576
5.604	759.628
5.605	748.436
5.606	738.38
5.607	729.86
5.608	723.289
5.609	719.081
5.61	717.644
5.611	719.369
5.612	724.62
5.613	733.722
5.614	746.956
5.615	764.543
5.616	786.638
5.617	813.32
5.618	844.588
5.619	880.348
5.62	920.416
5.621	964.512
5.622	1012.26
5.623	1063.19
5.624	1116.75
5.625	1172.29
5.626	1229.12
5.627	1286.47
5.628	1343.53
5.629	1399.48
5.63	1453.5
5.631	1504.76
5.632	1552.49
5.633	1595.96
5.634	1634.55
5.635	1667.7
5.636	1694.97
5.637	1716.06
5.638	1730.77
5.639	1739.08
5.64	1741.07
5.641	1736.98
5.642	1727.19
5.643	1712.17
5.644	1692.51
5.645	1668.91
5.646	1642.12
5.647	1612.94
5.648	1582.2
5.649	1550.76
5.65	1519.43
5.651	1489.02
5.652	1460.27
5.653	1433.86
5.654	1410.4
5.655	1390.4
5.656	1374.29
5.657	1362.38
5.658	1354.91
5.659	1352.01
5.66	1353.71
5.661	1359.97
5.662	1370.66
5.663	1385.58
5.664	1404.46
5.665	1427
5.666	1452.83
5.667	1481.54
5.668	1512.69
5.669	1545.84
5.67	1580.48
5.671	1616.11
5.672	1652.23
5.673	1688.32
5.674	1723.83
5.675	1758.26
5.676	1791.09
5.677	1821.8
5.678	1849.93
5.679	1875.01
5.68	1896.61
5.681	1914.37
5.682	1927.95
5.683	1937.09
5.684	1941.6
5.685	1941.36
5.686	1936.33
5.687	1926.57
5.688	1912.22
5.689	1893.52
5.69	1870.8
5.691	1844.46
5.692	1815
5.693	1782.99
5.694	1749.05
5.695	1713.84
5.696	1678.07
5.697	1642.46
5.698	1607.72
5.699	1574.53
5.7	1543.56
5.701	1515.4
5.702	1490.57
5.703	1469.51
5.704	1452.54
5.705	1439.89
5.706	1431.65
5.707	1427.8
5.708	1428.19
5.709	1432.54
5.71	1440.47
5.711	1451.47
5.712	1464.97
5.713	1480.29
5.714	1496.71
5.715	1513.48
5.716	1529.83
5.717	1544.99
5.718	1558.24
5.719	1568.9
5.72	1576.37
5.721	1580.16
5.722	1579.88
5.723	1575.25
5.724	1566.16
5.725	1552.61
5.726	1534.76
5.727	1512.91
5.728	1487.48
5.729	1459.06
5.73	1428.33
5.731	1396.08
5.732	1363.2
5.733	1330.66
5.734	1299.49
5.735	1270.74
5.736	1245.51
5.737	1224.9
5.738	1209.97
5.739	1201.78
5.74	1201.3
5.741	1209.45
5.742	1227.05
5.743	1254.83
5.744	1293.35
5.745	1343.07
5.746	1404.27
5.747	1477.05
5.748	1561.35
5.749	1656.9
5.75	1763.23
5.751	1879.7
5.752	2005.45
5.753	2139.43
5.754	2280.44
5.755	2427.1
5.756	2577.92
5.757	2731.26
5.758	2885.44
5.759	3038.72
5.76	3189.35
5.761	3335.59
5.762	3475.77
5.763	3608.31
5.764	3731.77
5.765	3844.82
5.766	3946.35
5.767	4035.42
5.768	4111.29
5.769	4173.45
5.77	4221.6
5.771	4255.63
5.772	4275.67
5.773	4282
5.774	4275.08
5.775	4255.53
5.776	4224.09
5.777	4181.59
5.778	4128.97
5.779	4067.19
5.78	3997.28
5.781	3920.26
5.782	3837.17
5.783	3749.01
5.784	3656.76
5.785	3561.35
5.786	3463.66
5.787	3364.51
5.788	3264.65
5.789	3164.78
5.79	3065.49
5.791	2967.35
5.792	2870.82
5.793	2776.31
5.794	2684.16
5.795	2594.64
5.796	2507.99
5.797	2424.38
5.798	2343.94
5.799	2266.78
5.8	2192.98
5.801	2122.59
5.802	2055.68
5.803	1992.3
5.804	1932.53
5.805	1876.46
5.806	1824.2
5.807	1775.9
5.808	1731.73
5.809	1691.9
5.81	1656.64
5.811	1626.22
5.812	1600.91
5.813	1580.99
5.814	1566.74
5.815	1558.41
5.816	1556.24
5.817	1560.39
5.818	1571.01
5.819	1588.11
5.82	1611.68
5.821	1641.55
5.822	1677.49
5.823	1719.13
5.824	1766
5.825	1817.49
5.826	1872.91
5.827	1931.43
5.828	1992.15
5.829	2054.08
5.83	2116.15
5.831	2177.26
5.832	2236.27
5.833	2292.04
5.834	2343.44
5.835	2389.39
5.836	2428.87
5.837	2460.93
5.838	2484.74
5.839	2499.6
5.84	2504.93
5.841	2500.33
5.842	2485.53
5.843	2460.46
5.844	2425.21
5.845	2380.03
5.846	2325.34
5.847	2261.73
5.848	2189.89
5.849	2110.68
5.85	2025.03
5.851	1933.96
5.852	1838.56
5.853	1739.93
5.854	1639.21
5.855	1537.51
5.856	1435.91
5.857	1335.43
5.858	1237.03
5.859	1141.57
5.86	1049.83
5.861	962.477
5.862	880.061
5.863	803.035
5.864	731.74
5.865	666.417
5.866	607.212
5.867	554.189
5.868	507.334
5.869	466.577
5.87	431.793
5.871	402.821
5.872	379.47
5.873	361.53
5.874	348.78
5.875	340.994
5.876	337.943
5.877	339.4
5.878	345.136
5.879	354.925
5.88	368.536
5.881	385.731
5.882	406.262
5.883	429.865
5.884	456.259
5.885	485.138
5.886	516.174
5.887	549.011
5.888	583.27
5.889	618.547
5.89	654.422
5.891	690.462
5.892	726.225
5.893	761.277
5.894	795.191
5.895	827.565
5.896	858.028
5.897	886.249
5.898	911.948
5.899	934.901
5.9	954.945
5.901	971.986
5.902	985.992
5.903	997.003
5.904	1005.12
5.905	1010.5
5.906	1013.35
5.907	1013.93
5.908	1012.53
5.909	1009.46
5.91	1005.03
5.911	999.579
5.912	993.424
5.913	986.865
5.914	980.184
5.915	973.628
5.916	967.413
5.917	961.718
5.918	956.684
5.919	952.413
5.92	948.975
5.921	946.405
5.922	944.71
5.923	943.876
5.924	943.868
5.925	944.637
5.926	946.128
5.927	948.279
5.928	951.031
5.929	954.323
5.93	958.104
5.931	962.327
5.932	966.954
5.933	971.956
5.934	977.313
5.935	983.013
5.936	989.055
5.937	995.445
5.938	1002.2
5.939	1009.35
5.94	1016.94
5.941	1025.03
5.942	1033.68
5.943	1042.99
5.944	1053.09
5.945	1064.11
5.946	1076.24
5.947	1089.68
5.948	1104.65
5.949	1121.43
5.95	1140.29
5.951	1161.53
5.952	1185.47
5.953	1212.4
5.954	1242.63
5.955	1276.41
5.956	1313.95
5.957	1355.42
5.958	1400.87
5.959	1450.3
5.96	1503.58
5.961	1560.46
5.962	1620.58
5.963	1683.44
5.964	1748.43
5.965	1814.81
5.966	1881.75
5.967	1948.31
5.968	2013.51
5.969	2076.31
5.97	2135.66
5.971	2190.53
5.972	2239.93
5.973	2282.94
5.974	2318.75
5.975	2346.65
5.976	2366.11
5.977	2376.72
5.978	2378.27
5.979	2370.71
5.98	2354.17
5.981	2328.94
5.982	2295.48
5.983	2254.4
5.984	2206.42
5.985	2152.41
5.986	2093.3
5.987	2030.1
5.988	1963.88
5.989	1895.75
5.99	1826.8
5.991	1758.15
5.992	1690.89
5.993	1626.07
5.994	1564.7
5.995	1507.73
5.996	1456.03
5.997	1410.41
5.998	1371.56
5.999	1340.09
6	1316.5
6.001	1301.15
6.002	1294.28
6.003	1296
6.004	1306.26
6.005	1324.86
6.006	1351.46
6.007	1385.55
6.008	1426.46
6.009	1473.4
6.01	1525.43
6.011	1581.49
6.012	1640.42
6.013	1700.99
6.014	1761.9
6.015	1821.85
6.016	1879.55
6.017	1933.74
6.018	1983.23
6.019	2026.95
6.02	2063.97
6.021	2093.49
6.022	2114.91
6.023	2127.83
6.024	2132.02
6.025	2127.48
6.026	2114.41
6.027	2093.19
6.028	2064.38
6.029	2028.7
6.03	1987
6.031	1940.24
6.032	1889.43
6.033	1835.66
6.034	1780.01
6.035	1723.56
6.036	1667.35
6.037	1612.36
6.038	1559.48
6.039	1509.51
6.04	1463.14
6.041	1420.94
6.042	1383.35
6.043	1350.72
6.044	1323.23
6.045	1300.98
6.046	1283.94
6.047	1272
6.048	1264.93
6.049	1262.43
6.05	1264.15
6.051	1269.65
6.052	1278.45
6.053	1290.03
6.054	1303.87
6.055	1319.4
6.056	1336.06
6.057	1353.3
6.058	1370.59
6.059	1387.43
6.06	1403.34
6.061	1417.92
6.062	1430.8
6.063	1441.69
6.064	1450.37
6.065	1456.69
6.066	1460.59
6.067	1462.09
6.068	1461.27
6.069	1458.3
6.07	1453.42
6.071	1446.94
6.072	1439.18
6.073	1430.54
6.074	1421.42
6.075	1412.24
6.076	1403.4
6.077	1395.27
6.078	1388.2
6.079	1382.49
6.08	1378.35
6.081	1375.94
6.082	1375.33
6.083	1376.51
6.084	1379.36
6.085	1383.72
6.086	1389.3
6.087	1395.78
6.088	1402.76
6.089	1409.79
6.09	1416.4
6.091	1422.09
6.092	1426.37
6.093	1428.77
6.094	1428.82
6.095	1426.14
6.096	1420.39
6.097	1411.3
6.098	1398.68
6.099	1382.42
6.1	1362.53
6.101	1339.08
6.102	1312.25
6.103	1282.3
6.104	1249.56
6.105	1214.45
6.106	1177.44
6.107	1139.07
6.108	1099.89
6.109	1060.51
6.11	1021.52
6.111	983.515
6.112	947.094
6.113	912.81
6.114	881.177
6.115	852.657
6.116	827.649
6.117	806.478
6.118	789.388
6.119	776.535
6.12	767.988
6.121	763.72
6.122	763.611
6.123	767.453
6.124	774.95
6.125	785.729
6.126	799.346
6.127	815.296
6.128	833.032
6.129	851.971
6.13	871.515
6.131	891.066
6.132	910.04
6.133	927.886
6.134	944.104
6.135	958.253
6.136	969.969
6.137	978.973
6.138	985.083
6.139	988.214
6.14	988.386
6.141	985.72
6.142	980.434
6.143	972.842
6.144	963.336
6.145	952.382
6.146	940.506
6.147	928.273
6.148	916.28
6.149	905.136
6.15	895.445
6.151	887.794
6.152	882.74
6.153	880.793
6.154	882.41
6.155	887.985
6.156	897.84
6.157	912.222
6.158	931.298
6.159	955.153
6.16	983.794
6.161	1017.14
6.162	1055.04
6.163	1097.25
6.164	1143.47
6.165	1193.32
6.166	1246.34
6.167	1302.04
6.168	1359.84
6.169	1419.12
6.17	1479.23
6.171	1539.44
6.172	1599.03
6.173	1657.24
6.174	1713.3
6.175	1766.44
6.176	1815.9
6.177	1860.92
6.178	1900.82
6.179	1934.92
6.18	1962.64
6.181	1983.44
6.182	1996.88
6.183	2002.61
6.184	2000.39
6.185	1990.07
6.186	1971.63
6.187	1945.16
6.188	1910.87
6.189	1869.06
6.19	1820.17
6.191	1764.7
6.192	1703.27
6.193	1636.55
6.194	1565.29
6.195	1490.27
6.196	1412.31
6.197	1332.26
6.198	1250.93
6.199	1169.15
6.2	1087.72
6.201	1007.38
6.202	928.838
6.203	852.741
6.204	779.668
6.205	710.133
6.206	644.581
6.207	583.386
6.208	526.859
6.209	475.247
6.21	428.738
6.211	387.47
6.212	351.537
6.213	320.994
6.214	295.866
6.215	276.153
6.216	261.835
6.217	252.882
6.218	249.252
6.219	250.894
6.22	257.754
6.221	269.77
6.222	286.872
6.223	308.979
6.224	335.999
6.225	367.819
6.226	404.303
6.227	445.286
6.228	490.571
6.229	539.918
6.23	593.047
6.231	649.629
6.232	709.282
6.233	771.575
6.234	836.026
6.235	902.099
6.236	969.216
6.237	1036.75
6.238	1104.05
6.239	1170.44
6.24	1235.21
6.241	1297.66
6.242	1357.1
6.243	1412.86
6.244	1464.3
6.245	1510.85
6.246	1551.97
6.247	1587.24
6.248	1616.29
6.249	1638.86
6.25	1654.82
6.251	1664.11
6.252	1666.81
6.253	1663.11
6.254	1653.3
6.255	1637.79
6.256	1617.04
6.257	1591.64
6.258	1562.21
6.259	1529.43
6.26	1494
6.261	1456.62
6.262	1418.01
6.263	1378.84
6.264	1339.72
6.265	1301.21
6.266	1263.81
6.267	1227.91
6.268	1193.8
6.269	1161.72
6.27	1131.75
6.271	1103.92
6.272	1078.17
6.273	1054.35
6.274	1032.26
6.275	1011.65
6.276	992.221
6.277	973.688
6.278	955.748
6.279	938.122
6.28	920.561
6.281	902.862
6.282	884.88
6.283	866.53
6.284	847.797
6.285	828.735
6.286	809.467
6.287	790.179
6.288	771.113
6.289	752.56
6.29	734.844
6.291	718.313
6.292	703.324
6.293	690.228
6.294	679.356
6.295	671.008
6.296	665.438
6.297	662.842
6.298	663.354
6.299	667.037
6.3	673.875
6.301	683.778
6.302	696.576
6.303	712.026
6.304	729.816
6.305	749.574
6.306	770.872
6.307	793.246
6.308	816.202
6.309	839.23
6.31	861.822
6.311	883.482
6.312	903.744
6.313	922.185
6.314	938.435
6.315	952.194
6.316	963.235
6.317	971.42
6.318	976.697
6.319	979.109
6.32	978.793
6.321	975.975
6.322	970.969
6.323	964.166
6.324	956.026
6.325	947.069
6.326	937.853
6.327	928.969
6.328	921.019
6.329	914.604
6.33	910.304
6.331	908.668
6.332	910.195
6.333	915.325
6.334	924.425
6.335	937.783
6.336	955.598
6.337	977.976
6.338	1004.93
6.339	1036.37
6.34	1072.12
6.341	1111.91
6.342	1155.38
6.343	1202.11
6.344	1251.59
6.345	1303.26
6.346	1356.52
6.347	1410.73
6.348	1465.23
6.349	1519.36
6.35	1572.45
6.351	1623.86
6.352	1673
6.353	1719.3
6.354	1762.28
6.355	1801.48
6.356	1836.57
6.357	1867.27
6.358	1893.4
6.359	1914.83
6.36	1931.57
6.361	1943.65
6.362	1951.22
6.363	1954.45
6.364	1953.59
6.365	1948.92
6.366	1940.72
6.367	1929.31
6.368	1915.01
6.369	1898.1
6.37	1878.86
6.371	1857.52
6.372	1834.28
6.373	1809.32
6.374	1782.75
6.375	1754.66
6.376	1725.08
6.377	1694.05
6.378	1661.56
6.379	1627.59
6.38	1592.13
6.381	1555.17
6.382	1516.7
6.383	1476.76
6.384	1435.4
6.385	1392.69
6.386	1348.75
6.387	1303.73
6.388	1257.82
6.389	1211.24
6.39	1164.24
6.391	1117.07
6.392	1070.03
6.393	1023.41
6.394	977.508
6.395	932.612
6.396	889.005
6.397	846.95
6.398	806.688
6.399	768.43
6.4	732.36
6.401	698.624
6.402	667.335
6.403	638.569
6.404	612.368
6.405	588.741
6.406	567.663
6.407	549.083
6.408	532.924
6.409	519.087
6.41	507.456
6.411	497.899
6.412	490.274
6.413	484.432
6.414	480.218
6.415	477.476
6.416	476.047
6.417	475.775
6.418	476.504
6.419	478.079
6.42	480.349
6.421	483.165
6.422	486.378
6.423	489.844
6.424	493.418
6.425	496.96
6.426	500.33
6.427	503.395
6.428	506.027
6.429	508.104
6.43	509.515
6.431	510.162
6.432	509.96
6.433	508.845
6.434	506.771
6.435	503.716
6.436	499.682
6.437	494.697
6.438	488.816
6.439	482.119
6.44	474.713
6.441	466.725
6.442	458.304
6.443	449.614
6.444	440.829
6.445	432.132
6.446	423.705
6.447	415.726
6.448	408.365
6.449	401.775
6.45	396.091
6.451	391.425
6.452	387.865
6.453	385.469
6.454	384.269
6.455	384.267
6.456	385.441
6.457	387.742
6.458	391.101
6.459	395.431
6.46	400.631
6.461	406.593
6.462	413.204
6.463	420.353
6.464	427.934
6.465	435.854
6.466	444.032
6.467	452.407
6.468	460.939
6.469	469.61
6.47	478.429
6.471	487.429
6.472	496.667
6.473	506.224
6.474	516.202
6.475	526.723
6.476	537.92
6.477	549.939
6.478	562.927
6.479	577.034
6.48	592.398
6.481	609.146
6.482	627.386
6.483	647.198
6.484	668.632
6.485	691.703
6.486	716.386
6.487	742.613
6.488	770.272
6.489	799.208
6.49	829.224
6.491	860.083
6.492	891.511
6.493	923.205
6.494	954.84
6.495	986.072
6.496	1016.55
6.497	1045.93
6.498	1073.85
6.499	1100.01
6.5	1124.1
6.501	1145.84
6.502	1165
6.503	1181.39
6.504	1194.85
6.505	1205.28
6.506	1212.62
6.507	1216.84
6.508	1217.97
6.509	1216.07
6.51	1211.23
6.511	1203.58
6.512	1193.26
6.513	1180.46
6.514	1165.35
6.515	1148.13
6.516	1129.02
6.517	1108.24
6.518	1086.01
6.519	1062.56
6.52	1038.12
6.521	1012.93
6.522	987.239
6.523	961.289
6.524	935.334
6.525	909.633
6.526	884.45
6.527	860.055
6.528	836.718
6.529	814.712
6.53	794.307
6.531	775.77
6.532	759.354
6.533	745.299
6.534	733.824
6.535	725.123
6.536	719.355
6.537	716.644
6.538	717.069
6.539	720.662
6.54	727.404
6.541	737.221
6.542	749.985
6.543	765.512
6.544	783.565
6.545	803.858
6.546	826.06
6.547	849.8
6.548	874.679
6.549	900.276
6.55	926.16
6.551	951.895
6.552	977.059
6.553	1001.25
6.554	1024.08
6.555	1045.23
6.556	1064.4
6.557	1081.35
6.558	1095.89
6.559	1107.89
6.56	1117.28
6.561	1124.04
6.562	1128.21
6.563	1129.87
6.564	1129.13
6.565	1126.16
6.566	1121.13
6.567	1114.25
6.568	1105.72
6.569	1095.77
6.57	1084.59
6.571	1072.41
6.572	1059.4
6.573	1045.75
6.574	1031.61
6.575	1017.13
6.576	1002.44
6.577	987.625
6.578	972.795
6.579	958.023
6.58	943.378
6.581	928.919
6.582	914.698
6.583	900.763
6.584	887.159
6.585	873.926
6.586	861.105
6.587	848.731
6.588	836.837
6.589	825.454
6.59	814.606
6.591	804.315
6.592	794.596
6.593	785.459
6.594	776.911
6.595	768.957
6.596	761.6
6.597	754.847
6.598	748.712
6.599	743.217
6.6	738.399
6.601	734.314
6.602	731.039
6.603	728.677
6.604	727.357
6.605	727.237
6.606	728.504
6.607	731.367
6.608	736.061
6.609	742.835
6.61	751.949
6.611	763.663
6.612	778.231
6.613	795.885
6.614	816.831
6.615	841.234
6.616	869.211
6.617	900.818
6.618	936.045
6.619	974.812
6.62	1016.96
6.621	1062.25
6.622	1110.38
6.623	1160.95
6.624	1213.51
6.625	1267.54
6.626	1322.48
6.627	1377.72
6.628	1432.63
6.629	1486.54
6.63	1538.82
6.631	1588.81
6.632	1635.92
6.633	1679.54
6.634	1719.17
6.635	1754.31
6.636	1784.56
6.637	1809.59
6.638	1829.13
6.639	1842.99
6.64	1851.08
6.641	1853.37
6.642	1849.89
6.643	1840.78
6.644	1826.22
6.645	1806.45
6.646	1781.77
6.647	1752.53
6.648	1719.09
6.649	1681.88
6.65	1641.31
6.651	1597.83
6.652	1551.88
6.653	1503.91
6.654	1454.36
6.655	1403.65
6.656	1352.19
6.657	1300.38
6.658	1248.59
6.659	1197.18
6.66	1146.48
6.661	1096.82
6.662	1048.48
6.663	1001.74
6.664	956.879
6.665	914.137
6.666	873.75
6.667	835.937
6.668	800.9
6.669	768.823
6.67	739.867
6.671	714.172
6.672	691.846
6.673	672.967
6.674	657.575
6.675	645.67
6.676	637.209
6.677	632.105
6.678	630.222
6.679	631.38
6.68	635.357
6.681	641.889
6.682	650.68
6.683	661.405
6.684	673.723
6.685	687.285
6.686	701.744
6.687	716.763
6.688	732.032
6.689	747.274
6.69	762.252
6.691	776.781
6.692	790.732
6.693	804.032
6.694	816.671
6.695	828.693
6.696	840.199
6.697	851.339
6.698	862.299
6.699	873.297
6.7	884.57
6.701	896.359
6.702	908.902
6.703	922.417
6.704	937.095
6.705	953.088
6.706	970.501
6.707	989.387
6.708	1009.75
6.709	1031.52
6.71	1054.59
6.711	1078.8
6.712	1103.94
6.713	1129.76
6.714	1156.01
6.715	1182.39
6.716	1208.61
6.717	1234.41
6.718	1259.52
6.719	1283.7
6.72	1306.78
6.721	1328.58
6.722	1349.02
6.723	1368.04
6.724	1385.63
6.725	1401.84
6.726	1416.75
6.727	1430.48
6.728	1443.17
6.729	1454.97
6.73	1466.06
6.731	1476.59
6.732	1486.71
6.733	1496.55
6.734	1506.21
6.735	1515.75
6.736	1525.19
6.737	1534.52
6.738	1543.68
6.739	1552.58
6.74	1561.07
6.741	1569.02
6.742	1576.22
6.743	1582.48
6.744	1587.58
6.745	1591.31
6.746	1593.44
6.747	1593.78
6.748	1592.13
6.749	1588.31
6.75	1582.16
6.751	1573.55
6.752	1562.38
6.753	1548.56
6.754	1532.03
6.755	1512.77
6.756	1490.77
6.757	1466.06
6.758	1438.68
6.759	1408.71
6.76	1376.25
6.761	1341.42
6.762	1304.36
6.763	1265.24
6.764	1224.24
6.765	1181.57
6.766	1137.44
6.767	1092.09
6.768	1045.76
6.769	998.708
6.77	951.189
6.771	903.46
6.772	855.779
6.773	808.395
6.774	761.549
6.775	715.472
6.776	670.378
6.777	626.465
6.778	583.914
6.779	542.887
6.78	503.525
6.781	465.952
6.782	430.272
6.783	396.571
6.784	364.921
6.785	335.378
6.786	307.989
6.787	282.789
6.788	259.808
6.789	239.069
6.79	220.596
6.791	204.412
6.792	190.543
6.793	179.019
6.794	169.878
6.795	163.165
6.796	158.934
6.797	157.247
6.798	158.178
6.799	161.808
6.8	168.226
6.801	177.528
6.802	189.812
6.803	205.18
6.804	223.725
6.805	245.538
6.806	270.695
6.807	299.254
6.808	331.252
6.809	366.696
6.81	405.559
6.811	447.776
6.812	493.238
6.813	541.788
6.814	593.22
6.815	647.277
6.816	703.649
6.817	761.974
6.818	821.846
6.819	882.811
6.82	944.379
6.821	1006.03
6.822	1067.21
6.823	1127.38
6.824	1185.96
6.825	1242.4
6.826	1296.16
6.827	1346.74
6.828	1393.65
6.829	1436.47
6.83	1474.85
6.831	1508.46
6.832	1537.07
6.833	1560.53
6.834	1578.76
6.835	1591.74
6.836	1599.56
6.837	1602.37
6.838	1600.4
6.839	1593.94
6.84	1583.35
6.841	1569.04
6.842	1551.46
6.843	1531.09
6.844	1508.44
6.845	1484.03
6.846	1458.35
6.847	1431.91
6.848	1405.16
6.849	1378.54
6.85	1352.43
6.851	1327.13
6.852	1302.91
6.853	1279.97
6.854	1258.41
6.855	1238.29
6.856	1219.6
6.857	1202.24
6.858	1186.09
6.859	1170.97
6.86	1156.63
6.861	1142.85
6.862	1129.34
6.863	1115.83
6.864	1102.07
6.865	1087.79
6.866	1072.77
6.867	1056.84
6.868	1039.84
6.869	1021.69
6.87	1002.35
6.871	981.828
6.872	960.197
6.873	937.578
6.874	914.141
6.875	890.1
6.876	865.704
6.877	841.228
6.878	816.969
6.879	793.229
6.88	770.312
6.881	748.51
6.882	728.094
6.883	709.305
6.884	692.347
6.885	677.382
6.886	664.518
6.887	653.814
6.888	645.27
6.889	638.834
6.89	634.398
6.891	631.802
6.892	630.841
6.893	631.271
6.894	632.813
6.895	635.164
6.896	638.006
6.897	641.015
6.898	643.869
6.899	646.259
6.9	647.896
6.901	648.519
6.902	647.904
6.903	645.865
6.904	642.264
6.905	637.007
6.906	630.052
6.907	621.403
6.908	611.113
6.909	599.28
6.91	586.042
6.911	571.572
6.912	556.077
6.913	539.787
6.914	522.952
6.915	505.834
6.916	488.704
6.917	471.832
6.918	455.487
6.919	439.928
6.92	425.401
6.921	412.136
6.922	400.345
6.923	390.216
6.924	381.915
6.925	375.584
6.926	371.338
6.927	369.268
6.928	369.436
6.929	371.88
6.93	376.612
6.931	383.617
6.932	392.858
6.933	404.27
6.934	417.77
6.935	433.249
6.936	450.58
6.937	469.617
6.938	490.197
6.939	512.145
6.94	535.272
6.941	559.384
6.942	584.278
6.943	609.756
6.944	635.619
6.945	661.676
6.946	687.748
6.947	713.671
6.948	739.3
6.949	764.513
6.95	789.212
6.951	813.325
6.952	836.812
6.953	859.659
6.954	881.881
6.955	903.52
6.956	924.644
6.957	945.343
6.958	965.723
6.959	985.905
6.96	1006.02
6.961	1026.2
6.962	1046.57
6.963	1067.25
6.964	1088.35
6.965	1109.95
6.966	1132.11
6.967	1154.86
6.968	1178.2
6.969	1202.07
6.97	1226.4
6.971	1251.05
6.972	1275.87
6.973	1300.64
6.974	1325.13
6.975	1349.05
6.976	1372.09
6.977	1393.94
6.978	1414.25
6.979	1432.68
6.98	1448.88
6.981	1462.53
6.982	1473.34
6.983	1481.03
6.984	1485.39
6.985	1486.25
6.986	1483.51
6.987	1477.14
6.988	1467.18
6.989	1453.74
6.99	1437
6.991	1417.23
6.992	1394.75
6.993	1369.94
6.994	1343.25
6.995	1315.13
6.996	1286.09
6.997	1256.65
6.998	1227.3
6.999	1198.55
7	1170.87
7.001	1144.68
7.002	1120.36
7.003	1098.25
7.004	1078.59
7.005	1061.58
7.006	1047.33
7.007	1035.91
7.008	1027.3
7.009	1021.42
7.01	1018.15
7.011	1017.31
7.012	1018.69
7.013	1022.06
7.014	1027.15
7.015	1033.69
7.016	1041.43
7.017	1050.09
7.018	1059.45
7.019	1069.27
7.02	1079.35
7.021	1089.52
7.022	1099.65
7.023	1109.61
7.024	1119.31
7.025	1128.7
7.026	1137.72
7.027	1146.36
7.028	1154.59
7.029	1162.41
7.03	1169.83
7.031	1176.82
7.032	1183.39
7.033	1189.52
7.034	1195.18
7.035	1200.33
7.036	1204.93
7.037	1208.9
7.038	1212.18
7.039	1214.67
7.04	1216.3
7.041	1216.97
7.042	1216.57
7.043	1215.02
7.044	1212.22
7.045	1208.09
7.046	1202.56
7.047	1195.57
7.048	1187.07
7.049	1177.04
7.05	1165.47
7.051	1152.35
7.052	1137.73
7.053	1121.63
7.054	1104.13
7.055	1085.31
7.056	1065.27
7.057	1044.12
7.058	1022
7.059	999.069
7.06	975.477
7.061	951.409
7.062	927.052
7.063	902.604
7.064	878.268
7.065	854.252
7.066	830.763
7.067	808.003
7.068	786.168
7.069	765.443
7.07	745.997
7.071	727.981
7.072	711.524
7.073	696.73
7.074	683.679
7.075	672.419
7.076	662.974
7.077	655.337
7.078	649.475
7.079	645.328
7.08	642.815
7.081	641.834
7.082	642.265
7.083	643.976
7.084	646.824
7.085	650.661
7.086	655.335
7.087	660.695
7.088	666.596
7.089	672.897
7.09	679.47
7.091	686.197
7.092	692.977
7.093	699.724
7.094	706.372
7.095	712.879
7.096	719.223
7.097	725.409
7.098	731.47
7.099	737.463
7.1	743.479
7.101	749.632
7.102	756.067
7.103	762.952
7.104	770.478
7.105	778.854
7.106	788.3
7.107	799.041
7.108	811.3
7.109	825.285
7.11	841.186
7.111	859.155
7.112	879.308
7.113	901.703
7.114	926.341
7.115	953.153
7.116	981.997
7.117	1012.66
7.118	1044.83
7.119	1078.16
7.12	1112.2
7.121	1146.44
7.122	1180.35
7.123	1213.34
7.124	1244.81
7.125	1274.14
7.126	1300.76
7.127	1324.09
7.128	1343.65
7.129	1359
7.13	1369.78
7.131	1375.74
7.132	1376.74
7.133	1372.73
7.134	1363.79
7.135	1350.09
7.136	1331.92
7.137	1309.67
7.138	1283.78
7.139	1254.81
7.14	1223.31
7.141	1189.91
7.142	1155.23
7.143	1119.89
7.144	1084.49
7.145	1049.59
7.146	1015.71
7.147	983.292
7.148	952.713
7.149	924.272
7.15	898.187
7.151	874.594
7.152	853.55
7.153	835.035
7.154	818.962
7.155	805.181
7.156	793.492
7.157	783.65
7.158	775.377
7.159	768.376
7.16	762.333
7.161	756.935
7.162	751.873
7.163	746.852
7.164	741.595
7.165	735.854
7.166	729.409
7.167	722.074
7.168	713.698
7.169	704.17
7.17	693.411
7.171	681.384
7.172	668.082
7.173	653.536
7.174	637.804
7.175	620.975
7.176	603.162
7.177	584.498
7.178	565.138
7.179	545.249
7.18	525.013
7.181	504.618
7.182	484.259
7.183	464.134
7.184	444.44
7.185	425.371
7.186	407.115
7.187	389.851
7.188	373.749
7.189	358.965
7.19	345.636
7.191	333.887
7.192	323.82
7.193	315.515
7.194	309.034
7.195	304.412
7.196	301.662
7.197	300.773
7.198	301.713
7.199	304.427
7.2	308.84
7.201	314.859
7.202	322.379
7.203	331.279
7.204	341.434
7.205	352.712
7.206	364.981
7.207	378.112
7.208	391.982
7.209	406.479
7.21	421.501
7.211	436.962
7.212	452.79
7.213	468.927
7.214	485.333
7.215	501.979
7.216	518.846
7.217	535.926
7.218	553.213
7.219	570.7
7.22	588.379
7.221	606.231
7.222	624.224
7.223	642.311
7.224	660.424
7.225	678.476
7.226	696.353
7.227	713.922
7.228	731.025
7.229	747.489
7.23	763.122
7.231	777.721
7.232	791.079
7.233	802.991
7.234	813.256
7.235	821.691
7.236	828.132
7.237	832.444
7.238	834.526
7.239	834.313
7.24	831.786
7.241	826.967
7.242	819.925
7.243	810.775
7.244	799.673
7.245	786.819
7.246	772.444
7.247	756.812
7.248	740.208
7.249	722.936
7.25	705.304
7.251	687.625
7.252	670.203
7.253	653.328
7.254	637.269
7.255	622.271
7.256	608.545
7.257	596.268
7.258	585.58
7.259	576.582
7.26	569.334
7.261	563.858
7.262	560.14
7.263	558.13
7.264	557.745
7.265	558.875
7.266	561.387
7.267	565.127
7.268	569.923
7.269	575.597
7.27	581.961
7.271	588.826
7.272	596.003
7.273	603.313
7.274	610.583
7.275	617.655
7.276	624.385
7.277	630.652
7.278	636.352
7.279	641.408
7.28	645.767
7.281	649.402
7.282	652.312
7.283	654.524
7.284	656.088
7.285	657.081
7.286	657.598
7.287	657.752
7.288	657.671
7.289	657.491
7.29	657.351
7.291	657.389
7.292	657.734
7.293	658.501
7.294	659.787
7.295	661.664
7.296	664.176
7.297	667.336
7.298	671.122
7.299	675.48
7.3	680.322
7.301	685.529
7.302	690.956
7.303	696.435
7.304	701.782
7.305	706.805
7.306	711.31
7.307	715.108
7.308	718.025
7.309	719.909
7.31	720.634
7.311	720.108
7.312	718.277
7.313	715.128
7.314	710.688
7.315	705.027
7.316	698.254
7.317	690.513
7.318	681.981
7.319	672.859
7.32	663.368
7.321	653.74
7.322	644.212
7.323	635.015
7.324	626.374
7.325	618.492
7.326	611.554
7.327	605.714
7.328	601.099
7.329	597.8
7.33	595.877
7.331	595.355
7.332	596.228
7.333	598.46
7.334	601.989
7.335	606.729
7.336	612.577
7.337	619.417
7.338	627.12
7.339	635.554
7.34	644.585
7.341	654.077
7.342	663.902
7.343	673.935
7.344	684.056
7.345	694.157
7.346	704.134
7.347	713.89
7.348	723.338
7.349	732.394
7.35	740.98
7.351	749.023
7.352	756.455
7.353	763.212
7.354	769.235
7.355	774.471
7.356	778.873
7.357	782.401
7.358	785.027
7.359	786.73
7.36	787.504
7.361	787.356
7.362	786.305
7.363	784.387
7.364	781.652
7.365	778.162
7.366	773.996
7.367	769.24
7.368	763.993
7.369	758.359
7.37	752.447
7.371	746.366
7.372	740.228
7.373	734.135
7.374	728.188
7.375	722.477
7.376	717.079
7.377	712.063
7.378	707.483
7.379	703.377
7.38	699.772
7.381	696.678
7.382	694.092
7.383	691.997
7.384	690.36
7.385	689.14
7.386	688.281
7.387	687.716
7.388	687.369
7.389	687.155
7.39	686.981
7.391	686.748
7.392	686.351
7.393	685.687
7.394	684.648
7.395	683.13
7.396	681.037
7.397	678.277
7.398	674.774
7.399	670.464
7.4	665.304
7.401	659.27
7.402	652.365
7.403	644.615
7.404	636.078
7.405	626.838
7.406	617.01
7.407	606.734
7.408	596.177
7.409	585.53
7.41	575
7.411	564.809
7.412	555.185
7.413	546.36
7.414	538.562
7.415	532.004
7.416	526.887
7.417	523.386
7.418	521.646
7.419	521.783
7.42	523.874
7.421	527.959
7.422	534.039
7.423	542.076
7.424	551.995
7.425	563.687
7.426	577.013
7.427	591.807
7.428	607.885
7.429	625.049
7.43	643.092
7.431	661.808
7.432	680.992
7.433	700.452
7.434	720.009
7.435	739.501
7.436	758.788
7.437	777.753
7.438	796.301
7.439	814.358
7.44	831.873
7.441	848.813
7.442	865.158
7.443	880.904
7.444	896.05
7.445	910.602
7.446	924.566
7.447	937.945
7.448	950.735
7.449	962.926
7.45	974.498
7.451	985.422
7.452	995.658
7.453	1005.16
7.454	1013.88
7.455	1021.75
7.456	1028.72
7.457	1034.73
7.458	1039.74
7.459	1043.71
7.46	1046.59
7.461	1048.38
7.462	1049.07
7.463	1048.68
7.464	1047.23
7.465	1044.78
7.466	1041.37
7.467	1037.09
7.468	1032.01
7.469	1026.23
7.47	1019.83
7.471	1012.94
7.472	1005.63
7.473	998.008
7.474	990.171
7.475	982.205
7.476	974.192
7.477	966.209
7.478	958.328
7.479	950.614
7.48	943.132
7.481	935.944
7.482	929.115
7.483	922.711
7.484	916.808
7.485	911.486
7.486	906.838
7.487	902.968
7.488	899.99
7.489	898.034
7.49	897.239
7.491	897.756
7.492	899.744
7.493	903.368
7.494	908.793
7.495	916.184
7.496	925.698
7.497	937.479
7.498	951.655
7.499	968.328
