0.5	0
0.501	0
0.502	0
0.503	0
0.504	0
0.505	0
0.506	0
0.507	0
0.508	0
0.509	0
0.51	0
0.511	0
0.512	0
0.513	0
0.514	0
0.515	0
0.516	0
0.517	0
0.518	0
0.519	0
0.52	0
0.521	0
0.522	0
0.523	0
0.524	0
0.525	0
0.526	0
0.527	0
0.528	0
0.529	0
0.53	0
0.531	0
0.532	0
0.533	0
0.534	0
0.535	0
0.536	0
0.537	0
0.538	0
0.539	0
0.54	0
0.541	0
0.542	0
0.543	0
0.544	0
0.545	0
0.546	8.65257e-320
0.547	1.48185e-316
0.548	2.45755e-313
0.549	3.92495e-310
0.55	6.03668e-307
0.551	8.9412e-304
0.552	1.27534e-300
0.553	1.75182e-297
0.554	2.31732e-294
0.555	2.952e-291
0.556	3.62143e-288
0.557	4.27835e-285
0.558	4.86749e-282
0.559	5.33295e-279
0.56	5.62682e-276
0.561	5.7173e-273
0.562	5.59439e-270
0.563	5.27166e-267
0.564	4.78383e-264
0.565	4.18058e-261
0.566	3.51828e-258
0.567	2.8514e-255
0.568	2.22545e-252
0.569	1.67267e-249
0.57	1.2107e-246
0.571	8.43912e-244
0.572	5.66487e-241
0.573	3.66198e-238
0.574	2.27968e-235
0.575	1.36668e-232
0.576	7.89027e-230
0.577	4.38682e-227
0.578	2.34878e-224
0.579	1.21106e-221
0.58	6.01345e-219
0.581	2.87551e-216
0.582	1.32415e-213
0.583	5.87212e-211
0.584	2.50775e-208
0.585	1.03135e-205
0.586	4.08474e-203
0.587	1.55795e-200
0.588	5.72237e-198
0.589	2.0241e-195
0.59	6.89477e-193
0.591	2.26173e-190
0.592	7.14491e-188
0.593	2.17362e-185
0.594	6.36804e-183
0.595	1.79663e-180
0.596	4.88143e-178
0.597	1.27722e-175
0.598	3.21826e-173
0.599	7.80922e-171
0.6	1.82485e-168
0.601	4.10658e-166
0.602	8.89951e-164
0.603	1.85731e-161
0.604	3.73282e-159
0.605	7.22474e-157
0.606	1.34661e-154
0.607	2.41709e-152
0.608	4.17808e-150
0.609	6.95495e-148
0.61	1.11492e-145
0.611	1.72119e-143
0.612	2.55886e-141
0.613	3.6635e-139
0.614	5.05102e-137
0.615	6.70649e-135
0.616	8.57521e-133
0.617	1.05591e-130
0.618	1.25211e-128
0.619	1.42985e-126
0.62	1.57244e-124
0.621	1.66529e-122
0.622	1.69839e-120
0.623	1.66808e-118
0.624	1.57773e-116
0.625	1.43708e-114
0.626	1.26055e-112
0.627	1.06481e-110
0.628	8.66204e-109
0.629	6.78578e-107
0.63	5.11933e-105
0.631	3.71928e-103
0.632	2.60218e-101
0.633	1.75328e-99
0.634	1.13762e-97
0.635	7.10844e-96
0.636	4.27746e-94
0.637	2.47874e-92
0.638	1.38327e-90
0.639	7.43394e-89
0.64	3.84736e-87
0.641	1.91752e-85
0.642	9.20344e-84
0.643	4.25396e-82
0.644	1.89352e-80
0.645	8.1167e-79
0.646	3.3506e-77
0.647	1.33198e-75
0.648	5.09926e-74
0.649	1.87996e-72
0.65	6.67458e-71
0.651	2.28209e-69
0.652	7.51404e-68
0.653	2.38258e-66
0.654	7.27537e-65
0.655	2.13942e-63
0.656	6.05856e-62
0.657	1.65225e-60
0.658	4.33926e-59
0.659	1.09746e-57
0.66	2.67298e-56
0.661	6.26952e-55
0.662	1.41614e-53
0.663	3.08044e-52
0.664	6.45284e-51
0.665	1.30173e-49
0.666	2.52887e-48
0.667	4.73113e-47
0.668	8.52386e-46
0.669	1.47891e-44
0.67	2.47103e-43
0.671	3.97601e-42
0.672	6.161e-41
0.673	9.19365e-40
0.674	1.32117e-38
0.675	1.82835e-37
0.676	2.43667e-36
0.677	3.12727e-35
0.678	3.86516e-34
0.679	4.60047e-33
0.68	5.27315e-32
0.681	5.82065e-31
0.682	6.18737e-30
0.683	6.33394e-29
0.684	6.24417e-28
0.685	5.928e-27
0.686	5.4197e-26
0.687	4.77172e-25
0.688	4.04584e-24
0.689	3.3035e-23
0.69	2.59761e-22
0.691	1.96701e-21
0.692	1.43441e-20
0.693	1.00733e-19
0.694	6.81244e-19
0.695	4.43677e-18
0.696	2.78269e-17
0.697	1.68072e-16
0.698	9.77599e-16
0.699	5.47593e-15
0.7	2.95385e-14
0.701	1.53445e-13
0.702	7.67624e-13
0.703	3.6981e-12
0.704	1.7157e-11
0.705	7.66544e-11
0.706	3.29812e-10
0.707	1.36656e-09
0.708	5.45285e-09
0.709	2.09533e-08
0.71	7.75378e-08
0.711	2.76317e-07
0.712	9.48278e-07
0.713	3.13398e-06
0.714	9.97449e-06
0.715	3.05716e-05
0.716	9.02356e-05
0.717	0.00025649
0.718	0.000702097
0.719	0.00185079
0.72	0.00469839
0.721	0.0114862
0.722	0.0270417
0.723	0.0613092
0.724	0.13386
0.725	0.281455
0.726	0.569902
0.727	1.11128
0.728	2.0868
0.729	3.77374
0.73	6.57197
0.731	11.0218
0.732	17.8009
0.733	27.6863
0.734	41.4688
0.735	59.8151
0.736	83.087
0.737	111.145
0.738	143.178
0.739	177.623
0.74	212.204
0.741	244.141
0.742	270.497
0.743	288.613
0.744	296.553
0.745	293.443
0.746	279.625
0.747	256.604
0.748	226.768
0.749	192.99
0.75	158.169
0.751	124.836
0.752	94.8838
0.753	69.4508
0.754	48.9548
0.755	33.2312
0.756	21.7236
0.757	13.6757
0.758	8.29085
0.759	4.84042
0.76	2.72145
0.761	1.4735
0.762	0.768303
0.763	0.385788
0.764	0.186551
0.765	0.0868722
0.766	0.038958
0.767	0.0168246
0.768	0.00699723
0.769	0.00280247
0.77	0.00108091
0.771	0.000401486
0.772	0.00014361
0.773	4.94688e-05
0.774	1.64101e-05
0.775	5.24234e-06
0.776	1.61277e-06
0.777	4.77806e-07
0.778	1.36322e-07
0.779	3.7455e-08
0.78	9.91036e-09
0.781	2.52523e-09
0.782	6.1965e-10
0.783	1.46428e-10
0.784	3.33224e-11
0.785	7.30266e-12
0.786	1.5412e-12
0.787	3.13234e-13
0.788	6.13074e-14
0.789	1.15555e-14
0.79	2.09749e-15
0.791	3.66643e-16
0.792	6.17191e-17
0.793	1.00053e-17
0.794	1.56197e-18
0.795	2.34826e-19
0.796	3.39982e-20
0.797	4.74021e-21
0.798	6.36462e-22
0.799	8.22964e-23
0.8	1.02476e-23
0.801	1.22884e-24
0.802	1.41907e-25
0.803	1.57813e-26
0.804	1.69012e-27
0.805	1.74311e-28
0.806	1.73127e-29
0.807	1.65591e-30
0.808	1.52526e-31
0.809	1.35295e-32
0.81	1.15572e-33
0.811	9.50735e-35
0.812	7.53178e-36
0.813	5.74605e-37
0.814	4.22157e-38
0.815	2.98684e-39
0.816	2.03508e-40
0.817	1.33532e-41
0.818	8.43769e-43
0.819	5.13445e-44
0.82	3.00883e-45
0.821	1.69798e-46
0.822	9.2279e-48
0.823	4.82954e-49
0.824	2.43412e-50
0.825	1.18144e-51
0.826	5.5222e-53
0.827	2.48569e-54
0.828	1.07749e-55
0.829	4.49797e-57
0.83	1.80822e-58
0.831	7.00033e-60
0.832	2.60987e-61
0.833	9.37028e-63
0.834	3.23981e-64
0.835	1.07875e-65
0.836	3.45901e-67
0.837	1.06812e-68
0.838	3.17627e-70
0.839	9.09599e-72
0.84	2.50851e-73
0.841	6.66214e-75
0.842	1.7039e-76
0.843	4.19672e-78
0.844	9.95424e-80
0.845	2.27373e-81
0.846	5.00153e-83
0.847	1.0595e-84
0.848	2.16138e-86
0.849	4.24614e-88
0.85	8.03323e-90
0.851	1.46359e-91
0.852	2.56793e-93
0.853	4.33889e-95
0.854	7.06007e-97
0.855	1.11259e-98
0.856	1.51202e-99
0.857	2.81699e-98
0.858	5.78132e-97
0.859	1.16301e-95
0.86	2.29309e-94
0.861	4.43136e-93
0.862	8.39329e-92
0.863	1.55814e-90
0.864	2.83504e-89
0.865	5.05582e-88
0.866	8.83695e-87
0.867	1.51389e-85
0.868	2.54192e-84
0.869	4.18322e-83
0.87	6.74743e-82
0.871	1.06671e-80
0.872	1.65284e-79
0.873	2.51013e-78
0.874	3.73629e-77
0.875	5.45084e-76
0.876	7.7941e-75
0.877	1.09231e-73
0.878	1.5004e-72
0.879	2.01998e-71
0.88	2.66542e-70
0.881	3.44718e-69
0.882	4.36958e-68
0.883	5.4287e-67
0.884	6.61045e-66
0.885	7.88942e-65
0.886	9.22865e-64
0.887	1.05806e-62
0.888	1.18895e-61
0.889	1.30946e-60
0.89	1.41352e-59
0.891	1.49552e-58
0.892	1.55081e-57
0.893	1.57618e-56
0.894	1.57011e-55
0.895	1.53298e-54
0.896	1.46697e-53
0.897	1.37589e-52
0.898	1.26481e-51
0.899	1.13959e-50
0.9	1.00635e-49
0.901	8.7102e-49
0.902	7.38902e-48
0.903	6.14362e-47
0.904	5.00658e-46
0.905	3.99887e-45
0.906	3.13049e-44
0.907	2.40197e-43
0.908	1.80634e-42
0.909	1.33141e-41
0.91	9.61843e-41
0.911	6.81043e-40
0.912	4.72633e-39
0.913	3.21479e-38
0.914	2.14319e-37
0.915	1.40039e-36
0.916	8.96838e-36
0.917	5.62936e-35
0.918	3.46325e-34
0.919	2.08827e-33
0.92	1.23415e-32
0.921	7.14876e-32
0.922	4.05856e-31
0.923	2.25835e-30
0.924	1.23166e-29
0.925	6.58367e-29
0.926	3.44925e-28
0.927	1.77117e-27
0.928	8.91408e-27
0.929	4.39715e-26
0.93	2.12591e-25
0.931	1.00739e-24
0.932	4.67874e-24
0.933	2.1298e-23
0.934	9.50231e-23
0.935	4.15526e-22
0.936	1.78093e-21
0.937	7.48123e-21
0.938	3.0802e-20
0.939	1.24298e-19
0.94	4.91619e-19
0.941	1.90578e-18
0.942	7.24094e-18
0.943	2.69648e-17
0.944	9.84187e-17
0.945	3.52077e-16
0.946	1.23446e-15
0.947	4.24223e-15
0.948	1.42887e-14
0.949	4.71702e-14
0.95	1.52624e-13
0.951	4.84014e-13
0.952	1.50443e-12
0.953	4.58315e-12
0.954	1.36847e-11
0.955	4.00485e-11
0.956	1.14873e-10
0.957	3.22943e-10
0.958	8.89843e-10
0.959	2.40315e-09
0.96	6.36103e-09
0.961	1.65026e-08
0.962	4.19621e-08
0.963	1.04578e-07
0.964	2.55449e-07
0.965	6.11569e-07
0.966	1.43505e-06
0.967	3.3004e-06
0.968	7.43952e-06
0.969	1.64363e-05
0.97	3.5591e-05
0.971	7.55365e-05
0.972	0.000157128
0.973	0.000320352
0.974	0.000640148
0.975	0.00125376
0.976	0.00240672
0.977	0.0045281
0.978	0.00835
0.979	0.0150916
0.98	0.026734
0.981	0.0464164
0.982	0.0789875
0.983	0.131742
0.984	0.215362
0.985	0.34506
0.986	0.541875
0.987	0.834034
0.988	1.2582
0.989	1.86035
0.99	2.69602
0.991	3.82944
0.992	5.33132
0.993	7.27485
0.994	9.72996
0.995	12.7557
0.996	16.3915
0.997	20.6481
0.998	25.4988
0.999	30.8743
1	36.6604
1.001	42.7023
1.002	48.8164
1.003	54.8094
1.004	60.5063
1.005	65.7854
1.006	70.6196
1.007	75.1207
1.008	79.5846
1.009	84.5325
1.01	90.7453
1.011	99.2852
1.012	111.499
1.013	129.001
1.014	153.62
1.015	187.32
1.016	232.08
1.017	289.73
1.018	361.763
1.019	449.122
1.02	551.973
1.021	669.516
1.022	799.822
1.023	939.766
1.024	1085.05
1.025	1230.37
1.026	1369.66
1.027	1496.51
1.028	1604.61
1.029	1688.26
1.03	1742.86
1.031	1765.32
1.032	1754.33
1.033	1710.49
1.034	1636.23
1.035	1535.61
1.036	1413.94
1.037	1277.29
1.038	1132.03
1.039	984.319
1.04	839.698
1.041	702.779
1.042	577.063
1.043	464.875
1.044	367.416
1.045	284.897
1.046	216.734
1.047	161.762
1.048	118.449
1.049	85.0943
1.05	59.9766
1.051	41.4751
1.052	28.1413
1.053	18.7383
1.054	12.2506
1.055	7.87473
1.056	4.99632
1.057	3.16246
1.058	2.05275
1.059	1.45319
1.06	1.23471
1.061	1.33744
1.062	1.76068
1.063	2.55837
1.064	3.83936
1.065	5.77132
1.066	8.58717
1.067	12.5924
1.068	18.1711
1.069	25.7894
1.07	35.9919
1.071	49.3906
1.072	66.6421
1.073	88.4129
1.074	115.33
1.075	147.922
1.076	186.544
1.077	231.309
1.078	282.008
1.079	338.059
1.08	398.46
1.081	461.781
1.082	526.197
1.083	589.551
1.084	649.463
1.085	703.475
1.086	749.209
1.087	784.545
1.088	807.78
1.089	817.766
1.09	814.002
1.091	796.677
1.092	766.655
1.093	725.4
1.094	674.864
1.095	617.327
1.096	555.232
1.097	491.014
1.098	426.948
1.099	365.019
1.1	306.844
1.101	253.617
1.102	206.111
1.103	164.696
1.104	129.398
1.105	99.9612
1.106	75.9269
1.107	56.7049
1.108	41.6396
1.109	30.0644
1.11	21.3431
1.111	14.8979
1.112	10.2248
1.113	6.89987
1.114	4.57814
1.115	2.98674
1.116	1.91588
1.117	1.20836
1.118	0.749355
1.119	0.456918
1.12	0.273937
1.121	0.161481
1.122	0.0935954
1.123	0.0533393
1.124	0.0298883
1.125	0.016467
1.126	0.0089205
1.127	0.00475143
1.128	0.0024884
1.129	0.00128137
1.13	0.000648772
1.131	0.000322975
1.132	0.000158092
1.133	7.60883e-05
1.134	3.60107e-05
1.135	1.67659e-05
1.136	7.69469e-06
1.137	3.51683e-06
1.138	1.67984e-06
1.139	1.00503e-06
1.14	1.02715e-06
1.141	1.71396e-06
1.142	3.42209e-06
1.143	7.05469e-06
1.144	1.44774e-05
1.145	2.93535e-05
1.146	5.87141e-05
1.147	0.000115827
1.148	0.000225341
1.149	0.000432342
1.15	0.000818034
1.151	0.00152641
1.152	0.00280884
1.153	0.00509728
1.154	0.00912235
1.155	0.0161002
1.156	0.0280228
1.157	0.0481002
1.158	0.0814216
1.159	0.135921
1.16	0.223765
1.161	0.363289
1.162	0.58166
1.163	0.918421
1.164	1.43011
1.165	2.19612
1.166	3.3258
1.167	4.96699
1.168	7.31554
1.169	10.6256
1.17	15.2202
1.171	21.5002
1.172	29.9515
1.173	41.1484
1.174	55.7496
1.175	74.4882
1.176	98.1498
1.177	127.54
1.178	163.441
1.179	206.553
1.18	257.429
1.181	316.402
1.182	383.51
1.183	458.428
1.184	540.407
1.185	628.243
1.186	720.261
1.187	814.345
1.188	907.994
1.189	998.421
1.19	1082.68
1.191	1157.83
1.192	1221.07
1.193	1269.98
1.194	1302.59
1.195	1317.57
1.196	1314.31
1.197	1292.94
1.198	1254.33
1.199	1200.06
1.2	1132.27
1.201	1053.55
1.202	966.751
1.203	874.844
1.204	780.733
1.205	687.116
1.206	596.368
1.207	510.451
1.208	430.874
1.209	358.676
1.21	294.449
1.211	238.383
1.212	190.325
1.213	149.855
1.214	116.36
1.215	89.1031
1.216	67.288
1.217	50.1116
1.218	36.804
1.219	26.6568
1.22	19.0404
1.221	13.4123
1.222	9.31716
1.223	6.38294
1.224	4.31235
1.225	2.87318
1.226	1.88786
1.227	1.22329
1.228	0.781714
1.229	0.492631
1.23	0.306162
1.231	0.187645
1.232	0.113417
1.233	0.0676047
1.234	0.0397403
1.235	0.0230378
1.236	0.0131707
1.237	0.00742557
1.238	0.00412865
1.239	0.00226382
1.24	0.00122415
1.241	0.0006528
1.242	0.000343307
1.243	0.00017805
1.244	9.1066e-05
1.245	4.59332e-05
1.246	2.28483e-05
1.247	1.12083e-05
1.248	5.42225e-06
1.249	2.58694e-06
1.25	1.2173e-06
1.251	5.65188e-07
1.252	2.59451e-07
1.253	1.18912e-07
1.254	5.6905e-08
1.255	3.35382e-08
1.256	3.26976e-08
1.257	5.21061e-08
1.258	1.01046e-07
1.259	2.0409e-07
1.26	4.11995e-07
1.261	8.23878e-07
1.262	1.62907e-06
1.263	3.18391e-06
1.264	6.15029e-06
1.265	1.17418e-05
1.266	2.21555e-05
1.267	4.13171e-05
1.268	7.61524e-05
1.269	0.000138721
1.27	0.000249749
1.271	0.000444395
1.272	0.00078152
1.273	0.00135836
1.274	0.00233342
1.275	0.00396166
1.276	0.00664759
1.277	0.0110244
1.278	0.0180697
1.279	0.029272
1.28	0.0468658
1.281	0.0741592
1.282	0.115979
1.283	0.179265
1.284	0.273852
1.285	0.413468
1.286	0.616981
1.287	0.909925
1.288	1.32631
1.289	1.91067
1.29	2.7204
1.291	3.82811
1.292	5.32402
1.293	7.31812
1.294	9.94176
1.295	13.3485
1.296	17.7135
1.297	23.2316
1.298	30.1135
1.299	38.5785
1.3	48.8467
1.301	61.1264
1.302	75.6008
1.303	92.412
1.304	111.644
1.305	133.305
1.306	157.311
1.307	183.476
1.308	211.496
1.309	240.951
1.31	271.307
1.311	301.924
1.312	332.076
1.313	360.979
1.314	387.82
1.315	411.797
1.316	432.156
1.317	448.231
1.318	459.481
1.319	465.519
1.32	466.135
1.321	461.307
1.322	451.204
1.323	436.174
1.324	416.726
1.325	393.501
1.326	367.237
1.327	338.727
1.328	308.786
1.329	278.208
1.33	247.735
1.331	218.026
1.332	189.641
1.333	163.028
1.334	138.515
1.335	116.314
1.336	96.5329
1.337	79.1811
1.338	64.1907
1.339	51.4313
1.34	40.7274
1.341	31.8749
1.342	24.6557
1.343	18.849
1.344	14.2418
1.345	10.6352
1.346	7.84928
1.347	5.72556
1.348	4.12773
1.349	2.94109
1.35	2.07114
1.351	1.4415
1.352	0.991575
1.353	0.674124
1.354	0.452959
1.355	0.300803
1.356	0.197428
1.357	0.128069
1.358	0.0821084
1.359	0.0520298
1.36	0.0325887
1.361	0.02018
1.362	0.0123613
1.363	0.00750296
1.364	0.00453436
1.365	0.00276544
1.366	0.00176279
1.367	0.00126654
1.368	0.00113696
1.369	0.00132293
1.37	0.00184718
1.371	0.00280523
1.372	0.0043769
1.373	0.00685044
1.374	0.010661
1.375	0.016446
1.376	0.0251215
1.377	0.0379837
1.378	0.0568411
1.379	0.0841829
1.38	0.123389
1.381	0.178988
1.382	0.256961
1.383	0.365097
1.384	0.513395
1.385	0.7145
1.386	0.984162
1.387	1.34169
1.388	1.81036
1.389	2.41777
1.39	3.19607
1.391	4.18196
1.392	5.41654
1.393	6.94484
1.394	8.81498
1.395	11.0771
1.396	13.7819
1.397	16.9787
1.398	20.7135
1.399	25.0272
1.4	29.9526
1.401	35.5135
1.402	41.7222
1.403	48.5795
1.404	56.0738
1.405	64.1823
1.406	72.8726
1.407	82.1058
1.408	91.8398
1.409	102.034
1.41	112.655
1.411	123.68
1.412	135.101
1.413	146.931
1.414	159.201
1.415	171.965
1.416	185.296
1.417	199.281
1.418	214.013
1.419	229.587
1.42	246.085
1.421	263.567
1.422	282.058
1.423	301.539
1.424	321.936
1.425	343.115
1.426	364.874
1.427	386.947
1.428	409.002
1.429	430.653
1.43	451.469
1.431	470.985
1.432	488.723
1.433	504.209
1.434	516.993
1.435	526.666
1.436	532.881
1.437	535.368
1.438	533.946
1.439	528.536
1.44	519.161
1.441	505.948
1.442	489.127
1.443	469.019
1.444	446.023
1.445	420.604
1.446	393.275
1.447	364.572
1.448	335.043
1.449	305.222
1.45	275.617
1.451	246.692
1.452	218.857
1.453	192.46
1.454	167.78
1.455	145.029
1.456	124.352
1.457	105.83
1.458	89.493
1.459	75.3215
1.46	63.2606
1.461	53.2276
1.462	45.1224
1.463	38.8348
1.464	34.2525
1.465	31.2662
1.466	29.7733
1.467	29.6801
1.468	30.9019
1.469	33.3617
1.47	36.9874
1.471	41.7084
1.472	47.4509
1.473	54.1337
1.474	61.6638
1.475	69.9322
1.476	78.8112
1.477	88.1531
1.478	97.7894
1.479	107.533
1.48	117.179
1.481	126.515
1.482	135.32
1.483	143.378
1.484	150.479
1.485	156.436
1.486	161.085
1.487	164.295
1.488	165.976
1.489	166.078
1.49	164.599
1.491	161.58
1.492	157.107
1.493	151.303
1.494	144.327
1.495	136.361
1.496	127.609
1.497	118.281
1.498	108.591
1.499	98.7462
1.5	88.9389
1.501	79.3431
1.502	70.1087
1.503	61.3594
1.504	53.1908
1.505	45.6708
1.506	38.8408
1.507	32.718
1.508	27.2984
1.509	22.5602
1.51	18.4676
1.511	14.9745
1.512	12.0279
1.513	9.57099
1.514	7.54605
1.515	5.89639
1.516	4.56823
1.517	3.51184
1.518	2.68235
1.519	2.04015
1.52	1.55096
1.521	1.18571
1.522	0.920199
1.523	0.734631
1.524	0.613129
1.525	0.543186
1.526	0.515119
1.527	0.521565
1.528	0.556998
1.529	0.617303
1.53	0.699394
1.531	0.800887
1.532	0.919816
1.533	1.05441
1.534	1.20288
1.535	1.36332
1.536	1.53357
1.537	1.71114
1.538	1.89325
1.539	2.07677
1.54	2.25829
1.541	2.43422
1.542	2.60084
1.543	2.75448
1.544	2.89158
1.545	3.00893
1.546	3.10372
1.547	3.17376
1.548	3.21758
1.549	3.23459
1.55	3.22522
1.551	3.19107
1.552	3.13511
1.553	3.06192
1.554	2.97805
1.555	2.89252
1.556	2.81758
1.557	2.76971
1.558	2.77117
1.559	2.85204
1.56	3.05303
1.561	3.4293
1.562	4.05536
1.563	5.03161
1.564	6.49245
1.565	8.61667
1.566	11.64
1.567	15.8707
1.568	21.7074
1.569	29.6608
1.57	40.3779
1.571	54.6688
1.572	73.5363
1.573	98.2065
1.574	130.16
1.575	171.159
1.576	223.278
1.577	288.916
1.578	370.813
1.579	472.039
1.58	595.982
1.581	746.303
1.582	926.872
1.583	1141.68
1.584	1394.73
1.585	1689.87
1.586	2030.66
1.587	2420.13
1.588	2860.6
1.589	3353.46
1.59	3898.96
1.591	4495.95
1.592	5141.76
1.593	5832.03
1.594	6560.64
1.595	7319.64
1.596	8099.38
1.597	8888.55
1.598	9674.5
1.599	10443.4
1.6	11180.9
1.601	11872.1
1.602	12502.5
1.603	13058.2
1.604	13526.5
1.605	13896.6
1.606	14159.5
1.607	14308.9
1.608	14341
1.609	14255.2
1.61	14053.5
1.611	13740.8
1.612	13324.8
1.613	12815.2
1.614	12223.8
1.615	11564
1.616	10849.9
1.617	10096.2
1.618	9317.8
1.619	8528.73
1.62	7742.36
1.621	6970.76
1.622	6224.51
1.623	5512.48
1.624	4841.81
1.625	4217.79
1.626	3644.02
1.627	3122.44
1.628	2653.54
1.629	2236.53
1.63	1869.57
1.631	1549.98
1.632	1274.47
1.633	1039.33
1.634	840.607
1.635	674.306
1.636	536.479
1.637	423.351
1.638	331.399
1.639	257.412
1.64	198.528
1.641	152.266
1.642	116.535
1.643	89.6544
1.644	70.3623
1.645	57.8266
1.646	51.6583
1.647	51.9218
1.648	59.1377
1.649	74.2712
1.65	98.6976
1.651	134.134
1.652	182.528
1.653	245.894
1.654	326.092
1.655	424.551
1.656	541.93
1.657	677.768
1.658	830.126
1.659	995.305
1.66	1167.7
1.661	1339.87
1.662	1502.87
1.663	1646.87
1.664	1762.07
1.665	1839.78
1.666	1873.44
1.667	1859.57
1.668	1798.34
1.669	1693.63
1.67	1552.66
1.671	1385.13
1.672	1202.05
1.673	1014.49
1.674	832.479
1.675	664.052
1.676	514.826
1.677	387.868
1.678	283.934
1.679	201.936
1.68	139.52
1.681	93.6377
1.682	61.0422
1.683	38.6502
1.684	23.7682
1.685	14.1954
1.686	8.23362
1.687	4.63786
1.688	2.53698
1.689	1.34766
1.69	0.695193
1.691	0.348243
1.692	0.169398
1.693	0.0800169
1.694	0.0367026
1.695	0.0163475
1.696	0.00707039
1.697	0.00296942
1.698	0.00121097
1.699	0.000479548
1.7	0.0001844
1.701	6.88528e-05
1.702	2.4964e-05
1.703	8.78893e-06
1.704	3.00461e-06
1.705	9.97403e-07
1.706	3.21501e-07
1.707	1.00629e-07
1.708	3.05838e-08
1.709	9.02588e-09
1.71	2.58652e-09
1.711	7.19733e-10
1.712	1.94471e-10
1.713	5.10231e-11
1.714	1.29989e-11
1.715	3.21571e-12
1.716	7.7247e-13
1.717	1.80222e-13
1.718	4.09894e-14
1.719	9.72111e-15
1.72	4.93969e-15
1.721	1.23465e-14
1.722	4.61241e-14
1.723	1.72969e-13
1.724	6.33278e-13
1.725	2.26031e-12
1.726	7.86416e-12
1.727	2.66715e-11
1.728	8.81766e-11
1.729	2.84164e-10
1.73	8.9268e-10
1.731	2.73358e-09
1.732	8.15979e-09
1.733	2.3743e-08
1.734	6.73447e-08
1.735	1.86201e-07
1.736	5.01844e-07
1.737	1.31846e-06
1.738	3.37657e-06
1.739	8.42936e-06
1.74	2.05127e-05
1.741	4.8659e-05
1.742	0.000112516
1.743	0.000253614
1.744	0.000557241
1.745	0.0011935
1.746	0.00249181
1.747	0.00507125
1.748	0.0100607
1.749	0.0194558
1.75	0.0366759
1.751	0.0673942
1.752	0.120719
1.753	0.210784
1.754	0.358766
1.755	0.595243
1.756	0.962693
1.757	1.51772
1.758	2.33242
1.759	3.49406
1.76	5.10229
1.761	7.2629
1.762	10.0778
1.763	13.6311
1.764	17.9724
1.765	23.099
1.766	28.9394
1.767	35.3424
1.768	42.074
1.769	48.8249
1.77	55.2305
1.771	60.9013
1.772	65.4613
1.773	68.5888
1.774	70.0538
1.775	69.7463
1.776	67.6893
1.777	64.0368
1.778	59.0541
1.779	53.086
1.78	46.5179
1.781	39.7348
1.782	33.0851
1.783	26.8537
1.784	21.2464
1.785	16.3861
1.786	12.3191
1.787	9.028
1.788	6.44932
1.789	4.49104
1.79	3.04853
1.791	2.01718
1.792	1.30109
1.793	0.818054
1.794	0.501379
1.795	0.299544
1.796	0.174448
1.797	0.0990333
1.798	0.0548034
1.799	0.0295627
1.8	0.0155451
1.801	0.0079684
1.802	0.0039823
1.803	0.00194162
1.804	0.000926372
1.805	0.000438698
1.806	0.000219276
1.807	0.000141146
1.808	0.000151921
1.809	0.000246004
1.81	0.000456136
1.811	0.000859019
1.812	0.00159351
1.813	0.00289225
1.814	0.00512901
1.815	0.00888418
1.816	0.0150301
1.817	0.0248347
1.818	0.0400784
1.819	0.0631706
1.82	0.0972461
1.821	0.146212
1.822	0.214707
1.823	0.307937
1.824	0.431352
1.825	0.590139
1.826	0.78855
1.827	1.0291
1.828	1.31171
1.829	1.63295
1.83	1.98546
1.831	2.35776
1.832	2.7346
1.833	3.0977
1.834	3.4272
1.835	3.70332
1.836	3.90837
1.837	4.0286
1.838	4.05569
1.839	3.98776
1.84	3.82954
1.841	3.59183
1.842	3.29033
1.843	2.94385
1.844	2.57243
1.845	2.19546
1.846	1.83004
1.847	1.48987
1.848	1.18465
1.849	0.91999
1.85	0.697798
1.851	0.516927
1.852	0.374009
1.853	0.264294
1.854	0.182409
1.855	0.122959
1.856	0.0809521
1.857	0.0520548
1.858	0.0326956
1.859	0.0200652
1.86	0.0120456
1.861	0.0071061
1.862	0.00419243
1.863	0.00263103
1.864	0.00206413
1.865	0.00243241
1.866	0.0040263
1.867	0.00763937
1.868	0.0148774
1.869	0.0287061
1.87	0.0543612
1.871	0.100791
1.872	0.182855
1.873	0.324548
1.874	0.563539
1.875	0.957272
1.876	1.59079
1.877	2.58616
1.878	4.11306
1.879	6.3994
1.88	9.74046
1.881	14.5039
1.882	21.1279
1.883	30.1088
1.884	41.9756
1.885	57.2486
1.886	76.3835
1.887	99.7009
1.888	127.311
1.889	159.036
1.89	194.354
1.891	232.357
1.892	271.759
1.893	310.94
1.894	348.046
1.895	381.12
1.896	408.275
1.897	427.867
1.898	438.663
1.899	439.966
1.9	431.69
1.901	414.373
1.902	389.113
1.903	357.459
1.904	321.25
1.905	282.439
1.906	242.925
1.907	204.402
1.908	168.253
1.909	135.49
1.91	106.738
1.911	82.261
1.912	62.0205
1.913	45.7449
1.914	33.0077
1.915	23.2999
1.916	16.0901
1.917	10.8699
1.918	7.18394
1.919	4.64477
1.92	2.93786
1.921	1.81787
1.922	1.10043
1.923	0.651666
1.924	0.377532
1.925	0.213968
1.926	0.118634
1.927	0.0643482
1.928	0.0341451
1.929	0.017725
1.93	0.00900139
1.931	0.00447197
1.932	0.00217347
1.933	0.00103341
1.934	0.000480684
1.935	0.000218731
1.936	9.73708e-05
1.937	4.24045e-05
1.938	1.80659e-05
1.939	7.52965e-06
1.94	3.07011e-06
1.941	1.22462e-06
1.942	4.77872e-07
1.943	1.82427e-07
1.944	6.81289e-08
1.945	2.48908e-08
1.946	8.89641e-09
1.947	3.11074e-09
1.948	1.06428e-09
1.949	3.56802e-10
1.95	1.18796e-10
1.951	4.39522e-11
1.952	3.09662e-11
1.953	5.85835e-11
1.954	1.55009e-10
1.955	4.22827e-10
1.956	1.13736e-09
1.957	3.00198e-09
1.958	7.77083e-09
1.959	1.97265e-08
1.96	4.91081e-08
1.961	1.19889e-07
1.962	2.87028e-07
1.963	6.73897e-07
1.964	1.55162e-06
1.965	3.5035e-06
1.966	7.75788e-06
1.967	1.68466e-05
1.968	3.58763e-05
1.969	7.49263e-05
1.97	0.000153459
1.971	0.00030824
1.972	0.000607187
1.973	0.001173
1.974	0.00222241
1.975	0.00412955
1.976	0.00752564
1.977	0.013451
1.978	0.02358
1.979	0.0405441
1.98	0.0683783
1.981	0.113119
1.982	0.183569
1.983	0.292237
1.984	0.456432
1.985	0.699452
1.986	1.05178
1.987	1.55213
1.988	2.24819
1.989	3.19677
1.99	4.46324
1.991	6.12003
1.992	8.24403
1.993	10.9131
1.994	14.2017
1.995	18.1761
1.996	22.8894
1.997	28.3773
1.998	34.655
1.999	41.7148
2	49.5256
2.001	58.0333
2.002	67.1616
2.003	76.813
2.004	86.8686
2.005	97.1872
2.006	107.602
2.007	117.92
2.008	127.915
2.009	137.334
2.01	145.894
2.011	153.298
2.012	159.243
2.013	163.443
2.014	165.652
2.015	165.687
2.016	163.451
2.017	158.946
2.018	152.285
2.019	143.684
2.02	133.454
2.021	121.979
2.022	109.686
2.023	97.0155
2.024	84.3912
2.025	72.1949
2.026	60.7463
2.027	50.2919
2.028	41.0025
2.029	32.9788
2.03	26.2627
2.031	20.8544
2.032	16.7312
2.033	13.8672
2.034	12.2525
2.035	11.9084
2.036	12.8998
2.037	15.3425
2.038	19.4043
2.039	25.2995
2.04	33.2771
2.041	43.6007
2.042	56.5229
2.043	72.2536
2.044	90.925
2.045	112.556
2.046	137.022
2.047	164.028
2.048	193.096
2.049	223.568
2.05	254.617
2.051	285.289
2.052	314.545
2.053	341.32
2.054	364.593
2.055	383.446
2.056	397.131
2.057	405.111
2.058	407.098
2.059	403.062
2.06	393.232
2.061	378.074
2.062	358.252
2.063	334.584
2.064	307.986
2.065	279.424
2.066	249.85
2.067	220.164
2.068	191.171
2.069	163.551
2.07	137.841
2.071	114.429
2.072	93.5566
2.073	75.3276
2.074	59.7295
2.075	46.6547
2.076	35.9263
2.077	27.3238
2.078	20.6071
2.079	15.538
2.08	11.898
2.081	9.5022
2.082	8.2077
2.083	7.9191
2.084	8.58894
2.085	10.2146
2.086	12.8312
2.087	16.5017
2.088	21.3025
2.089	27.3081
2.09	34.5722
2.091	43.1095
2.092	52.8771
2.093	63.7601
2.094	75.5607
2.095	87.9948
2.096	100.697
2.097	113.235
2.098	125.13
2.099	135.891
2.1	145.047
2.101	152.186
2.102	156.991
2.103	159.265
2.104	158.958
2.105	156.17
2.106	151.151
2.107	144.283
2.108	136.06
2.109	127.051
2.11	117.87
2.111	109.132
2.112	101.431
2.113	95.3014
2.114	91.1974
2.115	89.4747
2.116	90.3749
2.117	94.0146
2.118	100.378
2.119	109.314
2.12	120.532
2.121	133.609
2.122	148.001
2.123	163.062
2.124	178.069
2.125	192.264
2.126	204.89
2.127	215.246
2.128	222.728
2.129	226.877
2.13	227.405
2.131	224.225
2.132	217.447
2.133	207.371
2.134	194.46
2.135	179.299
2.136	162.553
2.137	144.913
2.138	127.053
2.139	109.588
2.14	93.0422
2.141	77.8334
2.142	64.2625
2.143	52.5173
2.144	42.6836
2.145	34.7615
2.146	28.6841
2.147	24.3371
2.148	21.5745
2.149	20.233
2.15	20.1407
2.151	21.1228
2.152	23.0045
2.153	25.6116
2.154	28.7704
2.155	32.3084
2.156	36.0562
2.157	39.8521
2.158	43.5477
2.159	47.0163
2.16	50.1625
2.161	52.9317
2.162	55.3193
2.163	57.3778
2.164	59.2218
2.165	61.0296
2.166	63.0416
2.167	65.5556
2.168	68.9182
2.169	73.5137
2.17	79.7502
2.171	88.0428
2.172	98.7934
2.173	112.368
2.174	129.073
2.175	149.122
2.176	172.613
2.177	199.493
2.178	229.539
2.179	262.334
2.18	297.263
2.181	333.519
2.182	370.125
2.183	405.977
2.184	439.904
2.185	470.736
2.186	497.389
2.187	518.938
2.188	534.692
2.189	544.246
2.19	547.509
2.191	544.706
2.192	536.351
2.193	523.191
2.194	506.133
2.195	486.156
2.196	464.228
2.197	441.225
2.198	417.872
2.199	394.703
2.2	372.052
2.201	350.063
2.202	328.725
2.203	307.918
2.204	287.468
2.205	267.197
2.206	246.972
2.207	226.733
2.208	206.511
2.209	186.433
2.21	166.707
2.211	147.606
2.212	129.434
2.213	112.507
2.214	97.1205
2.215	83.5284
2.216	71.9305
2.217	62.4614
2.218	55.1874
2.219	50.1086
2.22	47.1625
2.221	46.2309
2.222	47.1464
2.223	49.6987
2.224	53.6411
2.225	58.6966
2.226	64.5638
2.227	70.9243
2.228	77.4506
2.229	83.8168
2.23	89.7087
2.231	94.837
2.232	98.9491
2.233	101.841
2.234	103.365
2.235	103.441
2.236	102.053
2.237	99.2551
2.238	95.1599
2.239	89.9331
2.24	83.7808
2.241	76.9351
2.242	69.6395
2.243	62.1346
2.244	54.6454
2.245	47.3709
2.246	40.4764
2.247	34.0895
2.248	28.2985
2.249	23.1546
2.25	18.6752
2.251	14.8492
2.252	11.6439
2.253	9.01132
2.254	6.8947
2.255	5.23495
2.256	3.97604
2.257	3.06988
2.258	2.48067
2.259	2.18883
2.26	2.19476
2.261	2.52261
2.262	3.22409
2.263	4.38245
2.264	6.11629
2.265	8.58288
2.266	11.9805
2.267	16.5486
2.268	22.566
2.269	30.3441
2.27	40.2167
2.271	52.5238
2.272	67.5902
2.273	85.699
2.274	107.061
2.275	131.784
2.276	159.838
2.277	191.031
2.278	224.99
2.279	261.152
2.28	298.774
2.281	336.959
2.282	374.696
2.283	410.921
2.284	444.588
2.285	474.751
2.286	500.636
2.287	521.718
2.288	537.773
2.289	548.912
2.29	555.581
2.291	558.538
2.292	558.797
2.293	557.543
2.294	556.035
2.295	555.49
2.296	556.976
2.297	561.314
2.298	568.994
2.299	580.132
2.3	594.447
2.301	611.287
2.302	629.676
2.303	648.395
2.304	666.083
2.305	681.343
2.306	692.854
2.307	699.467
2.308	700.287
2.309	694.729
2.31	682.544
2.311	663.821
2.312	638.96
2.313	608.626
2.314	573.693
2.315	535.172
2.316	494.145
2.317	451.702
2.318	408.888
2.319	366.659
2.32	325.858
2.321	287.194
2.322	251.24
2.323	218.436
2.324	189.098
2.325	163.43
2.326	141.538
2.327	123.447
2.328	109.107
2.329	98.402
2.33	91.1623
2.331	87.1618
2.332	86.1241
2.333	87.7233
2.334	91.5867
2.335	97.2987
2.336	104.407
2.337	112.434
2.338	120.886
2.339	129.271
2.34	137.122
2.341	144.009
2.342	149.568
2.343	153.516
2.344	155.671
2.345	155.963
2.346	154.443
2.347	151.287
2.348	146.789
2.349	141.355
2.35	135.487
2.351	129.767
2.352	124.832
2.353	121.356
2.354	120.02
2.355	121.49
2.356	126.387
2.357	135.259
2.358	148.558
2.359	166.603
2.36	189.557
2.361	217.401
2.362	249.909
2.363	286.634
2.364	326.902
2.365	369.817
2.366	414.281
2.367	459.028
2.368	502.674
2.369	543.776
2.37	580.909
2.371	612.74
2.372	638.103
2.373	656.069
2.374	666.005
2.375	667.606
2.376	660.914
2.377	646.314
2.378	624.495
2.379	596.409
2.38	563.199
2.381	526.126
2.382	486.492
2.383	445.565
2.384	404.515
2.385	364.365
2.386	325.958
2.387	289.94
2.388	256.77
2.389	226.731
2.39	199.965
2.391	176.511
2.392	156.35
2.393	139.447
2.394	125.797
2.395	115.457
2.396	108.58
2.397	105.434
2.398	106.417
2.399	112.054
2.4	122.993
2.401	139.983
2.402	163.841
2.403	195.41
2.404	235.503
2.405	284.835
2.406	343.954
2.407	413.164
2.408	492.443
2.409	581.385
2.41	679.134
2.411	784.362
2.412	895.256
2.413	1009.55
2.414	1124.58
2.415	1237.39
2.416	1344.86
2.417	1443.84
2.418	1531.33
2.419	1604.64
2.42	1661.54
2.421	1700.38
2.422	1720.21
2.423	1720.77
2.424	1702.58
2.425	1666.81
2.426	1615.24
2.427	1550.14
2.428	1474.14
2.429	1390.03
2.43	1300.71
2.431	1208.96
2.432	1117.4
2.433	1028.34
2.434	943.786
2.435	865.337
2.436	794.216
2.437	731.249
2.438	676.894
2.439	631.257
2.44	594.129
2.441	565.016
2.442	543.182
2.443	527.684
2.444	517.421
2.445	511.182
2.446	507.697
2.447	505.694
2.448	503.957
2.449	501.383
2.45	497.036
2.451	490.193
2.452	480.375
2.453	467.376
2.454	451.268
2.455	432.392
2.456	411.336
2.457	388.903
2.458	366.065
2.459	343.907
2.46	323.576
2.461	306.219
2.462	292.926
2.463	284.682
2.464	282.311
2.465	286.438
2.466	297.453
2.467	315.48
2.468	340.357
2.469	371.631
2.47	408.552
2.471	450.092
2.472	494.968
2.473	541.685
2.474	588.593
2.475	633.95
2.476	676.001
2.477	713.062
2.478	743.602
2.479	766.319
2.48	780.215
2.481	784.64
2.482	779.329
2.483	764.411
2.484	740.392
2.485	708.121
2.486	668.73
2.487	623.569
2.488	574.118
2.489	521.914
2.49	468.461
2.491	415.167
2.492	363.285
2.493	313.867
2.494	267.742
2.495	225.507
2.496	187.532
2.497	153.979
2.498	124.831
2.499	99.9208
2.5	78.9701
2.501	61.6233
2.502	47.4797
2.503	36.121
2.504	27.1345
2.505	20.1295
2.506	14.7496
2.507	10.6795
2.508	7.64747
2.509	5.42604
2.51	3.82902
2.511	2.70792
2.512	1.94742
2.513	1.46054
2.514	1.18404
2.515	1.0742
2.516	1.10299
2.517	1.25493
2.518	1.52429
2.519	1.91281
2.52	2.42764
2.521	3.07952
2.522	3.88113
2.523	4.84538
2.524	5.98377
2.525	7.30481
2.526	8.81232
2.527	10.504
2.528	12.3701
2.529	14.3923
2.53	16.5435
2.531	18.7871
2.532	21.0781
2.533	23.3642
2.534	25.5874
2.535	27.6866
2.536	29.6005
2.537	31.2708
2.538	32.6454
2.539	33.6818
2.54	34.3496
2.541	34.6327
2.542	34.5308
2.543	34.0598
2.544	33.2513
2.545	32.1511
2.546	30.8171
2.547	29.316
2.548	27.7201
2.549	26.1033
2.55	24.5376
2.551	23.0891
2.552	21.8153
2.553	20.7619
2.554	19.9615
2.555	19.4318
2.556	19.1757
2.557	19.1814
2.558	19.4236
2.559	19.8655
2.56	20.4607
2.561	21.1566
2.562	21.8969
2.563	22.6254
2.564	23.2887
2.565	23.8394
2.566	24.2392
2.567	24.4605
2.568	24.4888
2.569	24.3233
2.57	23.9778
2.571	23.4803
2.572	22.8724
2.573	22.2082
2.574	21.5531
2.575	20.982
2.576	20.5777
2.577	20.4296
2.578	20.6326
2.579	21.286
2.58	22.4928
2.581	24.3599
2.582	26.9974
2.583	30.5185
2.584	35.0389
2.585	40.6761
2.586	47.5471
2.587	55.7652
2.588	65.4362
2.589	76.6522
2.59	89.4847
2.591	103.976
2.592	120.13
2.593	137.902
2.594	157.191
2.595	177.833
2.596	199.592
2.597	222.162
2.598	245.17
2.599	268.18
2.6	290.709
2.601	312.247
2.602	332.278
2.603	350.307
2.604	365.894
2.605	378.681
2.606	388.428
2.607	395.038
2.608	398.582
2.609	399.319
2.61	397.704
2.611	394.397
2.612	390.256
2.613	386.321
2.614	383.797
2.615	384.022
2.616	388.429
2.617	398.503
2.618	415.727
2.619	441.526
2.62	477.2
2.621	523.86
2.622	582.355
2.623	653.202
2.624	736.524
2.625	831.987
2.626	938.757
2.627	1055.47
2.628	1180.24
2.629	1310.65
2.63	1443.85
2.631	1576.59
2.632	1705.36
2.633	1826.52
2.634	1936.47
2.635	2031.76
2.636	2109.34
2.637	2166.65
2.638	2201.76
2.639	2213.49
2.64	2201.48
2.641	2166.17
2.642	2108.79
2.643	2031.3
2.644	1936.27
2.645	1826.72
2.646	1705.98
2.647	1577.55
2.648	1444.87
2.649	1311.22
2.65	1179.58
2.651	1052.52
2.652	932.155
2.653	820.086
2.654	717.417
2.655	624.768
2.656	542.33
2.657	469.92
2.658	407.059
2.659	353.042
2.66	307.015
2.661	268.042
2.662	235.162
2.663	207.439
2.664	183.995
2.665	164.042
2.666	146.889
2.667	131.954
2.668	118.762
2.669	106.938
2.67	96.1959
2.671	86.3296
2.672	77.1961
2.673	68.7036
2.674	60.7983
2.675	53.4528
2.676	46.6566
2.677	40.4078
2.678	34.7066
2.679	29.5514
2.68	24.9352
2.681	20.8447
2.682	17.2591
2.683	14.1513
2.684	11.4882
2.685	9.23262
2.686	7.34443
2.687	5.78235
2.688	4.50529
2.689	3.47359
2.69	2.64997
2.691	2.00024
2.692	1.49376
2.693	1.10363
2.694	0.806683
2.695	0.583358
2.696	0.417426
2.697	0.295661
2.698	0.207472
2.699	0.144533
2.7	0.100425
2.701	0.0703165
2.702	0.0506821
2.703	0.0390762
2.704	0.0339552
2.705	0.0345535
2.706	0.0408117
2.707	0.0533559
2.708	0.0735265
2.709	0.103456
2.71	0.146195
2.711	0.205891
2.712	0.288012
2.713	0.399629
2.714	0.549749
2.715	0.749707
2.716	1.01362
2.717	1.3589
2.718	1.80687
2.719	2.3834
2.72	3.1197
2.721	4.05314
2.722	5.22825
2.723	6.6977
2.724	8.52351
2.725	10.7782
2.726	13.5459
2.727	16.9237
2.728	21.0224
2.729	25.967
2.73	31.8972
2.731	38.9659
2.732	47.338
2.733	57.187
2.734	68.6903
2.735	82.0227
2.736	97.348
2.737	114.809
2.738	134.515
2.739	156.529
2.74	180.856
2.741	207.424
2.742	236.081
2.743	266.575
2.744	298.555
2.745	331.57
2.746	365.066
2.747	398.405
2.748	430.877
2.749	461.722
2.75	490.161
2.751	515.428
2.752	536.8
2.753	553.635
2.754	565.404
2.755	571.713
2.756	572.334
2.757	567.207
2.758	556.455
2.759	540.37
2.76	519.404
2.761	494.148
2.762	465.298
2.763	433.629
2.764	399.956
2.765	365.096
2.766	329.845
2.767	294.937
2.768	261.032
2.769	228.69
2.77	198.367
2.771	170.409
2.772	145.055
2.773	122.445
2.774	102.632
2.775	85.5957
2.776	71.257
2.777	59.4969
2.778	50.1692
2.779	43.114
2.78	38.1689
2.781	35.1765
2.782	33.9902
2.783	34.476
2.784	36.5131
2.785	39.9911
2.786	44.8065
2.787	50.8579
2.788	58.0405
2.789	66.2413
2.79	75.3348
2.791	85.1798
2.792	95.6185
2.793	106.477
2.794	117.568
2.795	128.698
2.796	139.672
2.797	150.303
2.798	160.423
2.799	169.893
2.8	178.613
2.801	186.53
2.802	193.649
2.803	200.033
2.804	205.807
2.805	211.159
2.806	216.33
2.807	221.608
2.808	227.316
2.809	233.798
2.81	241.399
2.811	250.453
2.812	261.26
2.813	274.071
2.814	289.071
2.815	306.367
2.816	325.976
2.817	347.819
2.818	371.719
2.819	397.404
2.82	424.511
2.821	452.6
2.822	481.17
2.823	509.676
2.824	537.553
2.825	564.24
2.826	589.206
2.827	611.973
2.828	632.146
2.829	649.424
2.83	663.623
2.831	674.682
2.832	682.673
2.833	687.788
2.834	690.338
2.835	690.73
2.836	689.444
2.837	687.006
2.838	683.959
2.839	680.824
2.84	678.075
2.841	676.108
2.842	675.218
2.843	675.581
2.844	677.249
2.845	680.143
2.846	684.068
2.847	688.727
2.848	693.739
2.849	698.676
2.85	703.088
2.851	706.539
2.852	708.639
2.853	709.075
2.854	707.635
2.855	704.225
2.856	698.885
2.857	691.785
2.858	683.224
2.859	673.615
2.86	663.463
2.861	653.335
2.862	643.83
2.863	635.541
2.864	629.018
2.865	624.734
2.866	623.048
2.867	624.184
2.868	628.204
2.869	635.003
2.87	644.301
2.871	655.655
2.872	668.473
2.873	682.046
2.874	695.574
2.875	708.214
2.876	719.118
2.877	727.481
2.878	732.581
2.879	733.821
2.88	730.759
2.881	723.132
2.882	710.871
2.883	694.105
2.884	673.157
2.885	648.522
2.886	620.847
2.887	590.901
2.888	559.531
2.889	527.634
2.89	496.107
2.891	465.817
2.892	437.566
2.893	412.057
2.894	389.878
2.895	371.482
2.896	357.179
2.897	347.133
2.898	341.367
2.899	339.771
2.9	342.116
2.901	348.07
2.902	357.222
2.903	369.096
2.904	383.176
2.905	398.927
2.906	415.811
2.907	433.305
2.908	450.919
2.909	468.204
2.91	484.764
2.911	500.259
2.912	514.412
2.913	527.01
2.914	537.898
2.915	546.979
2.916	554.206
2.917	559.575
2.918	563.116
2.919	564.884
2.92	564.952
2.921	563.397
2.922	560.296
2.923	555.72
2.924	549.724
2.925	542.352
2.926	533.629
2.927	523.568
2.928	512.171
2.929	499.438
2.93	485.371
2.931	469.986
2.932	453.316
2.933	435.427
2.934	416.417
2.935	396.428
2.936	375.647
2.937	354.306
2.938	332.684
2.939	311.101
2.94	289.914
2.941	269.51
2.942	250.301
2.943	232.709
2.944	217.165
2.945	204.097
2.946	193.921
2.947	187.04
2.948	183.833
2.949	184.655
2.95	189.828
2.951	199.639
2.952	214.338
2.953	234.131
2.954	259.175
2.955	289.574
2.956	325.366
2.957	366.52
2.958	412.924
2.959	464.374
2.96	520.563
2.961	581.073
2.962	645.367
2.963	712.778
2.964	782.512
2.965	853.65
2.966	925.15
2.967	995.869
2.968	1064.57
2.969	1129.98
2.97	1190.77
2.971	1245.64
2.972	1293.34
2.973	1332.74
2.974	1362.81
2.975	1382.75
2.976	1391.95
2.977	1390.05
2.978	1376.98
2.979	1352.93
2.98	1318.36
2.981	1274
2.982	1220.83
2.983	1160
2.984	1092.83
2.985	1020.74
2.986	945.221
2.987	867.749
2.988	789.763
2.989	712.612
2.99	637.52
2.991	565.558
2.992	497.625
2.993	434.441
2.994	376.546
2.995	324.307
2.996	277.932
2.997	237.491
2.998	202.937
2.999	174.13
3	150.859
3.001	132.864
3.002	119.855
3.003	111.528
3.004	107.576
3.005	107.693
3.006	111.584
3.007	118.962
3.008	129.547
3.009	143.061
3.01	159.229
3.011	177.767
3.012	198.386
3.013	220.785
3.014	244.651
3.015	269.663
3.016	295.492
3.017	321.808
3.018	348.285
3.019	374.607
3.02	400.475
3.021	425.613
3.022	449.773
3.023	472.737
3.024	494.317
3.025	514.356
3.026	532.722
3.027	549.306
3.028	564.014
3.029	576.762
3.03	587.469
3.031	596.052
3.032	602.425
3.033	606.497
3.034	608.174
3.035	607.361
3.036	603.972
3.037	597.937
3.038	589.21
3.039	577.78
3.04	563.679
3.041	546.987
3.042	527.842
3.043	506.439
3.044	483.029
3.045	457.918
3.046	431.457
3.047	404.031
3.048	376.055
3.049	347.95
3.05	320.139
3.051	293.028
3.052	266.996
3.053	242.381
3.054	219.475
3.055	198.513
3.056	179.672
3.057	163.066
3.058	148.751
3.059	136.724
3.06	126.93
3.061	119.269
3.062	113.602
3.063	109.762
3.064	107.564
3.065	106.811
3.066	107.309
3.067	108.869
3.068	111.322
3.069	114.523
3.07	118.356
3.071	122.738
3.072	127.623
3.073	132.998
3.074	138.886
3.075	145.337
3.076	152.426
3.077	160.244
3.078	168.889
3.079	178.454
3.08	189.025
3.081	200.663
3.082	213.402
3.083	227.242
3.084	242.142
3.085	258.022
3.086	274.762
3.087	292.21
3.088	310.185
3.089	328.489
3.09	346.92
3.091	365.282
3.092	383.399
3.093	401.125
3.094	418.357
3.095	435.039
3.096	451.17
3.097	466.796
3.098	482.012
3.099	496.951
3.1	511.769
3.101	526.631
3.102	541.694
3.103	557.085
3.104	572.883
3.105	589.108
3.106	605.702
3.107	622.525
3.108	639.347
3.109	655.86
3.11	671.678
3.111	686.356
3.112	699.41
3.113	710.338
3.114	718.645
3.115	723.874
3.116	725.625
3.117	723.578
3.118	717.514
3.119	707.328
3.12	693.032
3.121	674.759
3.122	652.756
3.123	627.374
3.124	599.049
3.125	568.287
3.126	535.638
3.127	501.674
3.128	466.966
3.129	432.065
3.13	397.482
3.131	363.672
3.132	331.026
3.133	299.864
3.134	270.429
3.135	242.892
3.136	217.358
3.137	193.864
3.138	172.4
3.139	152.908
3.14	135.298
3.141	119.456
3.142	105.254
3.143	92.5539
3.144	81.2201
3.145	71.1199
3.146	62.1287
3.147	54.132
3.148	47.0266
3.149	40.721
3.15	35.1349
3.151	30.1979
3.152	25.8493
3.153	22.0362
3.154	18.7126
3.155	15.8391
3.156	13.3818
3.157	11.3122
3.158	9.60728
3.159	8.24986
3.16	7.22917
3.161	6.54161
3.162	6.19175
3.163	6.19333
3.164	6.57036
3.165	7.35816
3.166	8.60433
3.167	10.3696
3.168	12.7282
3.169	15.7686
3.17	19.5931
3.171	24.318
3.172	30.0725
3.173	36.9982
3.174	45.2476
3.175	54.9832
3.176	66.3761
3.177	79.6051
3.178	94.8559
3.179	112.322
3.18	132.203
3.181	154.711
3.182	180.069
3.183	208.517
3.184	240.316
3.185	275.755
3.186	315.153
3.187	358.864
3.188	407.28
3.189	460.832
3.19	519.984
3.191	585.223
3.192	657.047
3.193	735.945
3.194	822.366
3.195	916.692
3.196	1019.19
3.197	1129.99
3.198	1249.01
3.199	1375.95
3.2	1510.22
3.201	1650.93
3.202	1796.87
3.203	1946.49
3.204	2097.9
3.205	2248.93
3.206	2397.14
3.207	2539.9
3.208	2674.46
3.209	2798.03
3.21	2907.9
3.211	3001.55
3.212	3076.71
3.213	3131.5
3.214	3164.47
3.215	3174.74
3.216	3161.93
3.217	3126.29
3.218	3068.64
3.219	2990.31
3.22	2893.17
3.221	2779.48
3.222	2651.83
3.223	2513.03
3.224	2366.02
3.225	2213.74
3.226	2059.06
3.227	1904.65
3.228	1752.95
3.229	1606.09
3.23	1465.84
3.231	1333.6
3.232	1210.42
3.233	1096.95
3.234	993.552
3.235	900.251
3.236	816.833
3.237	742.876
3.238	677.8
3.239	620.914
3.24	571.461
3.241	528.66
3.242	491.739
3.243	459.958
3.244	432.633
3.245	409.152
3.246	388.975
3.247	371.644
3.248	356.778
3.249	344.065
3.25	333.262
3.251	324.176
3.252	316.661
3.253	310.608
3.254	305.931
3.255	302.564
3.256	300.452
3.257	299.547
3.258	299.803
3.259	301.176
3.26	303.62
3.261	307.091
3.262	311.544
3.263	316.932
3.264	323.21
3.265	330.333
3.266	338.253
3.267	346.916
3.268	356.261
3.269	366.215
3.27	376.689
3.271	387.572
3.272	398.728
3.273	409.993
3.274	421.174
3.275	432.051
3.276	442.373
3.277	451.871
3.278	460.261
3.279	467.253
3.28	472.563
3.281	475.924
3.282	477.097
3.283	475.887
3.284	472.147
3.285	465.794
3.286	456.809
3.287	445.245
3.288	431.225
3.289	414.939
3.29	396.641
3.291	376.635
3.292	355.272
3.293	332.929
3.294	310.003
3.295	286.893
3.296	263.992
3.297	241.67
3.298	220.267
3.299	200.085
3.3	181.38
3.301	164.362
3.302	149.19
3.303	135.973
3.304	124.775
3.305	115.614
3.306	108.469
3.307	103.286
3.308	99.9812
3.309	98.4472
3.31	98.558
3.311	100.174
3.312	103.144
3.313	107.313
3.314	112.519
3.315	118.602
3.316	125.399
3.317	132.749
3.318	140.496
3.319	148.484
3.32	156.564
3.321	164.592
3.322	172.43
3.323	179.949
3.324	187.031
3.325	193.569
3.326	199.473
3.327	204.671
3.328	209.109
3.329	212.759
3.33	215.617
3.331	217.706
3.332	219.078
3.333	219.811
3.334	220.011
3.335	219.807
3.336	219.35
3.337	218.806
3.338	218.348
3.339	218.155
3.34	218.397
3.341	219.233
3.342	220.799
3.343	223.201
3.344	226.512
3.345	230.759
3.346	235.926
3.347	241.95
3.348	248.719
3.349	256.076
3.35	263.824
3.351	271.73
3.352	279.536
3.353	286.967
3.354	293.742
3.355	299.587
3.356	304.242
3.357	307.476
3.358	309.094
3.359	308.945
3.36	306.931
3.361	303.005
3.362	297.178
3.363	289.516
3.364	280.135
3.365	269.2
3.366	256.912
3.367	243.505
3.368	229.236
3.369	214.372
3.37	199.183
3.371	183.933
3.372	168.87
3.373	154.222
3.374	140.189
3.375	126.939
3.376	114.609
3.377	103.298
3.378	93.0752
3.379	83.9754
3.38	76.0056
3.381	69.1478
3.382	63.3627
3.383	58.5949
3.384	54.7772
3.385	51.8346
3.386	49.6889
3.387	48.2618
3.388	47.4776
3.389	47.2665
3.39	47.5651
3.391	48.3186
3.392	49.4806
3.393	51.0134
3.394	52.8879
3.395	55.0821
3.396	57.5809
3.397	60.3745
3.398	63.4567
3.399	66.8241
3.4	70.4744
3.401	74.4048
3.402	78.6108
3.403	83.0855
3.404	87.818
3.405	92.7932
3.406	97.991
3.407	103.387
3.408	108.951
3.409	114.651
3.41	120.451
3.411	126.314
3.412	132.207
3.413	138.098
3.414	143.962
3.415	149.786
3.416	155.567
3.417	161.321
3.418	167.08
3.419	172.898
3.42	178.852
3.421	185.04
3.422	191.584
3.423	198.626
3.424	206.325
3.425	214.851
3.426	224.381
3.427	235.091
3.428	247.15
3.429	260.704
3.43	275.876
3.431	292.749
3.432	311.362
3.433	331.699
3.434	353.688
3.435	377.189
3.436	402
3.437	427.852
3.438	454.418
3.439	481.315
3.44	508.116
3.441	534.36
3.442	559.571
3.443	583.268
3.444	604.987
3.445	624.294
3.446	640.805
3.447	654.202
3.448	664.244
3.449	670.784
3.45	673.769
3.451	673.254
3.452	669.397
3.453	662.461
3.454	652.804
3.455	640.873
3.456	627.192
3.457	612.346
3.458	596.964
3.459	581.705
3.46	567.235
3.461	554.214
3.462	543.274
3.463	535.004
3.464	529.933
3.465	528.517
3.466	531.126
3.467	538.032
3.468	549.403
3.469	565.29
3.47	585.633
3.471	610.247
3.472	638.83
3.473	670.966
3.474	706.123
3.475	743.674
3.476	782.896
3.477	822.996
3.478	863.121
3.479	902.383
3.48	939.879
3.481	974.717
3.482	1006.04
3.483	1033.06
3.484	1055.07
3.485	1071.45
3.486	1081.76
3.487	1085.64
3.488	1082.93
3.489	1073.62
3.49	1057.83
3.491	1035.88
3.492	1008.19
3.493	975.334
3.494	937.97
3.495	896.85
3.496	852.779
3.497	806.591
3.498	759.123
3.499	711.19
3.5	663.561
3.501	616.942
3.502	571.957
3.503	529.141
3.504	488.924
3.505	451.635
3.506	417.5
3.507	386.64
3.508	359.087
3.509	334.784
3.51	313.6
3.511	295.342
3.512	279.763
3.513	266.58
3.514	255.484
3.515	246.151
3.516	238.255
3.517	231.476
3.518	225.51
3.519	220.079
3.52	214.933
3.521	209.86
3.522	204.684
3.523	199.276
3.524	193.546
3.525	187.452
3.526	180.991
3.527	174.205
3.528	167.173
3.529	160.012
3.53	152.87
3.531	145.924
3.532	139.374
3.533	133.444
3.534	128.37
3.535	124.403
3.536	121.801
3.537	120.823
3.538	121.733
3.539	124.784
3.54	130.222
3.541	138.28
3.542	149.166
3.543	163.066
3.544	180.129
3.545	200.465
3.546	224.137
3.547	251.15
3.548	281.45
3.549	314.909
3.55	351.327
3.551	390.426
3.552	431.843
3.553	475.137
3.554	519.789
3.555	565.209
3.556	610.741
3.557	655.685
3.558	699.302
3.559	740.838
3.56	779.543
3.561	814.689
3.562	845.596
3.563	871.65
3.564	892.323
3.565	907.19
3.566	915.946
3.567	918.411
3.568	914.542
3.569	904.43
3.57	888.298
3.571	866.494
3.572	839.477
3.573	807.803
3.574	772.105
3.575	733.073
3.576	691.433
3.577	647.923
3.578	603.275
3.579	558.195
3.58	513.343
3.581	469.322
3.582	426.666
3.583	385.833
3.584	347.197
3.585	311.053
3.586	277.611
3.587	247.006
3.588	219.304
3.589	194.503
3.59	172.549
3.591	153.343
3.592	136.745
3.593	122.59
3.594	110.692
3.595	100.853
3.596	92.8694
3.597	86.5357
3.598	81.6514
3.599	78.0237
3.6	75.4699
3.601	73.8196
3.602	72.9158
3.603	72.6156
3.604	72.7906
3.605	73.3266
3.606	74.1234
3.607	75.0945
3.608	76.1663
3.609	77.2779
3.61	78.3802
3.611	79.4356
3.612	80.4173
3.613	81.3088
3.614	82.1037
3.615	82.8044
3.616	83.4218
3.617	83.975
3.618	84.4893
3.619	84.9965
3.62	85.5328
3.621	86.1381
3.622	86.8544
3.623	87.725
3.624	88.793
3.625	90.0998
3.626	91.6852
3.627	93.586
3.628	95.8361
3.629	98.4672
3.63	101.509
3.631	104.991
3.632	108.945
3.633	113.407
3.634	118.419
3.635	124.034
3.636	130.321
3.637	137.364
3.638	145.267
3.639	154.16
3.64	164.194
3.641	175.547
3.642	188.424
3.643	203.05
3.644	219.67
3.645	238.543
3.646	259.936
3.647	284.111
3.648	311.321
3.649	341.792
3.65	375.716
3.651	413.235
3.652	454.428
3.653	499.304
3.654	547.782
3.655	599.69
3.656	654.757
3.657	712.603
3.658	772.748
3.659	834.608
3.66	897.504
3.661	960.674
3.662	1023.29
3.663	1084.47
3.664	1143.29
3.665	1198.85
3.666	1250.23
3.667	1296.58
3.668	1337.1
3.669	1371.08
3.67	1397.93
3.671	1417.17
3.672	1428.47
3.673	1431.66
3.674	1426.71
3.675	1413.74
3.676	1393.04
3.677	1365.03
3.678	1330.25
3.679	1289.36
3.68	1243.12
3.681	1192.33
3.682	1137.88
3.683	1080.64
3.684	1021.52
3.685	961.398
3.686	901.112
3.687	841.452
3.688	783.139
3.689	726.813
3.69	673.027
3.691	622.242
3.692	574.823
3.693	531.037
3.694	491.059
3.695	454.975
3.696	422.787
3.697	394.421
3.698	369.737
3.699	348.537
3.7	330.574
3.701	315.566
3.702	303.2
3.703	293.146
3.704	285.064
3.705	278.613
3.706	273.459
3.707	269.281
3.708	265.777
3.709	262.667
3.71	259.701
3.711	256.659
3.712	253.353
3.713	249.629
3.714	245.367
3.715	240.479
3.716	234.913
3.717	228.645
3.718	221.681
3.719	214.054
3.72	205.821
3.721	197.058
3.722	187.863
3.723	178.345
3.724	168.627
3.725	158.84
3.726	149.121
3.727	139.612
3.728	130.454
3.729	121.789
3.73	113.752
3.731	106.478
3.732	100.091
3.733	94.7087
3.734	90.4389
3.735	87.3784
3.736	85.6118
3.737	85.21
3.738	86.229
3.739	88.7088
3.74	92.6711
3.741	98.1187
3.742	105.034
3.743	113.376
3.744	123.083
3.745	134.067
3.746	146.218
3.747	159.398
3.748	173.45
3.749	188.192
3.75	203.423
3.751	218.924
3.752	234.463
3.753	249.802
3.754	264.695
3.755	278.902
3.756	292.19
3.757	304.341
3.758	315.159
3.759	324.475
3.76	332.152
3.761	338.093
3.762	342.24
3.763	344.584
3.764	345.157
3.765	344.042
3.766	341.366
3.767	337.299
3.768	332.052
3.769	325.866
3.77	319.016
3.771	311.795
3.772	304.51
3.773	297.474
3.774	290.998
3.775	285.382
3.776	280.907
3.777	277.829
3.778	276.374
3.779	276.73
3.78	279.045
3.781	283.424
3.782	289.927
3.783	298.572
3.784	309.334
3.785	322.152
3.786	336.928
3.787	353.538
3.788	371.835
3.789	391.656
3.79	412.831
3.791	435.186
3.792	458.553
3.793	482.773
3.794	507.699
3.795	533.202
3.796	559.169
3.797	585.506
3.798	612.132
3.799	638.98
3.8	665.99
3.801	693.103
3.802	720.258
3.803	747.383
3.804	774.39
3.805	801.171
3.806	827.594
3.807	853.498
3.808	878.694
3.809	902.966
3.81	926.073
3.811	947.752
3.812	967.73
3.813	985.723
3.814	1001.45
3.815	1014.65
3.816	1025.07
3.817	1032.5
3.818	1036.77
3.819	1037.73
3.82	1035.33
3.821	1029.54
3.822	1020.42
3.823	1008.05
3.824	992.608
3.825	974.313
3.826	953.433
3.827	930.282
3.828	905.207
3.829	878.582
3.83	850.797
3.831	822.25
3.832	793.335
3.833	764.434
3.834	735.908
3.835	708.092
3.836	681.288
3.837	655.757
3.838	631.721
3.839	609.356
3.84	588.794
3.841	570.123
3.842	553.385
3.843	538.581
3.844	525.674
3.845	514.589
3.846	505.221
3.847	497.436
3.848	491.073
3.849	485.956
3.85	481.891
3.851	478.672
3.852	476.089
3.853	473.929
3.854	471.982
3.855	470.045
3.856	467.925
3.857	465.446
3.858	462.452
3.859	458.807
3.86	454.404
3.861	449.163
3.862	443.035
3.863	436.001
3.864	428.078
3.865	419.311
3.866	409.778
3.867	399.584
3.868	388.859
3.869	377.754
3.87	366.436
3.871	355.085
3.872	343.882
3.873	333.011
3.874	322.649
3.875	312.959
3.876	304.087
3.877	296.159
3.878	289.272
3.879	283.5
3.88	278.884
3.881	275.439
3.882	273.15
3.883	271.979
3.884	271.868
3.885	272.741
3.886	274.516
3.887	277.104
3.888	280.422
3.889	284.394
3.89	288.962
3.891	294.089
3.892	299.762
3.893	305.998
3.894	312.841
3.895	320.367
3.896	328.675
3.897	337.888
3.898	348.147
3.899	359.599
3.9	372.394
3.901	386.67
3.902	402.547
3.903	420.117
3.904	439.431
3.905	460.493
3.906	483.251
3.907	507.597
3.908	533.355
3.909	560.287
3.91	588.094
3.911	616.418
3.912	644.851
3.913	672.944
3.914	700.22
3.915	726.184
3.916	750.34
3.917	772.207
3.918	791.328
3.919	807.29
3.92	819.736
3.921	828.373
3.922	832.985
3.923	833.436
3.924	829.675
3.925	821.738
3.926	809.745
3.927	793.895
3.928	774.457
3.929	751.766
3.93	726.207
3.931	698.204
3.932	668.211
3.933	636.693
3.934	604.12
3.935	570.951
3.936	537.623
3.937	504.545
3.938	472.092
3.939	440.592
3.94	410.329
3.941	381.54
3.942	354.412
3.943	329.083
3.944	305.651
3.945	284.167
3.946	264.647
3.947	247.076
3.948	231.408
3.949	217.576
3.95	205.497
3.951	195.072
3.952	186.196
3.953	178.756
3.954	172.639
3.955	167.733
3.956	163.927
3.957	161.116
3.958	159.199
3.959	158.084
3.96	157.682
3.961	157.914
3.962	158.707
3.963	159.998
3.964	161.728
3.965	163.848
3.966	166.316
3.967	169.097
3.968	172.165
3.969	175.501
3.97	179.094
3.971	182.939
3.972	187.04
3.973	191.407
3.974	196.054
3.975	201.003
3.976	206.278
3.977	211.903
3.978	217.908
3.979	224.32
3.98	231.164
3.981	238.464
3.982	246.24
3.983	254.505
3.984	263.271
3.985	272.544
3.986	282.326
3.987	292.614
3.988	303.405
3.989	314.695
3.99	326.481
3.991	338.761
3.992	351.54
3.993	364.826
3.994	378.632
3.995	392.978
3.996	407.888
3.997	423.389
3.998	439.509
3.999	456.273
4	473.696
4.001	491.786
4.002	510.532
4.003	529.9
4.004	549.832
4.005	570.24
4.006	591
4.007	611.956
4.008	632.914
4.009	653.65
4.01	673.906
4.011	693.4
4.012	711.832
4.013	728.891
4.014	744.266
4.015	757.656
4.016	768.78
4.017	777.387
4.018	783.267
4.019	786.26
4.02	786.262
4.021	783.23
4.022	777.187
4.023	768.218
4.024	756.475
4.025	742.164
4.026	725.547
4.027	706.93
4.028	686.651
4.029	665.074
4.03	642.575
4.031	619.533
4.032	596.316
4.033	573.275
4.034	550.735
4.035	528.984
4.036	508.275
4.037	488.818
4.038	470.777
4.039	454.276
4.04	439.396
4.041	426.18
4.042	414.635
4.043	404.739
4.044	396.445
4.045	389.684
4.046	384.373
4.047	380.417
4.048	377.712
4.049	376.148
4.05	375.614
4.051	375.994
4.052	377.174
4.053	379.035
4.054	381.461
4.055	384.329
4.056	387.518
4.057	390.902
4.058	394.352
4.059	397.739
4.06	400.93
4.061	403.793
4.062	406.196
4.063	408.014
4.064	409.124
4.065	409.416
4.066	408.789
4.067	407.16
4.068	404.461
4.069	400.645
4.07	395.686
4.071	389.583
4.072	382.355
4.073	374.05
4.074	364.733
4.075	354.496
4.076	343.447
4.077	331.714
4.078	319.437
4.079	306.768
4.08	293.868
4.081	280.902
4.082	268.034
4.083	255.427
4.084	243.241
4.085	231.625
4.086	220.719
4.087	210.653
4.088	201.543
4.089	193.491
4.09	186.585
4.091	180.901
4.092	176.502
4.093	173.435
4.094	171.741
4.095	171.447
4.096	172.573
4.097	175.13
4.098	179.123
4.099	184.549
4.1	191.401
4.101	199.663
4.102	209.313
4.103	220.32
4.104	232.643
4.105	246.229
4.106	261.013
4.107	276.911
4.108	293.823
4.109	311.626
4.11	330.18
4.111	349.318
4.112	368.853
4.113	388.575
4.114	408.257
4.115	427.652
4.116	446.501
4.117	464.54
4.118	481.502
4.119	497.123
4.12	511.156
4.121	523.372
4.122	533.569
4.123	541.582
4.124	547.288
4.125	550.609
4.126	551.52
4.127	550.051
4.128	546.287
4.129	540.367
4.13	532.486
4.131	522.884
4.132	511.847
4.133	499.696
4.134	486.776
4.135	473.456
4.136	460.106
4.137	447.097
4.138	434.785
4.139	423.503
4.14	413.55
4.141	405.184
4.142	398.612
4.143	393.989
4.144	391.407
4.145	390.9
4.146	392.436
4.147	395.924
4.148	401.214
4.149	408.1
4.15	416.329
4.151	425.609
4.152	435.613
4.153	445.992
4.154	456.384
4.155	466.424
4.156	475.755
4.157	484.034
4.158	490.946
4.159	496.211
4.16	499.585
4.161	500.876
4.162	499.94
4.163	496.685
4.164	491.075
4.165	483.127
4.166	472.908
4.167	460.535
4.168	446.166
4.169	429.996
4.17	412.253
4.171	393.188
4.172	373.066
4.173	352.167
4.174	330.768
4.175	309.145
4.176	287.564
4.177	266.276
4.178	245.514
4.179	225.487
4.18	206.379
4.181	188.35
4.182	171.531
4.183	156.029
4.184	141.921
4.185	129.265
4.186	118.093
4.187	108.419
4.188	100.24
4.189	93.5392
4.19	88.2889
4.191	84.4542
4.192	81.9961
4.193	80.8749
4.194	81.0532
4.195	82.4995
4.196	85.1907
4.197	89.1154
4.198	94.2765
4.199	100.693
4.2	108.404
4.201	117.467
4.202	127.962
4.203	139.991
4.204	153.679
4.205	169.169
4.206	186.626
4.207	206.231
4.208	228.177
4.209	252.667
4.21	279.903
4.211	310.086
4.212	343.405
4.213	380.027
4.214	420.095
4.215	463.711
4.216	510.934
4.217	561.767
4.218	616.152
4.219	673.962
4.22	734.999
4.221	798.982
4.222	865.554
4.223	934.277
4.224	1004.64
4.225	1076.04
4.226	1147.84
4.227	1219.33
4.228	1289.73
4.229	1358.27
4.23	1424.14
4.231	1486.52
4.232	1544.61
4.233	1597.65
4.234	1644.9
4.235	1685.72
4.236	1719.51
4.237	1745.77
4.238	1764.13
4.239	1774.29
4.24	1776.1
4.241	1769.52
4.242	1754.62
4.243	1731.62
4.244	1700.84
4.245	1662.72
4.246	1617.79
4.247	1566.69
4.248	1510.11
4.249	1448.82
4.25	1383.62
4.251	1315.37
4.252	1244.89
4.253	1173.03
4.254	1100.62
4.255	1028.42
4.256	957.163
4.257	887.522
4.258	820.089
4.259	755.38
4.26	693.826
4.261	635.776
4.262	581.489
4.263	531.143
4.264	484.836
4.265	442.593
4.266	404.373
4.267	370.075
4.268	339.552
4.269	312.618
4.27	289.055
4.271	268.628
4.272	251.09
4.273	236.191
4.274	223.685
4.275	213.337
4.276	204.927
4.277	198.255
4.278	193.141
4.279	189.428
4.28	186.98
4.281	185.684
4.282	185.444
4.283	186.182
4.284	187.833
4.285	190.342
4.286	193.658
4.287	197.734
4.288	202.525
4.289	207.978
4.29	214.037
4.291	220.64
4.292	227.716
4.293	235.185
4.294	242.961
4.295	250.952
4.296	259.063
4.297	267.194
4.298	275.251
4.299	283.14
4.3	290.774
4.301	298.076
4.302	304.979
4.303	311.431
4.304	317.393
4.305	322.84
4.306	327.761
4.307	332.161
4.308	336.055
4.309	339.47
4.31	342.441
4.311	345.006
4.312	347.209
4.313	349.093
4.314	350.699
4.315	352.066
4.316	353.225
4.317	354.202
4.318	355.018
4.319	355.685
4.32	356.211
4.321	356.602
4.322	356.859
4.323	356.985
4.324	356.983
4.325	356.862
4.326	356.637
4.327	356.328
4.328	355.967
4.329	355.591
4.33	355.25
4.331	355.001
4.332	354.908
4.333	355.043
4.334	355.48
4.335	356.298
4.336	357.577
4.337	359.393
4.338	361.825
4.339	364.944
4.34	368.823
4.341	373.528
4.342	379.126
4.343	385.684
4.344	393.271
4.345	401.961
4.346	411.835
4.347	422.988
4.348	435.525
4.349	449.568
4.35	465.258
4.351	482.75
4.352	502.218
4.353	523.849
4.354	547.84
4.355	574.394
4.356	603.712
4.357	635.986
4.358	671.388
4.359	710.062
4.36	752.11
4.361	797.587
4.362	846.488
4.363	898.738
4.364	954.187
4.365	1012.6
4.366	1073.67
4.367	1136.99
4.368	1202.09
4.369	1268.4
4.37	1335.3
4.371	1402.13
4.372	1468.16
4.373	1532.65
4.374	1594.87
4.375	1654.1
4.376	1709.64
4.377	1760.87
4.378	1807.23
4.379	1848.24
4.38	1883.55
4.381	1912.91
4.382	1936.17
4.383	1953.31
4.384	1964.45
4.385	1969.8
4.386	1969.64
4.387	1964.4
4.388	1954.51
4.389	1940.48
4.39	1922.85
4.391	1902.16
4.392	1878.93
4.393	1853.65
4.394	1826.75
4.395	1798.62
4.396	1769.57
4.397	1739.81
4.398	1709.49
4.399	1678.69
4.4	1647.4
4.401	1615.55
4.402	1583.03
4.403	1549.69
4.404	1515.35
4.405	1479.85
4.406	1443
4.407	1404.68
4.408	1364.78
4.409	1323.24
4.41	1280.07
4.411	1235.31
4.412	1189.1
4.413	1141.61
4.414	1093.07
4.415	1043.77
4.416	994.036
4.417	944.22
4.418	894.698
4.419	845.855
4.42	798.074
4.421	751.728
4.422	707.17
4.423	664.728
4.424	624.695
4.425	587.332
4.426	552.86
4.427	521.465
4.428	493.295
4.429	468.468
4.43	447.071
4.431	429.171
4.432	414.811
4.433	404.026
4.434	396.84
4.435	393.275
4.436	393.351
4.437	397.092
4.438	404.527
4.439	415.687
4.44	430.606
4.441	449.317
4.442	471.851
4.443	498.226
4.444	528.445
4.445	562.485
4.446	600.294
4.447	641.777
4.448	686.794
4.449	735.147
4.45	786.58
4.451	840.767
4.452	897.315
4.453	955.759
4.454	1015.56
4.455	1076.13
4.456	1136.8
4.457	1196.86
4.458	1255.56
4.459	1312.13
4.46	1365.78
4.461	1415.74
4.462	1461.26
4.463	1501.64
4.464	1536.23
4.465	1564.47
4.466	1585.91
4.467	1600.2
4.468	1607.09
4.469	1606.5
4.47	1598.44
4.471	1583.09
4.472	1560.74
4.473	1531.8
4.474	1496.79
4.475	1456.31
4.476	1411.08
4.477	1361.82
4.478	1309.33
4.479	1254.41
4.48	1197.85
4.481	1140.44
4.482	1082.88
4.483	1025.87
4.484	969.989
4.485	915.761
4.486	863.615
4.487	813.884
4.488	766.814
4.489	722.557
4.49	681.182
4.491	642.682
4.492	606.984
4.493	573.956
4.494	543.426
4.495	515.189
4.496	489.021
4.497	464.689
4.498	441.963
4.499	420.625
4.5	400.475
4.501	381.338
4.502	363.069
4.503	345.553
4.504	328.708
4.505	312.482
4.506	296.853
4.507	281.825
4.508	267.425
4.509	253.696
4.51	240.696
4.511	228.492
4.512	217.151
4.513	206.745
4.514	197.338
4.515	188.987
4.516	181.742
4.517	175.638
4.518	170.7
4.519	166.937
4.52	164.349
4.521	162.919
4.522	162.623
4.523	163.425
4.524	165.281
4.525	168.143
4.526	171.957
4.527	176.671
4.528	182.229
4.529	188.581
4.53	195.679
4.531	203.484
4.532	211.96
4.533	221.082
4.534	230.834
4.535	241.207
4.536	252.202
4.537	263.831
4.538	276.11
4.539	289.065
4.54	302.725
4.541	317.124
4.542	332.296
4.543	348.275
4.544	365.092
4.545	382.769
4.546	401.321
4.547	420.752
4.548	441.048
4.549	462.182
4.55	484.107
4.551	506.752
4.552	530.029
4.553	553.824
4.554	578
4.555	602.398
4.556	626.84
4.557	651.125
4.558	675.038
4.559	698.349
4.56	720.819
4.561	742.201
4.562	762.251
4.563	780.725
4.564	797.389
4.565	812.025
4.566	824.429
4.567	834.423
4.568	841.856
4.569	846.606
4.57	848.583
4.571	847.736
4.572	844.045
4.573	837.532
4.574	828.252
4.575	816.295
4.576	801.785
4.577	784.876
4.578	765.75
4.579	744.611
4.58	721.682
4.581	697.204
4.582	671.426
4.583	644.604
4.584	616.996
4.585	588.861
4.586	560.45
4.587	532.007
4.588	503.763
4.589	475.937
4.59	448.733
4.591	422.337
4.592	396.917
4.593	372.624
4.594	349.589
4.595	327.927
4.596	307.731
4.597	289.082
4.598	272.04
4.599	256.653
4.6	242.954
4.601	230.961
4.602	220.685
4.603	212.122
4.604	205.261
4.605	200.084
4.606	196.562
4.607	194.664
4.608	194.351
4.609	195.58
4.61	198.302
4.611	202.465
4.612	208.011
4.613	214.877
4.614	222.996
4.615	232.294
4.616	242.689
4.617	254.095
4.618	266.414
4.619	279.543
4.62	293.366
4.621	307.76
4.622	322.593
4.623	337.721
4.624	352.997
4.625	368.26
4.626	383.35
4.627	398.1
4.628	412.342
4.629	425.911
4.63	438.645
4.631	450.391
4.632	461.006
4.633	470.361
4.634	478.344
4.635	484.861
4.636	489.84
4.637	493.232
4.638	495.013
4.639	495.179
4.64	493.756
4.641	490.787
4.642	486.341
4.643	480.503
4.644	473.377
4.645	465.079
4.646	455.736
4.647	445.482
4.648	434.454
4.649	422.793
4.65	410.633
4.651	398.107
4.652	385.34
4.653	372.449
4.654	359.541
4.655	346.714
4.656	334.058
4.657	321.652
4.658	309.568
4.659	297.872
4.66	286.625
4.661	275.883
4.662	265.703
4.663	256.139
4.664	247.249
4.665	239.092
4.666	231.731
4.667	225.232
4.668	219.664
4.669	215.1
4.67	211.615
4.671	209.284
4.672	208.184
4.673	208.386
4.674	209.959
4.675	212.963
4.676	217.45
4.677	223.46
4.678	231.019
4.679	240.138
4.68	250.81
4.681	263.007
4.682	276.684
4.683	291.773
4.684	308.182
4.685	325.803
4.686	344.503
4.687	364.132
4.688	384.519
4.689	405.482
4.69	426.824
4.691	448.339
4.692	469.816
4.693	491.045
4.694	511.818
4.695	531.938
4.696	551.226
4.697	569.519
4.698	586.687
4.699	602.628
4.7	617.283
4.701	630.634
4.702	642.713
4.703	653.603
4.704	663.442
4.705	672.424
4.706	680.798
4.707	688.867
4.708	696.985
4.709	705.551
4.71	715.002
4.711	725.805
4.712	738.443
4.713	753.408
4.714	771.186
4.715	792.239
4.716	816.999
4.717	845.842
4.718	879.084
4.719	916.962
4.72	959.623
4.721	1007.11
4.722	1059.37
4.723	1116.22
4.724	1177.37
4.725	1242.42
4.726	1310.83
4.727	1382
4.728	1455.21
4.729	1529.65
4.73	1604.46
4.731	1678.74
4.732	1751.54
4.733	1821.91
4.734	1888.93
4.735	1951.7
4.736	2009.37
4.737	2061.18
4.738	2106.44
4.739	2144.58
4.74	2175.13
4.741	2197.76
4.742	2212.25
4.743	2218.53
4.744	2216.65
4.745	2206.78
4.746	2189.22
4.747	2164.38
4.748	2132.76
4.749	2094.97
4.75	2051.65
4.751	2003.53
4.752	1951.39
4.753	1896
4.754	1838.18
4.755	1778.71
4.756	1718.39
4.757	1657.96
4.758	1598.14
4.759	1539.58
4.76	1482.88
4.761	1428.58
4.762	1377.14
4.763	1328.95
4.764	1284.32
4.765	1243.48
4.766	1206.58
4.767	1173.72
4.768	1144.92
4.769	1120.12
4.77	1099.23
4.771	1082.1
4.772	1068.53
4.773	1058.3
4.774	1051.15
4.775	1046.82
4.776	1045.01
4.777	1045.45
4.778	1047.84
4.779	1051.91
4.78	1057.38
4.781	1063.99
4.782	1071.48
4.783	1079.64
4.784	1088.23
4.785	1097.04
4.786	1105.88
4.787	1114.56
4.788	1122.89
4.789	1130.69
4.79	1137.78
4.791	1144.01
4.792	1149.2
4.793	1153.18
4.794	1155.81
4.795	1156.94
4.796	1156.44
4.797	1154.21
4.798	1150.16
4.799	1144.23
4.8	1136.42
4.801	1126.74
4.802	1115.26
4.803	1102.11
4.804	1087.47
4.805	1071.54
4.806	1054.62
4.807	1037.02
4.808	1019.12
4.809	1001.32
4.81	984.068
4.811	967.808
4.812	953.008
4.813	940.132
4.814	929.623
4.815	921.899
4.816	917.334
4.817	916.252
4.818	918.909
4.819	925.492
4.82	936.106
4.821	950.77
4.822	969.413
4.823	991.875
4.824	1017.91
4.825	1047.18
4.826	1079.28
4.827	1113.73
4.828	1149.98
4.829	1187.46
4.83	1225.53
4.831	1263.56
4.832	1300.89
4.833	1336.88
4.834	1370.91
4.835	1402.38
4.836	1430.77
4.837	1455.56
4.838	1476.35
4.839	1492.78
4.84	1504.57
4.841	1511.51
4.842	1513.5
4.843	1510.48
4.844	1502.49
4.845	1489.63
4.846	1472.07
4.847	1450.04
4.848	1423.81
4.849	1393.7
4.85	1360.07
4.851	1323.29
4.852	1283.77
4.853	1241.9
4.854	1198.1
4.855	1152.78
4.856	1106.33
4.857	1059.13
4.858	1011.57
4.859	963.985
4.86	916.708
4.861	870.051
4.862	824.302
4.863	779.731
4.864	736.589
4.865	695.111
4.866	655.514
4.867	618.007
4.868	582.783
4.869	550.028
4.87	519.921
4.871	492.631
4.872	468.324
4.873	447.156
4.874	429.279
4.875	414.831
4.876	403.944
4.877	396.733
4.878	393.295
4.879	393.709
4.88	398.025
4.881	406.265
4.882	418.416
4.883	434.426
4.884	454.202
4.885	477.603
4.886	504.442
4.887	534.482
4.888	567.435
4.889	602.965
4.89	640.691
4.891	680.189
4.892	721
4.893	762.634
4.894	804.582
4.895	846.326
4.896	887.346
4.897	927.134
4.898	965.208
4.899	1001.12
4.9	1034.46
4.901	1064.9
4.902	1092.15
4.903	1116.01
4.904	1136.36
4.905	1153.16
4.906	1166.46
4.907	1176.4
4.908	1183.18
4.909	1187.12
4.91	1188.56
4.911	1187.93
4.912	1185.71
4.913	1182.4
4.914	1178.53
4.915	1174.64
4.916	1171.27
4.917	1168.94
4.918	1168.14
4.919	1169.32
4.92	1172.87
4.921	1179.14
4.922	1188.41
4.923	1200.89
4.924	1216.72
4.925	1235.97
4.926	1258.65
4.927	1284.7
4.928	1314.01
4.929	1346.4
4.93	1381.66
4.931	1419.54
4.932	1459.75
4.933	1501.99
4.934	1545.93
4.935	1591.22
4.936	1637.51
4.937	1684.45
4.938	1731.69
4.939	1778.86
4.94	1825.59
4.941	1871.54
4.942	1916.34
4.943	1959.61
4.944	2000.99
4.945	2040.1
4.946	2076.55
4.947	2109.96
4.948	2139.94
4.949	2166.11
4.95	2188.09
4.951	2205.52
4.952	2218.06
4.953	2225.41
4.954	2227.31
4.955	2223.56
4.956	2214
4.957	2198.58
4.958	2177.31
4.959	2150.29
4.96	2117.72
4.961	2079.9
4.962	2037.21
4.963	1990.13
4.964	1939.23
4.965	1885.14
4.966	1828.56
4.967	1770.22
4.968	1710.91
4.969	1651.4
4.97	1592.45
4.971	1534.83
4.972	1479.22
4.973	1426.27
4.974	1376.53
4.975	1330.48
4.976	1288.49
4.977	1250.83
4.978	1217.65
4.979	1189.01
4.98	1164.84
4.981	1144.99
4.982	1129.2
4.983	1117.14
4.984	1108.41
4.985	1102.55
4.986	1099.05
4.987	1097.4
4.988	1097.05
4.989	1097.48
4.99	1098.17
4.991	1098.65
4.992	1098.48
4.993	1097.28
4.994	1094.75
4.995	1090.64
4.996	1084.77
4.997	1077.07
4.998	1067.51
4.999	1056.16
5	1043.17
5.001	1028.74
5.002	1013.14
5.003	996.718
5.004	979.841
5.005	962.931
5.006	946.436
5.007	930.822
5.008	916.564
5.009	904.132
5.01	893.984
5.011	886.554
5.012	882.238
5.013	881.392
5.014	884.315
5.015	891.247
5.016	902.358
5.017	917.741
5.018	937.41
5.019	961.295
5.02	989.24
5.021	1021
5.022	1056.24
5.023	1094.56
5.024	1135.46
5.025	1178.37
5.026	1222.68
5.027	1267.72
5.028	1312.76
5.029	1357.08
5.03	1399.94
5.031	1440.58
5.032	1478.32
5.033	1512.47
5.034	1542.42
5.035	1567.65
5.036	1587.69
5.037	1602.2
5.038	1610.92
5.039	1613.71
5.04	1610.56
5.041	1601.55
5.042	1586.87
5.043	1566.84
5.044	1541.85
5.045	1512.36
5.046	1478.93
5.047	1442.15
5.048	1402.63
5.049	1361.05
5.05	1318.04
5.051	1274.25
5.052	1230.3
5.053	1186.77
5.054	1144.19
5.055	1103.05
5.056	1063.77
5.057	1026.7
5.058	992.157
5.059	960.36
5.06	931.485
5.061	905.645
5.062	882.897
5.063	863.251
5.064	846.667
5.065	833.067
5.066	822.334
5.067	814.319
5.068	808.844
5.069	805.705
5.07	804.673
5.071	805.502
5.072	807.927
5.073	811.666
5.074	816.429
5.075	821.912
5.076	827.808
5.077	833.806
5.078	839.597
5.079	844.88
5.08	849.361
5.081	852.767
5.082	854.845
5.083	855.367
5.084	854.138
5.085	851
5.086	845.831
5.087	838.553
5.088	829.133
5.089	817.581
5.09	803.949
5.091	788.332
5.092	770.865
5.093	751.713
5.094	731.072
5.095	709.162
5.096	686.215
5.097	662.476
5.098	638.19
5.099	613.597
5.1	588.929
5.101	564.398
5.102	540.198
5.103	516.496
5.104	493.433
5.105	471.123
5.106	449.65
5.107	429.072
5.108	409.422
5.109	390.711
5.11	372.932
5.111	356.064
5.112	340.078
5.113	324.941
5.114	310.62
5.115	297.085
5.116	284.318
5.117	272.314
5.118	261.08
5.119	250.643
5.12	241.049
5.121	232.362
5.122	224.667
5.123	218.066
5.124	212.678
5.125	208.635
5.126	206.081
5.127	205.167
5.128	206.047
5.129	208.875
5.13	213.796
5.131	220.944
5.132	230.438
5.133	242.373
5.134	256.816
5.135	273.801
5.136	293.324
5.137	315.341
5.138	339.758
5.139	366.436
5.14	395.183
5.141	425.76
5.142	457.874
5.143	491.188
5.144	525.319
5.145	559.847
5.146	594.321
5.147	628.266
5.148	661.196
5.149	692.619
5.15	722.053
5.151	749.035
5.152	773.133
5.153	793.956
5.154	811.168
5.155	824.489
5.156	833.712
5.157	838.699
5.158	839.393
5.159	835.813
5.16	828.056
5.161	816.294
5.162	800.766
5.163	781.776
5.164	759.677
5.165	734.869
5.166	707.783
5.167	678.871
5.168	648.596
5.169	617.42
5.17	585.793
5.171	554.146
5.172	522.881
5.173	492.365
5.174	462.928
5.175	434.856
5.176	408.389
5.177	383.727
5.178	361.024
5.179	340.396
5.18	321.923
5.181	305.652
5.182	291.604
5.183	279.779
5.184	270.159
5.185	262.715
5.186	257.413
5.187	254.213
5.188	253.075
5.189	253.963
5.19	256.842
5.191	261.684
5.192	268.46
5.193	277.147
5.194	287.719
5.195	300.148
5.196	314.403
5.197	330.44
5.198	348.206
5.199	367.631
5.2	388.629
5.201	411.093
5.202	434.893
5.203	459.88
5.204	485.881
5.205	512.704
5.206	540.139
5.207	567.964
5.208	595.945
5.209	623.847
5.21	651.437
5.211	678.493
5.212	704.807
5.213	730.199
5.214	754.518
5.215	777.651
5.216	799.528
5.217	820.126
5.218	839.473
5.219	857.646
5.22	874.773
5.221	891.029
5.222	906.631
5.223	921.832
5.224	936.912
5.225	952.166
5.226	967.897
5.227	984.4
5.228	1001.95
5.229	1020.79
5.23	1041.13
5.231	1063.1
5.232	1086.8
5.233	1112.23
5.234	1139.33
5.235	1167.96
5.236	1197.9
5.237	1228.87
5.238	1260.52
5.239	1292.42
5.24	1324.14
5.241	1355.18
5.242	1385.05
5.243	1413.24
5.244	1439.27
5.245	1462.68
5.246	1483.07
5.247	1500.08
5.248	1513.42
5.249	1522.89
5.25	1528.34
5.251	1529.72
5.252	1527.07
5.253	1520.47
5.254	1510.09
5.255	1496.18
5.256	1478.99
5.257	1458.86
5.258	1436.12
5.259	1411.14
5.26	1384.28
5.261	1355.91
5.262	1326.37
5.263	1295.99
5.264	1265.08
5.265	1233.91
5.266	1202.74
5.267	1171.77
5.268	1141.22
5.269	1111.24
5.27	1082
5.271	1053.64
5.272	1026.29
5.273	1000.08
5.274	975.146
5.275	951.624
5.276	929.656
5.277	909.394
5.278	890.998
5.279	874.634
5.28	860.472
5.281	848.682
5.282	839.433
5.283	832.879
5.284	829.161
5.285	828.399
5.286	830.679
5.287	836.057
5.288	844.545
5.289	856.111
5.29	870.672
5.291	888.095
5.292	908.192
5.293	930.722
5.294	955.394
5.295	981.87
5.296	1009.77
5.297	1038.67
5.298	1068.14
5.299	1097.7
5.3	1126.89
5.301	1155.24
5.302	1182.28
5.303	1207.59
5.304	1230.75
5.305	1251.42
5.306	1269.27
5.307	1284.06
5.308	1295.6
5.309	1303.74
5.31	1308.45
5.311	1309.7
5.312	1307.58
5.313	1302.21
5.314	1293.75
5.315	1282.44
5.316	1268.52
5.317	1252.27
5.318	1234
5.319	1214
5.32	1192.57
5.321	1170.01
5.322	1146.59
5.323	1122.57
5.324	1098.15
5.325	1073.54
5.326	1048.89
5.327	1024.34
5.328	999.971
5.329	975.87
5.33	952.084
5.331	928.651
5.332	905.597
5.333	882.94
5.334	860.705
5.335	838.918
5.336	817.619
5.337	796.859
5.338	776.709
5.339	757.256
5.34	738.605
5.341	720.877
5.342	704.209
5.343	688.747
5.344	674.646
5.345	662.06
5.346	651.143
5.347	642.037
5.348	634.874
5.349	629.764
5.35	626.798
5.351	626.038
5.352	627.519
5.353	631.245
5.354	637.19
5.355	645.295
5.356	655.475
5.357	667.618
5.358	681.586
5.359	697.222
5.36	714.355
5.361	732.799
5.362	752.362
5.363	772.848
5.364	794.06
5.365	815.807
5.366	837.9
5.367	860.159
5.368	882.416
5.369	904.507
5.37	926.28
5.371	947.594
5.372	968.312
5.373	988.306
5.374	1007.45
5.375	1025.63
5.376	1042.73
5.377	1058.64
5.378	1073.25
5.379	1086.45
5.38	1098.14
5.381	1108.23
5.382	1116.63
5.383	1123.26
5.384	1128.05
5.385	1130.95
5.386	1131.92
5.387	1130.93
5.388	1127.99
5.389	1123.12
5.39	1116.34
5.391	1107.72
5.392	1097.33
5.393	1085.26
5.394	1071.63
5.395	1056.56
5.396	1040.18
5.397	1022.64
5.398	1004.08
5.399	984.68
5.4	964.588
5.401	943.973
5.402	923.001
5.403	901.843
5.404	880.668
5.405	859.648
5.406	838.959
5.407	818.78
5.408	799.294
5.409	780.694
5.41	763.177
5.411	746.951
5.412	732.234
5.413	719.251
5.414	708.239
5.415	699.441
5.416	693.107
5.417	689.489
5.418	688.838
5.419	691.398
5.42	697.4
5.421	707.058
5.422	720.554
5.423	738.037
5.424	759.61
5.425	785.323
5.426	815.163
5.427	849.047
5.428	886.815
5.429	928.224
5.43	972.947
5.431	1020.57
5.432	1070.58
5.433	1122.41
5.434	1175.4
5.435	1228.81
5.436	1281.86
5.437	1333.76
5.438	1383.64
5.439	1430.68
5.44	1474.04
5.441	1512.93
5.442	1546.63
5.443	1574.48
5.444	1595.92
5.445	1610.5
5.446	1617.88
5.447	1617.87
5.448	1610.41
5.449	1595.57
5.45	1573.58
5.451	1544.78
5.452	1509.65
5.453	1468.77
5.454	1422.83
5.455	1372.57
5.456	1318.83
5.457	1262.46
5.458	1204.35
5.459	1145.38
5.46	1086.43
5.461	1028.33
5.462	971.863
5.463	917.759
5.464	866.673
5.465	819.178
5.466	775.761
5.467	736.822
5.468	702.668
5.469	673.518
5.47	649.506
5.471	630.681
5.472	617.015
5.473	608.409
5.474	604.701
5.475	605.67
5.476	611.045
5.477	620.512
5.478	633.72
5.479	650.289
5.48	669.815
5.481	691.876
5.482	716.036
5.483	741.855
5.484	768.888
5.485	796.693
5.486	824.833
5.487	852.882
5.488	880.431
5.489	907.084
5.49	932.473
5.491	956.251
5.492	978.103
5.493	997.744
5.494	1014.93
5.495	1029.44
5.496	1041.11
5.497	1049.81
5.498	1055.45
5.499	1057.98
5.5	1057.42
5.501	1053.78
5.502	1047.17
5.503	1037.69
5.504	1025.5
5.505	1010.77
5.506	993.737
5.507	974.618
5.508	953.671
5.509	931.164
5.51	907.374
5.511	882.581
5.512	857.07
5.513	831.12
5.514	805.007
5.515	778.997
5.516	753.348
5.517	728.305
5.518	704.104
5.519	680.968
5.52	659.109
5.521	638.728
5.522	620.016
5.523	603.154
5.524	588.312
5.525	575.652
5.526	565.325
5.527	557.469
5.528	552.211
5.529	549.661
5.53	549.908
5.531	553.023
5.532	559.047
5.533	567.995
5.534	579.847
5.535	594.544
5.536	611.991
5.537	632.048
5.538	654.532
5.539	679.216
5.54	705.83
5.541	734.06
5.542	763.559
5.543	793.941
5.544	824.794
5.545	855.687
5.546	886.172
5.547	915.798
5.548	944.117
5.549	970.696
5.55	995.121
5.551	1017.01
5.552	1036.03
5.553	1051.88
5.554	1064.32
5.555	1073.17
5.556	1078.32
5.557	1079.72
5.558	1077.38
5.559	1071.41
5.56	1061.94
5.561	1049.2
5.562	1033.45
5.563	1015.02
5.564	994.279
5.565	971.616
5.566	947.459
5.567	922.245
5.568	896.413
5.569	870.399
5.57	844.62
5.571	819.466
5.572	795.295
5.573	772.419
5.574	751.104
5.575	731.561
5.576	713.943
5.577	698.345
5.578	684.805
5.579	673.299
5.58	663.753
5.581	656.04
5.582	649.989
5.583	645.393
5.584	642.012
5.585	639.586
5.586	637.839
5.587	636.494
5.588	635.273
5.589	633.912
5.59	632.166
5.591	629.814
5.592	626.67
5.593	622.583
5.594	617.444
5.595	611.186
5.596	603.791
5.597	595.284
5.598	585.736
5.599	575.264
5.6	564.023
5.601	552.211
5.602	540.057
5.603	527.82
5.604	515.784
5.605	504.253
5.606	493.541
5.607	483.97
5.608	475.863
5.609	469.535
5.61	465.289
5.611	463.408
5.612	464.146
5.613	467.727
5.614	474.335
5.615	484.109
5.616	497.136
5.617	513.45
5.618	533.025
5.619	555.772
5.62	581.538
5.621	610.108
5.622	641.201
5.623	674.476
5.624	709.538
5.625	745.94
5.626	783.192
5.627	820.775
5.628	858.146
5.629	894.756
5.63	930.056
5.631	963.521
5.632	994.653
5.633	1023
5.634	1048.18
5.635	1069.87
5.636	1087.81
5.637	1101.88
5.638	1111.99
5.639	1118.19
5.64	1120.6
5.641	1119.45
5.642	1115.03
5.643	1107.74
5.644	1098.02
5.645	1086.37
5.646	1073.32
5.647	1059.43
5.648	1045.27
5.649	1031.4
5.65	1018.34
5.651	1006.58
5.652	996.568
5.653	988.683
5.654	983.236
5.655	980.465
5.656	980.531
5.657	983.517
5.658	989.435
5.659	998.222
5.66	1009.76
5.661	1023.85
5.662	1040.28
5.663	1058.78
5.664	1079.05
5.665	1100.76
5.666	1123.59
5.667	1147.21
5.668	1171.26
5.669	1195.44
5.67	1219.41
5.671	1242.88
5.672	1265.56
5.673	1287.17
5.674	1307.46
5.675	1326.18
5.676	1343.11
5.677	1358.05
5.678	1370.8
5.679	1381.19
5.68	1389.06
5.681	1394.29
5.682	1396.77
5.683	1396.42
5.684	1393.2
5.685	1387.11
5.686	1378.17
5.687	1366.47
5.688	1352.14
5.689	1335.35
5.69	1316.34
5.691	1295.38
5.692	1272.8
5.693	1248.96
5.694	1224.27
5.695	1199.15
5.696	1174.05
5.697	1149.43
5.698	1125.73
5.699	1103.39
5.7	1082.8
5.701	1064.33
5.702	1048.28
5.703	1034.9
5.704	1024.35
5.705	1016.72
5.706	1012.03
5.707	1010.18
5.708	1011.02
5.709	1014.3
5.71	1019.71
5.711	1026.84
5.712	1035.27
5.713	1044.5
5.714	1054.02
5.715	1063.31
5.716	1071.84
5.717	1079.11
5.718	1084.65
5.719	1088.04
5.72	1088.93
5.721	1087.03
5.722	1082.14
5.723	1074.15
5.724	1063.05
5.725	1048.92
5.726	1031.93
5.727	1012.34
5.728	990.515
5.729	966.873
5.73	941.919
5.731	916.213
5.732	890.363
5.733	865.019
5.734	840.853
5.735	818.552
5.736	798.808
5.737	782.299
5.738	769.688
5.739	761.604
5.74	758.632
5.741	761.309
5.742	770.108
5.743	785.429
5.744	807.596
5.745	836.842
5.746	873.304
5.747	917.018
5.748	967.911
5.749	1025.8
5.75	1090.39
5.751	1161.28
5.752	1237.93
5.753	1319.72
5.754	1405.93
5.755	1495.73
5.756	1588.24
5.757	1682.48
5.758	1777.46
5.759	1872.12
5.76	1965.43
5.761	2056.32
5.762	2143.8
5.763	2226.87
5.764	2304.64
5.765	2376.25
5.766	2440.99
5.767	2498.19
5.768	2547.35
5.769	2588.04
5.77	2620
5.771	2643.05
5.772	2657.15
5.773	2662.39
5.774	2658.94
5.775	2647.11
5.776	2627.27
5.777	2599.89
5.778	2565.52
5.779	2524.76
5.78	2478.25
5.781	2426.68
5.782	2370.77
5.783	2311.23
5.784	2248.79
5.785	2184.15
5.786	2118
5.787	2051
5.788	1983.78
5.789	1916.88
5.79	1850.84
5.791	1786.1
5.792	1723.06
5.793	1662.02
5.794	1603.27
5.795	1546.98
5.796	1493.3
5.797	1442.31
5.798	1394.02
5.799	1348.44
5.8	1305.51
5.801	1265.18
5.802	1227.36
5.803	1191.98
5.804	1158.95
5.805	1128.23
5.806	1099.75
5.807	1073.53
5.808	1049.56
5.809	1027.89
5.81	1008.6
5.811	991.797
5.812	977.596
5.813	966.14
5.814	957.576
5.815	952.05
5.816	949.694
5.817	950.624
5.818	954.92
5.819	962.624
5.82	973.729
5.821	988.17
5.822	1005.82
5.823	1026.5
5.824	1049.94
5.825	1075.83
5.826	1103.77
5.827	1133.32
5.828	1163.97
5.829	1195.19
5.83	1226.4
5.831	1256.97
5.832	1286.31
5.833	1313.78
5.834	1338.79
5.835	1360.75
5.836	1379.12
5.837	1393.42
5.838	1403.2
5.839	1408.12
5.84	1407.89
5.841	1402.32
5.842	1391.3
5.843	1374.83
5.844	1352.98
5.845	1325.93
5.846	1293.94
5.847	1257.35
5.848	1216.55
5.849	1172.04
5.85	1124.33
5.851	1073.98
5.852	1021.59
5.853	967.751
5.854	913.067
5.855	858.126
5.856	803.492
5.857	749.695
5.858	697.222
5.859	646.509
5.86	597.938
5.861	551.832
5.862	508.456
5.863	468.016
5.864	430.664
5.865	396.497
5.866	365.568
5.867	337.89
5.868	313.441
5.869	292.175
5.87	274.025
5.871	258.909
5.872	246.74
5.873	237.428
5.874	230.882
5.875	227.017
5.876	225.748
5.877	226.999
5.878	230.693
5.879	236.756
5.88	245.11
5.881	255.671
5.882	268.348
5.883	283.032
5.884	299.6
5.885	317.907
5.886	337.787
5.887	359.051
5.888	381.486
5.889	404.858
5.89	428.913
5.891	453.382
5.892	477.986
5.893	502.439
5.894	526.459
5.895	549.769
5.896	572.11
5.897	593.242
5.898	612.953
5.899	631.065
5.9	647.433
5.901	661.956
5.902	674.571
5.903	685.257
5.904	694.032
5.905	700.953
5.906	706.11
5.907	709.621
5.908	711.629
5.909	712.292
5.91	711.783
5.911	710.279
5.912	707.957
5.913	704.988
5.914	701.536
5.915	697.752
5.916	693.771
5.917	689.712
5.918	685.676
5.919	681.749
5.92	677.999
5.921	674.482
5.922	671.239
5.923	668.304
5.924	665.698
5.925	663.442
5.926	661.548
5.927	660.027
5.928	658.889
5.929	658.143
5.93	657.794
5.931	657.851
5.932	658.319
5.933	659.201
5.934	660.5
5.935	662.216
5.936	664.345
5.937	666.882
5.938	669.822
5.939	673.16
5.94	676.891
5.941	681.018
5.942	685.549
5.943	690.505
5.944	695.92
5.945	701.843
5.946	708.346
5.947	715.519
5.948	723.476
5.949	732.352
5.95	742.299
5.951	753.488
5.952	766.099
5.953	780.315
5.954	796.315
5.955	814.264
5.956	834.302
5.957	856.534
5.958	881.02
5.959	907.764
5.96	936.706
5.961	967.715
5.962	1000.58
5.963	1035.03
5.964	1070.69
5.965	1107.14
5.966	1143.88
5.967	1180.37
5.968	1216
5.969	1250.17
5.97	1282.25
5.971	1311.62
5.972	1337.71
5.973	1359.95
5.974	1377.88
5.975	1391.09
5.976	1399.26
5.977	1402.16
5.978	1399.68
5.979	1391.81
5.98	1378.66
5.981	1360.41
5.982	1337.37
5.983	1309.93
5.984	1278.57
5.985	1243.81
5.986	1206.27
5.987	1166.59
5.988	1125.43
5.989	1083.5
5.99	1041.51
5.991	1000.15
5.992	960.113
5.993	922.071
5.994	886.656
5.995	854.468
5.996	826.055
5.997	801.912
5.998	782.474
5.999	768.103
6	759.088
6.001	755.634
6.002	757.859
6.003	765.786
6.004	779.338
6.005	798.34
6.006	822.511
6.007	851.469
6.008	884.733
6.009	921.729
6.01	961.795
6.011	1004.2
6.012	1048.14
6.013	1092.78
6.014	1137.26
6.015	1180.71
6.016	1222.25
6.017	1261.09
6.018	1296.44
6.019	1327.64
6.02	1354.07
6.021	1375.26
6.022	1390.85
6.023	1400.6
6.024	1404.43
6.025	1402.35
6.026	1394.55
6.027	1381.29
6.028	1362.99
6.029	1340.13
6.03	1313.27
6.031	1283.04
6.032	1250.11
6.033	1215.17
6.034	1178.88
6.035	1141.92
6.036	1104.92
6.037	1068.46
6.038	1033.05
6.039	999.158
6.04	967.159
6.041	937.358
6.042	909.985
6.043	885.197
6.044	863.081
6.045	843.661
6.046	826.905
6.047	812.733
6.048	801.024
6.049	791.622
6.05	784.348
6.051	779.002
6.052	775.374
6.053	773.244
6.054	772.392
6.055	772.601
6.056	773.657
6.057	775.358
6.058	777.511
6.059	779.938
6.06	782.478
6.061	784.988
6.062	787.344
6.063	789.448
6.064	791.222
6.065	792.615
6.066	793.605
6.067	794.194
6.068	794.412
6.069	794.317
6.07	793.989
6.071	793.533
6.072	793.071
6.073	792.739
6.074	792.683
6.075	793.052
6.076	793.989
6.077	795.629
6.078	798.089
6.079	801.46
6.08	805.803
6.081	811.143
6.082	817.464
6.083	824.709
6.084	832.771
6.085	841.504
6.086	850.714
6.087	860.173
6.088	869.616
6.089	878.752
6.09	887.274
6.091	894.861
6.092	901.197
6.093	905.972
6.094	908.9
6.095	909.72
6.096	908.213
6.097	904.201
6.098	897.561
6.099	888.222
6.1	876.174
6.101	861.462
6.102	844.193
6.103	824.527
6.104	802.678
6.105	778.903
6.106	753.501
6.107	726.803
6.108	699.164
6.109	670.955
6.11	642.553
6.111	614.336
6.112	586.671
6.113	559.909
6.114	534.376
6.115	510.37
6.116	488.151
6.117	467.939
6.118	449.913
6.119	434.204
6.12	420.898
6.121	410.033
6.122	401.6
6.123	395.547
6.124	391.779
6.125	390.163
6.126	390.533
6.127	392.692
6.128	396.42
6.129	401.481
6.13	407.625
6.131	414.598
6.132	422.147
6.133	430.027
6.134	438.007
6.135	445.874
6.136	453.44
6.137	460.546
6.138	467.065
6.139	472.905
6.14	478.011
6.141	482.364
6.142	485.986
6.143	488.932
6.144	491.293
6.145	493.191
6.146	494.776
6.147	496.225
6.148	497.73
6.149	499.501
6.15	501.757
6.151	504.721
6.152	508.617
6.153	513.664
6.154	520.069
6.155	528.026
6.156	537.711
6.157	549.276
6.158	562.849
6.159	578.526
6.16	596.371
6.161	616.415
6.162	638.648
6.163	663.022
6.164	689.446
6.165	717.786
6.166	747.867
6.167	779.466
6.168	812.32
6.169	846.125
6.17	880.537
6.171	915.176
6.172	949.633
6.173	983.474
6.174	1016.25
6.175	1047.48
6.176	1076.72
6.177	1103.5
6.178	1127.38
6.179	1147.93
6.18	1164.77
6.181	1177.57
6.182	1186.02
6.183	1189.91
6.184	1189.06
6.185	1183.37
6.186	1172.83
6.187	1157.49
6.188	1137.46
6.189	1112.94
6.19	1084.19
6.191	1051.53
6.192	1015.34
6.193	976.054
6.194	934.118
6.195	890.024
6.196	844.278
6.197	797.39
6.198	749.871
6.199	702.217
6.2	654.903
6.201	608.378
6.202	563.056
6.203	519.31
6.204	477.474
6.205	437.835
6.206	400.638
6.207	366.081
6.208	334.323
6.209	305.484
6.21	279.648
6.211	256.87
6.212	237.18
6.213	220.587
6.214	207.084
6.215	196.654
6.216	189.27
6.217	184.904
6.218	183.522
6.219	185.093
6.22	189.583
6.221	196.956
6.222	207.175
6.223	220.199
6.224	235.975
6.225	254.444
6.226	275.527
6.227	299.128
6.228	325.13
6.229	353.388
6.23	383.726
6.231	415.942
6.232	449.797
6.233	485.02
6.234	521.308
6.235	558.329
6.236	595.722
6.237	633.102
6.238	670.069
6.239	706.208
6.24	741.101
6.241	774.334
6.242	805.503
6.243	834.224
6.244	860.143
6.245	882.941
6.246	902.344
6.247	918.131
6.248	930.137
6.249	938.26
6.25	942.465
6.251	942.782
6.252	939.312
6.253	932.217
6.254	921.726
6.255	908.121
6.256	891.735
6.257	872.943
6.258	852.151
6.259	829.784
6.26	806.281
6.261	782.075
6.262	757.589
6.263	733.222
6.264	709.337
6.265	686.259
6.266	664.261
6.267	643.562
6.268	624.323
6.269	606.648
6.27	590.581
6.271	576.111
6.272	563.177
6.273	551.673
6.274	541.458
6.275	532.362
6.276	524.199
6.277	516.774
6.278	509.894
6.279	503.376
6.28	497.058
6.281	490.803
6.282	484.508
6.283	478.107
6.284	471.571
6.285	464.911
6.286	458.177
6.287	451.455
6.288	444.86
6.289	438.534
6.29	432.635
6.291	427.335
6.292	422.805
6.293	419.214
6.294	416.717
6.295	415.45
6.296	415.52
6.297	417.004
6.298	419.942
6.299	424.338
6.3	430.15
6.301	437.302
6.302	445.675
6.303	455.114
6.304	465.433
6.305	476.42
6.306	487.838
6.307	499.438
6.308	510.963
6.309	522.157
6.31	532.769
6.311	542.566
6.312	551.335
6.313	558.894
6.314	565.094
6.315	569.828
6.316	573.032
6.317	574.688
6.318	574.831
6.319	573.542
6.32	570.952
6.321	567.24
6.322	562.627
6.323	557.377
6.324	551.784
6.325	546.172
6.326	540.884
6.327	536.277
6.328	532.71
6.329	530.541
6.33	530.113
6.331	531.746
6.332	535.733
6.333	542.329
6.334	551.744
6.335	564.138
6.336	579.615
6.337	598.219
6.338	619.933
6.339	644.671
6.34	672.287
6.341	702.566
6.342	735.234
6.343	769.959
6.344	806.355
6.345	843.99
6.346	882.394
6.347	921.067
6.348	959.491
6.349	997.14
6.35	1033.49
6.351	1068.04
6.352	1100.3
6.353	1129.83
6.354	1156.24
6.355	1179.21
6.356	1198.46
6.357	1213.79
6.358	1225.1
6.359	1232.35
6.36	1235.57
6.361	1234.87
6.362	1230.43
6.363	1222.5
6.364	1211.36
6.365	1197.34
6.366	1180.79
6.367	1162.08
6.368	1141.59
6.369	1119.68
6.37	1096.69
6.371	1072.93
6.372	1048.69
6.373	1024.2
6.374	999.643
6.375	975.179
6.376	950.907
6.377	926.89
6.378	903.152
6.379	879.69
6.38	856.471
6.381	833.449
6.382	810.563
6.383	787.753
6.384	764.956
6.385	742.12
6.386	719.204
6.387	696.182
6.388	673.046
6.389	649.808
6.39	626.497
6.391	603.161
6.392	579.867
6.393	556.693
6.394	533.731
6.395	511.081
6.396	488.848
6.397	467.139
6.398	446.062
6.399	425.72
6.4	406.207
6.401	387.612
6.402	370.012
6.403	353.471
6.404	338.042
6.405	323.764
6.406	310.661
6.407	298.746
6.408	288.018
6.409	278.466
6.41	270.067
6.411	262.788
6.412	256.589
6.413	251.42
6.414	247.227
6.415	243.951
6.416	241.526
6.417	239.884
6.418	238.953
6.419	238.659
6.42	238.924
6.421	239.67
6.422	240.817
6.423	242.282
6.424	243.984
6.425	245.842
6.426	247.775
6.427	249.704
6.428	251.557
6.429	253.263
6.43	254.762
6.431	255.998
6.432	256.928
6.433	257.52
6.434	257.755
6.435	257.628
6.436	257.148
6.437	256.339
6.438	255.24
6.439	253.903
6.44	252.394
6.441	250.788
6.442	249.169
6.443	247.626
6.444	246.252
6.445	245.137
6.446	244.37
6.447	244.031
6.448	244.189
6.449	244.904
6.45	246.218
6.451	248.159
6.452	250.736
6.453	253.943
6.454	257.753
6.455	262.126
6.456	267.009
6.457	272.332
6.458	278.02
6.459	283.989
6.46	290.154
6.461	296.427
6.462	302.727
6.463	308.975
6.464	315.107
6.465	321.067
6.466	326.816
6.467	332.329
6.468	337.6
6.469	342.642
6.47	347.485
6.471	352.177
6.472	356.784
6.473	361.388
6.474	366.084
6.475	370.977
6.476	376.183
6.477	381.821
6.478	388.011
6.479	394.872
6.48	402.518
6.481	411.049
6.482	420.555
6.483	431.106
6.484	442.752
6.485	455.521
6.486	469.412
6.487	484.4
6.488	500.429
6.489	517.417
6.49	535.253
6.491	553.8
6.492	572.898
6.493	592.366
6.494	612.007
6.495	631.61
6.496	650.958
6.497	669.829
6.498	688.005
6.499	705.273
6.5	721.434
6.501	736.304
6.502	749.716
6.503	761.53
6.504	771.626
6.505	779.915
6.506	786.33
6.507	790.836
6.508	793.42
6.509	794.095
6.51	792.897
6.511	789.882
6.512	785.124
6.513	778.711
6.514	770.745
6.515	761.335
6.516	750.599
6.517	738.662
6.518	725.65
6.519	711.693
6.52	696.923
6.521	681.473
6.522	665.478
6.523	649.072
6.524	632.393
6.525	615.579
6.526	598.77
6.527	582.106
6.528	565.729
6.529	549.781
6.53	534.401
6.531	519.728
6.532	505.892
6.533	493.021
6.534	481.229
6.535	470.62
6.536	461.282
6.537	453.286
6.538	446.683
6.539	441.501
6.54	437.744
6.541	435.392
6.542	434.399
6.543	434.697
6.544	436.19
6.545	438.764
6.546	442.286
6.547	446.605
6.548	451.563
6.549	456.991
6.55	462.72
6.551	468.584
6.552	474.423
6.553	480.091
6.554	485.457
6.555	490.409
6.556	494.856
6.557	498.732
6.558	501.996
6.559	504.63
6.56	506.639
6.561	508.049
6.562	508.905
6.563	509.266
6.564	509.202
6.565	508.791
6.566	508.111
6.567	507.24
6.568	506.251
6.569	505.208
6.57	504.165
6.571	503.16
6.572	502.221
6.573	501.359
6.574	500.571
6.575	499.844
6.576	499.152
6.577	498.461
6.578	497.731
6.579	496.919
6.58	495.983
6.581	494.88
6.582	493.573
6.583	492.033
6.584	490.236
6.585	488.166
6.586	485.816
6.587	483.189
6.588	480.294
6.589	477.145
6.59	473.763
6.591	470.173
6.592	466.402
6.593	462.481
6.594	458.438
6.595	454.305
6.596	450.116
6.597	445.905
6.598	441.709
6.599	437.572
6.6	433.543
6.601	429.678
6.602	426.048
6.603	422.732
6.604	419.824
6.605	417.434
6.606	415.683
6.607	414.709
6.608	414.66
6.609	415.692
6.61	417.969
6.611	421.655
6.612	426.91
6.613	433.886
6.614	442.719
6.615	453.523
6.616	466.387
6.617	481.369
6.618	498.488
6.619	517.726
6.62	539.02
6.621	562.266
6.622	587.314
6.623	613.972
6.624	642.008
6.625	671.155
6.626	701.113
6.627	731.556
6.628	762.14
6.629	792.508
6.63	822.296
6.631	851.146
6.632	878.706
6.633	904.644
6.634	928.646
6.635	950.432
6.636	969.752
6.637	986.396
6.638	1000.19
6.639	1011.01
6.64	1018.78
6.641	1023.44
6.642	1025.02
6.643	1023.54
6.644	1019.1
6.645	1011.81
6.646	1001.83
6.647	989.318
6.648	974.481
6.649	957.528
6.65	938.684
6.651	918.177
6.652	896.241
6.653	873.103
6.654	848.988
6.655	824.113
6.656	798.681
6.657	772.889
6.658	746.92
6.659	720.945
6.66	695.126
6.661	669.618
6.662	644.565
6.663	620.109
6.664	596.385
6.665	573.527
6.666	551.665
6.667	530.93
6.668	511.449
6.669	493.343
6.67	476.73
6.671	461.719
6.672	448.406
6.673	436.875
6.674	427.187
6.675	419.384
6.676	413.481
6.677	409.466
6.678	407.297
6.679	406.898
6.68	408.168
6.681	410.971
6.682	415.15
6.683	420.521
6.684	426.886
6.685	434.033
6.686	441.747
6.687	449.813
6.688	458.027
6.689	466.201
6.69	474.168
6.691	481.792
6.692	488.968
6.693	495.626
6.694	501.734
6.695	507.298
6.696	512.361
6.697	516.996
6.698	521.307
6.699	525.418
6.7	529.473
6.701	533.619
6.702	538.01
6.703	542.787
6.704	548.083
6.705	554.005
6.706	560.639
6.707	568.038
6.708	576.222
6.709	585.179
6.71	594.862
6.711	605.196
6.712	616.074
6.713	627.37
6.714	638.94
6.715	650.634
6.716	662.294
6.717	673.773
6.718	684.933
6.719	695.654
6.72	705.842
6.721	715.429
6.722	724.379
6.723	732.688
6.724	740.382
6.725	747.518
6.726	754.179
6.727	760.469
6.728	766.506
6.729	772.42
6.73	778.342
6.731	784.399
6.732	790.706
6.733	797.362
6.734	804.443
6.735	811.999
6.736	820.05
6.737	828.585
6.738	837.563
6.739	846.911
6.74	856.527
6.741	866.284
6.742	876.034
6.743	885.607
6.744	894.826
6.745	903.499
6.746	911.434
6.747	918.439
6.748	924.326
6.749	928.915
6.75	932.037
6.751	933.54
6.752	933.286
6.753	931.157
6.754	927.056
6.755	920.906
6.756	912.655
6.757	902.272
6.758	889.752
6.759	875.112
6.76	858.395
6.761	839.666
6.762	819.016
6.763	796.554
6.764	772.414
6.765	746.746
6.766	719.718
6.767	691.513
6.768	662.324
6.769	632.354
6.77	601.811
6.771	570.904
6.772	539.841
6.773	508.827
6.774	478.056
6.775	447.716
6.776	417.979
6.777	389.004
6.778	360.935
6.779	333.897
6.78	308
6.781	283.335
6.782	259.978
6.783	237.987
6.784	217.406
6.785	198.266
6.786	180.585
6.787	164.371
6.788	149.625
6.789	136.338
6.79	124.499
6.791	114.093
6.792	105.103
6.793	97.5124
6.794	91.305
6.795	86.4681
6.796	82.9919
6.797	80.8711
6.798	80.105
6.799	80.6982
6.8	82.6602
6.801	86.0057
6.802	90.7534
6.803	96.9255
6.804	104.547
6.805	113.642
6.806	124.236
6.807	136.349
6.808	149.997
6.809	165.189
6.81	181.922
6.811	200.18
6.812	219.935
6.813	241.14
6.814	263.727
6.815	287.611
6.816	312.685
6.817	338.817
6.818	365.858
6.819	393.634
6.82	421.954
6.821	450.611
6.822	479.382
6.823	508.032
6.824	536.322
6.825	564.008
6.826	590.848
6.827	616.607
6.828	641.062
6.829	664.004
6.83	685.245
6.831	704.622
6.832	721.999
6.833	737.273
6.834	750.371
6.835	761.258
6.836	769.932
6.837	776.428
6.838	780.815
6.839	783.191
6.84	783.687
6.841	782.455
6.842	779.67
6.843	775.52
6.844	770.203
6.845	763.92
6.846	756.869
6.847	749.236
6.848	741.196
6.849	732.903
6.85	724.484
6.851	716.043
6.852	707.65
6.853	699.346
6.854	691.143
6.855	683.022
6.856	674.938
6.857	666.825
6.858	658.599
6.859	650.162
6.86	641.41
6.861	632.239
6.862	622.549
6.863	612.251
6.864	601.272
6.865	589.558
6.866	577.079
6.867	563.83
6.868	549.836
6.869	535.145
6.87	519.835
6.871	504.008
6.872	487.79
6.873	471.326
6.874	454.775
6.875	438.31
6.876	422.109
6.877	406.353
6.878	391.219
6.879	376.879
6.88	363.491
6.881	351.198
6.882	340.124
6.883	330.368
6.884	322.007
6.885	315.088
6.886	309.63
6.887	305.623
6.888	303.027
6.889	301.773
6.89	301.767
6.891	302.887
6.892	304.992
6.893	307.919
6.894	311.493
6.895	315.526
6.896	319.827
6.897	324.2
6.898	328.456
6.899	332.412
6.9	335.9
6.901	338.766
6.902	340.881
6.903	342.135
6.904	342.446
6.905	341.76
6.906	340.049
6.907	337.315
6.908	333.586
6.909	328.917
6.91	323.384
6.911	317.087
6.912	310.139
6.913	302.672
6.914	294.824
6.915	286.744
6.916	278.579
6.917	270.481
6.918	262.595
6.919	255.062
6.92	248.015
6.921	241.576
6.922	235.856
6.923	230.953
6.924	226.952
6.925	223.925
6.926	221.93
6.927	221.012
6.928	221.202
6.929	222.519
6.93	224.97
6.931	228.548
6.932	233.237
6.933	239.008
6.934	245.822
6.935	253.631
6.936	262.376
6.937	271.989
6.938	282.396
6.939	293.513
6.94	305.252
6.941	317.521
6.942	330.223
6.943	343.26
6.944	356.537
6.945	369.957
6.946	383.432
6.947	396.878
6.948	410.22
6.949	423.394
6.95	436.348
6.951	449.041
6.952	461.449
6.953	473.562
6.954	485.384
6.955	496.935
6.956	508.248
6.957	519.37
6.958	530.358
6.959	541.277
6.96	552.201
6.961	563.206
6.962	574.37
6.963	585.768
6.964	597.467
6.965	609.529
6.966	621.999
6.967	634.909
6.968	648.268
6.969	662.067
6.97	676.271
6.971	690.819
6.972	705.623
6.973	720.568
6.974	735.513
6.975	750.292
6.976	764.716
6.977	778.579
6.978	791.661
6.979	803.733
6.98	814.565
6.981	823.93
6.982	831.615
6.983	837.425
6.984	841.192
6.985	842.782
6.986	842.098
6.987	839.089
6.988	833.749
6.989	826.123
6.99	816.306
6.991	804.441
6.992	790.717
6.993	775.363
6.994	758.646
6.995	740.858
6.996	722.31
6.997	703.328
6.998	684.235
6.999	665.349
7	646.971
7.001	629.379
7.002	612.82
7.003	597.504
7.004	583.602
7.005	571.241
7.006	560.504
7.007	551.433
7.008	544.028
7.009	538.251
7.01	534.032
7.011	531.271
7.012	529.849
7.013	529.629
7.014	530.466
7.015	532.209
7.016	534.711
7.017	537.829
7.018	541.434
7.019	545.408
7.02	549.649
7.021	554.073
7.022	558.612
7.023	563.215
7.024	567.845
7.025	572.48
7.026	577.106
7.027	581.717
7.028	586.311
7.029	590.887
7.03	595.442
7.031	599.968
7.032	604.451
7.033	608.868
7.034	613.186
7.035	617.362
7.036	621.343
7.037	625.069
7.038	628.469
7.039	631.467
7.04	633.985
7.041	635.942
7.042	637.258
7.043	637.857
7.044	637.67
7.045	636.633
7.046	634.696
7.047	631.817
7.048	627.97
7.049	623.139
7.05	617.323
7.051	610.535
7.052	602.801
7.053	594.16
7.054	584.66
7.055	574.364
7.056	563.343
7.057	551.676
7.058	539.45
7.059	526.761
7.06	513.708
7.061	500.396
7.062	486.933
7.063	473.428
7.064	459.995
7.065	446.743
7.066	433.784
7.067	421.224
7.068	409.166
7.069	397.707
7.07	386.935
7.071	376.933
7.072	367.77
7.073	359.506
7.074	352.19
7.075	345.858
7.076	340.532
7.077	336.222
7.078	332.926
7.079	330.631
7.08	329.31
7.081	328.929
7.082	329.442
7.083	330.796
7.084	332.931
7.085	335.78
7.086	339.272
7.087	343.333
7.088	347.885
7.089	352.848
7.09	358.144
7.091	363.694
7.092	369.422
7.093	375.254
7.094	381.123
7.095	386.97
7.096	392.743
7.097	398.4
7.098	403.915
7.099	409.271
7.1	414.472
7.101	419.535
7.102	424.495
7.103	429.404
7.104	434.33
7.105	439.357
7.106	444.577
7.107	450.094
7.108	456.015
7.109	462.446
7.11	469.487
7.111	477.228
7.112	485.74
7.113	495.073
7.114	505.247
7.115	516.251
7.116	528.041
7.117	540.531
7.118	553.6
7.119	567.088
7.12	580.802
7.121	594.516
7.122	607.982
7.123	620.929
7.124	633.079
7.125	644.15
7.126	653.871
7.127	661.982
7.128	668.252
7.129	672.484
7.13	674.519
7.131	674.248
7.132	671.611
7.133	666.603
7.134	659.271
7.135	649.718
7.136	638.095
7.137	624.599
7.138	609.467
7.139	592.968
7.14	575.395
7.141	557.057
7.142	538.268
7.143	519.34
7.144	500.576
7.145	482.259
7.146	464.649
7.147	447.973
7.148	432.427
7.149	418.164
7.15	405.303
7.151	393.919
7.152	384.049
7.153	375.693
7.154	368.813
7.155	363.343
7.156	359.186
7.157	356.221
7.158	354.311
7.159	353.302
7.16	353.03
7.161	353.327
7.162	354.023
7.163	354.949
7.164	355.946
7.165	356.862
7.166	357.558
7.167	357.91
7.168	357.808
7.169	357.164
7.17	355.906
7.171	353.983
7.172	351.362
7.173	348.032
7.174	344.001
7.175	339.295
7.176	333.96
7.177	328.056
7.178	321.662
7.179	314.869
7.18	307.781
7.181	300.513
7.182	293.188
7.183	285.936
7.184	278.89
7.185	272.186
7.186	265.957
7.187	260.333
7.188	255.437
7.189	251.383
7.19	248.272
7.191	246.191
7.192	245.208
7.193	245.374
7.194	246.717
7.195	249.245
7.196	252.941
7.197	257.768
7.198	263.665
7.199	270.55
7.2	278.323
7.201	286.87
7.202	296.061
7.203	305.758
7.204	315.82
7.205	326.104
7.206	336.47
7.207	346.789
7.208	356.941
7.209	366.826
7.21	376.358
7.211	385.476
7.212	394.138
7.213	402.327
7.214	410.046
7.215	417.318
7.216	424.185
7.217	430.7
7.218	436.927
7.219	442.937
7.22	448.799
7.221	454.577
7.222	460.327
7.223	466.09
7.224	471.889
7.225	477.728
7.226	483.587
7.227	489.424
7.228	495.172
7.229	500.746
7.23	506.039
7.231	510.931
7.232	515.29
7.233	518.978
7.234	521.859
7.235	523.802
7.236	524.685
7.237	524.406
7.238	522.882
7.239	520.059
7.24	515.91
7.241	510.437
7.242	503.679
7.243	495.702
7.244	486.605
7.245	476.515
7.246	465.583
7.247	453.98
7.248	441.893
7.249	429.519
7.25	417.059
7.251	404.713
7.252	392.674
7.253	381.124
7.254	370.227
7.255	360.131
7.256	350.957
7.257	342.802
7.258	335.739
7.259	329.81
7.26	325.035
7.261	321.406
7.262	318.891
7.263	317.44
7.264	316.981
7.265	317.429
7.266	318.687
7.267	320.647
7.268	323.196
7.269	326.22
7.27	329.603
7.271	333.232
7.272	337
7.273	340.806
7.274	344.559
7.275	348.178
7.276	351.591
7.277	354.743
7.278	357.588
7.279	360.095
7.28	362.248
7.281	364.043
7.282	365.49
7.283	366.611
7.284	367.44
7.285	368.022
7.286	368.411
7.287	368.668
7.288	368.857
7.289	369.046
7.29	369.305
7.291	369.696
7.292	370.28
7.293	371.107
7.294	372.217
7.295	373.637
7.296	375.379
7.297	377.44
7.298	379.797
7.299	382.414
7.3	385.237
7.301	388.197
7.302	391.215
7.303	394.2
7.304	397.056
7.305	399.682
7.306	401.981
7.307	403.86
7.308	405.236
7.309	406.036
7.31	406.205
7.311	405.708
7.312	404.528
7.313	402.67
7.314	400.164
7.315	397.057
7.316	393.419
7.317	389.337
7.318	384.913
7.319	380.259
7.32	375.495
7.321	370.746
7.322	366.132
7.323	361.77
7.324	357.767
7.325	354.216
7.326	351.193
7.327	348.758
7.328	346.948
7.329	345.779
7.33	345.247
7.331	345.325
7.332	345.969
7.333	347.117
7.334	348.692
7.335	350.606
7.336	352.762
7.337	355.06
7.338	357.397
7.339	359.674
7.34	361.795
7.341	363.674
7.342	365.234
7.343	366.411
7.344	367.153
7.345	367.423
7.346	367.196
7.347	366.463
7.348	365.225
7.349	363.498
7.35	361.306
7.351	358.681
7.352	355.665
7.353	352.303
7.354	348.644
7.355	344.74
7.356	340.644
7.357	336.408
7.358	332.083
7.359	327.719
7.36	323.363
7.361	319.058
7.362	314.846
7.363	310.763
7.364	306.844
7.365	303.12
7.366	299.618
7.367	296.361
7.368	293.37
7.369	290.662
7.37	288.252
7.371	286.151
7.372	284.365
7.373	282.899
7.374	281.756
7.375	280.933
7.376	280.427
7.377	280.229
7.378	280.331
7.379	280.719
7.38	281.378
7.381	282.29
7.382	283.434
7.383	284.786
7.384	286.318
7.385	288.001
7.386	289.802
7.387	291.684
7.388	293.607
7.389	295.529
7.39	297.403
7.391	299.183
7.392	300.818
7.393	302.257
7.394	303.452
7.395	304.352
7.396	304.913
7.397	305.093
7.398	304.856
7.399	304.177
7.4	303.038
7.401	301.432
7.402	299.365
7.403	296.857
7.404	293.942
7.405	290.668
7.406	287.097
7.407	283.304
7.408	279.378
7.409	275.417
7.41	271.527
7.411	267.822
7.412	264.417
7.413	261.427
7.414	258.963
7.415	257.132
7.416	256.03
7.417	255.739
7.418	256.327
7.419	257.848
7.42	260.332
7.421	263.795
7.422	268.231
7.423	273.613
7.424	279.9
7.425	287.03
7.426	294.929
7.427	303.511
7.428	312.678
7.429	322.329
7.43	332.358
7.431	342.659
7.432	353.128
7.433	363.668
7.434	374.187
7.435	384.604
7.436	394.849
7.437	404.861
7.438	414.591
7.439	424.002
7.44	433.066
7.441	441.764
7.442	450.083
7.443	458.019
7.444	465.567
7.445	472.727
7.446	479.497
7.447	485.876
7.448	491.857
7.449	497.433
7.45	502.589
7.451	507.31
7.452	511.575
7.453	515.362
7.454	518.646
7.455	521.404
7.456	523.612
7.457	525.251
7.458	526.306
7.459	526.769
7.46	526.638
7.461	525.92
7.462	524.629
7.463	522.789
7.464	520.434
7.465	517.603
7.466	514.342
7.467	510.703
7.468	506.743
7.469	502.52
7.47	498.092
7.471	493.517
7.472	488.851
7.473	484.147
7.474	479.454
7.475	474.816
7.476	470.273
7.477	465.861
7.478	461.612
7.479	457.556
7.48	453.723
7.481	450.141
7.482	446.84
7.483	443.853
7.484	441.218
7.485	438.977
7.486	437.178
7.487	435.875
7.488	435.13
7.489	435.011
7.49	435.591
7.491	436.948
7.492	439.164
7.493	442.321
7.494	446.502
7.495	451.786
7.496	458.248
7.497	465.954
7.498	474.962
7.499	485.314
