0.5	0
0.501	0
0.502	0
0.503	0
0.504	0
0.505	0
0.506	0
0.507	0
0.508	0
0.509	0
0.51	0
0.511	0
0.512	0
0.513	0
0.514	0
0.515	0
0.516	0
0.517	0
0.518	0
0.519	0
0.52	0
0.521	0
0.522	0
0.523	0
0.524	0
0.525	0
0.526	0
0.527	0
0.528	0
0.529	0
0.53	0
0.531	0
0.532	0
0.533	0
0.534	0
0.535	0
0.536	0
0.537	0
0.538	0
0.539	0
0.54	0
0.541	0
0.542	0
0.543	0
0.544	0
0.545	0
0.546	7.4599e-319
0.547	1.27761e-315
0.548	2.11884e-312
0.549	3.384e-309
0.55	5.20468e-306
0.551	7.70889e-303
0.552	1.09957e-299
0.553	1.51038e-296
0.554	1.99794e-293
0.555	2.54514e-290
0.556	3.12231e-287
0.557	3.68868e-284
0.558	4.19663e-281
0.559	4.59794e-278
0.56	4.8513e-275
0.561	4.92932e-272
0.562	4.82335e-269
0.563	4.5451e-266
0.564	4.1245e-263
0.565	3.60439e-260
0.566	3.03338e-257
0.567	2.4584e-254
0.568	1.91873e-251
0.569	1.44214e-248
0.57	1.04384e-245
0.571	7.27601e-243
0.572	4.88411e-240
0.573	3.15727e-237
0.574	1.96549e-234
0.575	1.17832e-231
0.576	6.8028e-229
0.577	3.78221e-226
0.578	2.02506e-223
0.579	1.04415e-220
0.58	5.18465e-218
0.581	2.47919e-215
0.582	1.14165e-212
0.583	5.0628e-210
0.584	2.16212e-207
0.585	8.89208e-205
0.586	3.52176e-202
0.587	1.34323e-199
0.588	4.93369e-197
0.589	1.74513e-194
0.59	5.9445e-192
0.591	1.95001e-189
0.592	6.16016e-187
0.593	1.87405e-184
0.594	5.49037e-182
0.595	1.54901e-179
0.596	4.20865e-177
0.597	1.10119e-174
0.598	2.7747e-172
0.599	6.73291e-170
0.6	1.57334e-167
0.601	3.54059e-165
0.602	7.67294e-163
0.603	1.60133e-160
0.604	3.21835e-158
0.605	6.22899e-156
0.606	1.16101e-153
0.607	2.08395e-151
0.608	3.60224e-149
0.609	5.99639e-147
0.61	9.6126e-145
0.611	1.48397e-142
0.612	2.20618e-140
0.613	3.15858e-138
0.614	4.35487e-136
0.615	5.78217e-134
0.616	7.39334e-132
0.617	9.10381e-130
0.618	1.07954e-127
0.619	1.23279e-125
0.62	1.35572e-123
0.621	1.43577e-121
0.622	1.46431e-119
0.623	1.43818e-117
0.624	1.36028e-115
0.625	1.23901e-113
0.626	1.08682e-111
0.627	9.18056e-110
0.628	7.4682e-108
0.629	5.85054e-106
0.63	4.41376e-104
0.631	3.20667e-102
0.632	2.24354e-100
0.633	1.51163e-98
0.634	9.80825e-97
0.635	6.12872e-95
0.636	3.68792e-93
0.637	2.13711e-91
0.638	1.19262e-89
0.639	6.40936e-88
0.64	3.3171e-86
0.641	1.65324e-84
0.642	7.93498e-83
0.643	3.66766e-81
0.644	1.63255e-79
0.645	6.99802e-78
0.646	2.8888e-76
0.647	1.1484e-74
0.648	4.39645e-73
0.649	1.62086e-71
0.65	5.75466e-70
0.651	1.96756e-68
0.652	6.47842e-67
0.653	2.0542e-65
0.654	6.27265e-64
0.655	1.84455e-62
0.656	5.22354e-61
0.657	1.42453e-59
0.658	3.74121e-58
0.659	9.46204e-57
0.66	2.30458e-55
0.661	5.40543e-54
0.662	1.22096e-52
0.663	2.65588e-51
0.664	5.56348e-50
0.665	1.12232e-48
0.666	2.18033e-47
0.667	4.07907e-46
0.668	7.34906e-45
0.669	1.27508e-43
0.67	2.13046e-42
0.671	3.42802e-41
0.672	5.31186e-40
0.673	7.92654e-39
0.674	1.13908e-37
0.675	1.57636e-36
0.676	2.10083e-35
0.677	2.69625e-34
0.678	3.33244e-33
0.679	3.96641e-32
0.68	4.54638e-31
0.681	5.01843e-30
0.682	5.3346e-29
0.683	5.46097e-28
0.684	5.38357e-27
0.685	5.11098e-26
0.686	4.67273e-25
0.687	4.11406e-24
0.688	3.48822e-23
0.689	2.8482e-22
0.69	2.2396e-21
0.691	1.69591e-20
0.692	1.23671e-19
0.693	8.68493e-19
0.694	5.87352e-18
0.695	3.82528e-17
0.696	2.39917e-16
0.697	1.44908e-15
0.698	8.42862e-15
0.699	4.72121e-14
0.7	2.54674e-13
0.701	1.32296e-12
0.702	6.61827e-12
0.703	3.18841e-11
0.704	1.47923e-10
0.705	6.60896e-10
0.706	2.84356e-09
0.707	1.17821e-08
0.708	4.70131e-08
0.709	1.80654e-07
0.71	6.68512e-07
0.711	2.38234e-06
0.712	8.17582e-06
0.713	2.70204e-05
0.714	8.59976e-05
0.715	0.00026358
0.716	0.000777989
0.717	0.0022114
0.718	0.00605331
0.719	0.015957
0.72	0.0405084
0.721	0.0990309
0.722	0.233147
0.723	0.528593
0.724	1.15411
0.725	2.42663
0.726	4.91355
0.727	9.5812
0.728	17.9919
0.729	32.5363
0.73	56.662
0.731	95.0273
0.732	153.475
0.733	238.705
0.734	357.534
0.735	515.711
0.736	716.355
0.737	958.261
0.738	1234.45
0.739	1531.42
0.74	1829.57
0.741	2104.92
0.742	2332.16
0.743	2488.35
0.744	2556.81
0.745	2529.99
0.746	2410.86
0.747	2212.37
0.748	1955.14
0.749	1663.91
0.75	1363.69
0.751	1076.31
0.752	818.065
0.753	598.788
0.754	422.076
0.755	286.512
0.756	187.295
0.757	117.908
0.758	71.4817
0.759	41.7329
0.76	23.4636
0.761	12.7041
0.762	6.62412
0.763	3.32617
0.764	1.6084
0.765	0.74899
0.766	0.335886
0.767	0.145058
0.768	0.0603284
0.769	0.0241622
0.77	0.00931933
0.771	0.00346151
0.772	0.00123817
0.773	0.000426508
0.774	0.000141484
0.775	4.51982e-05
0.776	1.39049e-05
0.777	4.11953e-06
0.778	1.17533e-06
0.779	3.22928e-07
0.78	8.54447e-08
0.781	2.17719e-08
0.782	5.34247e-09
0.783	1.26247e-09
0.784	2.87298e-10
0.785	6.29617e-11
0.786	1.32878e-11
0.787	2.70063e-12
0.788	5.28578e-13
0.789	9.9629e-14
0.79	1.80841e-14
0.791	3.16111e-15
0.792	5.32127e-16
0.793	8.6263e-17
0.794	1.34669e-17
0.795	2.02462e-18
0.796	2.93124e-19
0.797	4.08689e-20
0.798	5.48742e-21
0.799	7.09539e-22
0.8	8.83522e-23
0.801	1.05948e-23
0.802	1.22349e-24
0.803	1.36063e-25
0.804	1.45718e-26
0.805	1.50286e-27
0.806	1.49266e-28
0.807	1.42768e-29
0.808	1.31504e-30
0.809	1.16648e-31
0.81	9.96437e-33
0.811	8.197e-34
0.812	6.49372e-35
0.813	4.9541e-36
0.814	3.63973e-37
0.815	2.57518e-38
0.816	1.7546e-39
0.817	1.15128e-40
0.818	7.27477e-42
0.819	4.4268e-43
0.82	2.59414e-44
0.821	1.46396e-45
0.822	7.95607e-47
0.823	4.16391e-48
0.824	2.09863e-49
0.825	1.0186e-50
0.826	4.7611e-52
0.827	2.1431e-53
0.828	9.2899e-55
0.829	3.87804e-56
0.83	1.559e-57
0.831	6.03551e-59
0.832	2.25017e-60
0.833	8.07882e-62
0.834	2.79328e-63
0.835	9.30068e-65
0.836	2.98228e-66
0.837	9.20903e-68
0.838	2.7385e-69
0.839	7.84234e-71
0.84	2.16277e-72
0.841	5.74393e-74
0.842	1.46907e-75
0.843	3.61831e-77
0.844	8.5823e-79
0.845	1.96035e-80
0.846	4.3122e-82
0.847	9.13473e-84
0.848	1.86349e-85
0.849	3.66091e-87
0.85	6.92606e-89
0.851	1.26187e-90
0.852	2.214e-92
0.853	3.74088e-94
0.854	6.08707e-96
0.855	9.69446e-98
0.856	3.48311e-98
0.857	6.99281e-97
0.858	1.43522e-95
0.859	2.88719e-94
0.86	5.69261e-93
0.861	1.10009e-91
0.862	2.08364e-90
0.863	3.86809e-89
0.864	7.038e-88
0.865	1.25511e-86
0.866	2.19378e-85
0.867	3.75823e-84
0.868	6.31034e-83
0.869	1.03849e-81
0.87	1.67505e-80
0.871	2.64811e-79
0.872	4.10319e-78
0.873	6.23141e-77
0.874	9.27535e-76
0.875	1.35317e-74
0.876	1.93489e-73
0.877	2.71167e-72
0.878	3.72475e-71
0.879	5.01461e-70
0.88	6.61692e-69
0.881	8.55763e-68
0.882	1.08475e-66
0.883	1.34768e-65
0.884	1.64105e-64
0.885	1.95855e-63
0.886	2.29102e-62
0.887	2.62664e-61
0.888	2.95156e-60
0.889	3.25074e-59
0.89	3.50907e-58
0.891	3.71262e-57
0.892	3.84989e-56
0.893	3.91287e-55
0.894	3.89782e-54
0.895	3.80563e-53
0.896	3.64176e-52
0.897	3.41566e-51
0.898	3.1399e-50
0.899	2.82903e-49
0.9	2.49826e-48
0.901	2.16231e-47
0.902	1.83433e-46
0.903	1.52516e-45
0.904	1.24289e-44
0.905	9.92722e-44
0.906	7.77146e-43
0.907	5.96289e-42
0.908	4.48425e-41
0.909	3.30524e-40
0.91	2.38778e-39
0.911	1.69069e-38
0.912	1.17331e-37
0.913	7.98074e-37
0.914	5.32048e-36
0.915	3.47647e-35
0.916	2.22641e-34
0.917	1.39749e-33
0.918	8.59753e-33
0.919	5.18414e-32
0.92	3.06379e-31
0.921	1.77468e-30
0.922	1.00754e-29
0.923	5.60637e-29
0.924	3.0576e-28
0.925	1.6344e-27
0.926	8.56279e-27
0.927	4.39695e-26
0.928	2.21293e-25
0.929	1.09159e-24
0.93	5.27758e-24
0.931	2.50085e-23
0.932	1.1615e-22
0.933	5.28724e-22
0.934	2.35895e-21
0.935	1.03154e-20
0.936	4.42116e-20
0.937	1.85722e-19
0.938	7.64662e-19
0.939	3.08571e-18
0.94	1.22045e-17
0.941	4.73111e-17
0.942	1.79757e-16
0.943	6.69402e-16
0.944	2.44325e-15
0.945	8.74032e-15
0.946	3.06455e-14
0.947	1.05314e-13
0.948	3.54717e-13
0.949	1.171e-12
0.95	3.7889e-12
0.951	1.20157e-11
0.952	3.73475e-11
0.953	1.13777e-10
0.954	3.39724e-10
0.955	9.94206e-10
0.956	2.85172e-09
0.957	8.01707e-09
0.958	2.20904e-08
0.959	5.96583e-08
0.96	1.57913e-07
0.961	4.09678e-07
0.962	1.04171e-06
0.963	2.59616e-06
0.964	6.34152e-06
0.965	1.51822e-05
0.966	3.56251e-05
0.967	8.19325e-05
0.968	0.000184687
0.969	0.000408031
0.97	0.000883549
0.971	0.0018752
0.972	0.0039007
0.973	0.00795275
0.974	0.0158917
0.975	0.0311246
0.976	0.0597469
0.977	0.11241
0.978	0.207289
0.979	0.37465
0.98	0.663672
0.981	1.15229
0.982	1.96086
0.983	3.27049
0.984	5.34635
0.985	8.56607
0.986	13.4519
0.987	20.7046
0.988	31.234
0.989	46.1814
0.99	66.9247
0.991	95.0571
0.992	132.331
0.993	180.559
0.994	241.465
0.995	316.497
0.996	406.596
0.997	511.96
0.998	631.813
0.999	764.223
1	906.006
1.001	1052.74
1.002	1198.92
1.003	1338.27
1.004	1464.11
1.005	1569.95
1.006	1650
1.007	1699.67
1.008	1716.08
1.009	1698.26
1.01	1647.3
1.011	1566.25
1.012	1459.79
1.013	1333.81
1.014	1194.88
1.015	1049.72
1.016	904.628
1.017	765.114
1.018	635.58
1.019	519.172
1.02	417.762
1.021	332.049
1.022	261.737
1.023	205.758
1.024	162.522
1.025	130.138
1.026	106.614
1.027	90.0141
1.028	78.5684
1.029	70.7418
1.03	65.2686
1.031	61.1584
1.032	57.6819
1.033	54.3433
1.034	50.8448
1.035	47.0475
1.036	42.9328
1.037	38.5648
1.038	34.0578
1.039	29.548
1.04	25.1716
1.041	21.0489
1.042	17.2742
1.043	13.9113
1.044	10.9926
1.045	8.52285
1.046	6.48359
1.047	4.83967
1.048	3.54538
1.049	2.55026
1.05	1.80395
1.051	1.25994
1.052	0.878519
1.053	0.628993
1.054	0.491799
1.055	0.461043
1.056	0.548209
1.057	0.7879
1.058	1.2466
1.059	2.03557
1.06	3.32919
1.061	5.38978
1.062	8.60014
1.063	13.5042
1.064	20.8556
1.065	31.6725
1.066	47.2953
1.067	69.4416
1.068	100.25
1.069	142.301
1.07	198.607
1.071	272.548
1.072	367.747
1.073	487.885
1.074	636.423
1.075	816.272
1.076	1029.4
1.077	1276.42
1.078	1556.2
1.079	1865.5
1.08	2198.8
1.081	2548.23
1.082	2903.69
1.083	3253.3
1.084	3583.91
1.085	3881.96
1.086	4134.33
1.087	4329.33
1.088	4457.54
1.089	4512.65
1.09	4491.88
1.091	4396.27
1.092	4230.6
1.093	4002.95
1.094	3724.08
1.095	3406.57
1.096	3063.92
1.097	2709.55
1.098	2356.01
1.099	2014.27
1.1	1693.24
1.101	1399.53
1.102	1137.37
1.103	908.838
1.104	714.052
1.105	551.612
1.106	418.985
1.107	312.913
1.108	229.778
1.109	165.903
1.11	117.777
1.111	82.2106
1.112	56.4229
1.113	38.0753
1.114	25.2634
1.115	16.4816
1.116	10.5723
1.117	6.66806
1.118	4.13514
1.119	2.5214
1.12	1.51165
1.121	0.891096
1.122	0.516484
1.123	0.29434
1.124	0.164931
1.125	0.0908693
1.126	0.0492257
1.127	0.0262196
1.128	0.0137316
1.129	0.00707095
1.13	0.00358009
1.131	0.00178226
1.132	0.000872386
1.133	0.000419863
1.134	0.000198686
1.135	9.24478e-05
1.136	4.22987e-05
1.137	1.90382e-05
1.138	8.44556e-06
1.139	3.72856e-06
1.14	1.71576e-06
1.141	9.82062e-07
1.142	9.57773e-07
1.143	1.54103e-06
1.144	2.98656e-06
1.145	5.98585e-06
1.146	1.19461e-05
1.147	2.35563e-05
1.148	4.58247e-05
1.149	8.79185e-05
1.15	0.00016635
1.151	0.0003104
1.152	0.000571186
1.153	0.00103655
1.154	0.00185506
1.155	0.00327402
1.156	0.00569851
1.157	0.00978133
1.158	0.0165573
1.159	0.02764
1.16	0.0455033
1.161	0.073876
1.162	0.118282
1.163	0.186764
1.164	0.290818
1.165	0.446587
1.166	0.676312
1.167	1.01005
1.168	1.48764
1.169	2.16076
1.17	3.09508
1.171	4.37212
1.172	6.09074
1.173	8.36765
1.174	11.3369
1.175	15.1474
1.176	19.9591
1.177	25.9357
1.178	33.2362
1.179	42.0031
1.18	52.3489
1.181	64.3412
1.182	77.9879
1.183	93.2227
1.184	109.893
1.185	127.755
1.186	146.467
1.187	165.6
1.188	184.643
1.189	203.032
1.19	220.166
1.191	235.447
1.192	248.309
1.193	258.254
1.194	264.886
1.195	267.933
1.196	267.269
1.197	262.923
1.198	255.072
1.199	244.037
1.2	230.251
1.201	214.243
1.202	196.592
1.203	177.902
1.204	158.764
1.205	139.727
1.206	121.273
1.207	103.802
1.208	87.6195
1.209	72.9379
1.21	59.8772
1.211	48.4759
1.212	38.7031
1.213	30.4735
1.214	23.6622
1.215	18.1194
1.216	13.6832
1.217	10.1904
1.218	7.48421
1.219	5.42074
1.22	3.87193
1.221	2.72743
1.222	1.89467
1.223	1.29799
1.224	0.87693
1.225	0.584271
1.226	0.383901
1.227	0.24876
1.228	0.158964
1.229	0.100178
1.23	0.062259
1.231	0.0381582
1.232	0.0230638
1.233	0.0137476
1.234	0.00808131
1.235	0.00468481
1.236	0.00267829
1.237	0.00151001
1.238	0.000839574
1.239	0.000460356
1.24	0.000248934
1.241	0.000132749
1.242	6.98125e-05
1.243	3.6207e-05
1.244	1.85186e-05
1.245	9.34069e-06
1.246	4.64632e-06
1.247	2.27935e-06
1.248	1.1029e-06
1.249	5.26688e-07
1.25	2.48964e-07
1.251	1.18132e-07
1.252	5.98739e-08
1.253	3.98159e-08
1.254	4.5533e-08
1.255	7.97292e-08
1.256	1.61347e-07
1.257	3.35003e-07
1.258	6.92908e-07
1.259	1.41877e-06
1.26	2.87206e-06
1.261	5.74659e-06
1.262	1.13641e-05
1.263	2.2211e-05
1.264	4.29047e-05
1.265	8.19117e-05
1.266	0.000154558
1.267	0.000288231
1.268	0.000531243
1.269	0.000967723
1.27	0.00174226
1.271	0.00310013
1.272	0.00545192
1.273	0.00947599
1.274	0.0162781
1.275	0.0276367
1.276	0.0463739
1.277	0.0769069
1.278	0.126055
1.279	0.204203
1.28	0.326938
1.281	0.517338
1.282	0.809072
1.283	1.25056
1.284	1.91041
1.285	2.88437
1.286	4.30409
1.287	6.34769
1.288	9.25239
1.289	13.329
1.29	18.9777
1.291	26.7051
1.292	37.1407
1.293	51.0516
1.294	69.3542
1.295	93.1196
1.296	123.57
1.297	162.065
1.298	210.073
1.299	269.126
1.3	340.757
1.301	426.421
1.302	527.395
1.303	644.671
1.304	778.833
1.305	929.94
1.306	1097.41
1.307	1279.94
1.308	1475.41
1.309	1680.89
1.31	1892.65
1.311	2106.24
1.312	2316.58
1.313	2518.21
1.314	2705.46
1.315	2872.72
1.316	3014.74
1.317	3126.88
1.318	3205.37
1.319	3247.49
1.32	3251.78
1.321	3218.1
1.322	3147.62
1.323	3042.77
1.324	2907.1
1.325	2745.09
1.326	2561.86
1.327	2362.98
1.328	2154.11
1.329	1940.8
1.33	1728.21
1.331	1520.96
1.332	1322.95
1.333	1137.29
1.334	966.285
1.335	811.415
1.336	673.419
1.337	552.372
1.338	447.798
1.339	358.787
1.34	284.116
1.341	222.361
1.342	171.999
1.343	131.492
1.344	99.3515
1.345	74.1916
1.346	54.757
1.347	39.9418
1.348	28.7953
1.349	20.5172
1.35	14.4484
1.351	10.056
1.352	6.91728
1.353	4.70273
1.354	3.15987
1.355	2.09843
1.356	1.37729
1.357	0.893452
1.358	0.572859
1.359	0.363083
1.36	0.227558
1.361	0.141166
1.362	0.0869215
1.363	0.0535451
1.364	0.0337164
1.365	0.0228632
1.366	0.0183526
1.367	0.0189961
1.368	0.024804
1.369	0.0369565
1.37	0.0579801
1.371	0.0921469
1.372	0.146133
1.373	0.230006
1.374	0.358616
1.375	0.553532
1.376	0.845632
1.377	1.27854
1.378	1.91305
1.379	2.83281
1.38	4.15131
1.381	6.02046
1.382	8.64075
1.383	12.273
1.384	17.2515
1.385	23.9984
1.386	33.0382
1.387	45.0122
1.388	60.691
1.389	80.9841
1.39	106.944
1.391	139.766
1.392	180.771
1.393	231.39
1.394	293.124
1.395	367.494
1.396	455.981
1.397	559.943
1.398	680.529
1.399	818.58
1.4	974.528
1.401	1148.3
1.402	1339.22
1.403	1545.96
1.404	1766.49
1.405	1998.03
1.406	2237.17
1.407	2479.83
1.408	2721.48
1.409	2957.23
1.41	3182.04
1.411	3390.94
1.412	3579.27
1.413	3742.89
1.414	3878.38
1.415	3983.24
1.416	4056.03
1.417	4096.4
1.418	4105.14
1.419	4084.14
1.42	4036.21
1.421	3965.01
1.422	3874.75
1.423	3770
1.424	3655.42
1.425	3535.52
1.426	3414.43
1.427	3295.72
1.428	3182.24
1.429	3076
1.43	2978.21
1.431	2889.2
1.432	2808.56
1.433	2735.18
1.434	2667.47
1.435	2603.44
1.436	2540.92
1.437	2477.68
1.438	2411.66
1.439	2341
1.44	2264.26
1.441	2180.39
1.442	2088.85
1.443	1989.59
1.444	1883.01
1.445	1769.98
1.446	1651.68
1.447	1529.61
1.448	1405.45
1.449	1280.98
1.45	1158
1.451	1038.25
1.452	923.35
1.453	814.752
1.454	713.699
1.455	621.224
1.456	538.147
1.457	465.093
1.458	402.523
1.459	350.766
1.46	310.063
1.461	280.609
1.462	262.587
1.463	256.203
1.464	261.706
1.465	279.399
1.466	309.634
1.467	352.798
1.468	409.277
1.469	479.415
1.47	563.456
1.471	661.484
1.472	773.352
1.473	898.618
1.474	1036.48
1.475	1185.72
1.476	1344.69
1.477	1511.26
1.478	1682.87
1.479	1856.52
1.48	2028.87
1.481	2196.3
1.482	2355.06
1.483	2501.36
1.484	2631.54
1.485	2742.19
1.486	2830.35
1.487	2893.58
1.488	2930.1
1.489	2938.88
1.49	2919.66
1.491	2872.99
1.492	2800.18
1.493	2703.28
1.494	2584.91
1.495	2448.23
1.496	2296.73
1.497	2134.12
1.498	1964.18
1.499	1790.57
1.5	1616.8
1.501	1446.01
1.502	1280.97
1.503	1123.98
1.504	976.861
1.505	840.932
1.506	717.042
1.507	605.604
1.508	506.638
1.509	419.839
1.51	344.636
1.511	280.26
1.512	225.807
1.513	180.293
1.514	142.707
1.515	112.047
1.516	87.3609
1.517	67.7618
1.518	52.4496
1.519	40.7176
1.52	31.956
1.521	25.6503
1.522	21.3761
1.523	18.7915
1.524	17.6275
1.525	17.6782
1.526	18.7901
1.527	20.8518
1.528	23.7838
1.529	27.5295
1.53	32.0461
1.531	37.2971
1.532	43.2451
1.533	49.8461
1.534	57.0445
1.535	64.7693
1.536	72.9316
1.537	81.4235
1.538	90.1181
1.539	98.8709
1.54	107.523
1.541	115.903
1.542	123.836
1.543	131.146
1.544	137.662
1.545	143.228
1.546	147.704
1.547	150.976
1.548	152.96
1.549	153.604
1.55	152.893
1.551	150.849
1.552	147.527
1.553	143.02
1.554	137.451
1.555	130.97
1.556	123.75
1.557	115.983
1.558	107.877
1.559	99.6495
1.56	91.5327
1.561	83.7698
1.562	76.6213
1.563	70.373
1.564	65.3472
1.565	61.9195
1.566	60.5403
1.567	61.7611
1.568	66.2676
1.569	74.9169
1.57	88.7817
1.571	109.198
1.572	137.818
1.573	176.662
1.574	228.175
1.575	295.28
1.576	381.416
1.577	490.578
1.578	627.33
1.579	796.804
1.58	1004.66
1.581	1257.03
1.582	1560.4
1.583	1921.46
1.584	2346.92
1.585	2843.25
1.586	3416.4
1.587	4071.48
1.588	4812.39
1.589	5641.46
1.59	6559.08
1.591	7563.33
1.592	8649.73
1.593	9810.92
1.594	11036.6
1.595	12313.4
1.596	13625.1
1.597	14952.7
1.598	16274.9
1.599	17568.4
1.6	18809
1.601	19971.7
1.602	21032.2
1.603	21967
1.604	22754.9
1.605	23377.4
1.606	23819.7
1.607	24071
1.608	24125.1
1.609	23980.7
1.61	23641.4
1.611	23115.4
1.612	22415.5
1.613	21558.2
1.614	20563.4
1.615	19453.4
1.616	18252.1
1.617	16984.3
1.618	15674.8
1.619	14347.4
1.62	13024.5
1.621	11726.5
1.622	10471.1
1.623	9273.33
1.624	8145.09
1.625	7095.35
1.626	6130.13
1.627	5252.71
1.628	4463.9
1.629	3762.39
1.63	3145.08
1.631	2607.46
1.632	2143.99
1.633	1748.45
1.634	1414.22
1.635	1134.59
1.636	903.002
1.637	713.234
1.638	559.601
1.639	437.116
1.64	341.668
1.641	270.22
1.642	221.037
1.643	193.953
1.644	190.676
1.645	215.071
1.646	273.387
1.647	374.337
1.648	528.918
1.649	749.895
1.65	1050.87
1.651	1444.91
1.652	1942.87
1.653	2551.48
1.654	3271.47
1.655	4096.06
1.656	5009.85
1.657	5988.64
1.658	6999.93
1.659	8004.31
1.66	8957.53
1.661	9813.27
1.662	10526.2
1.663	11055.4
1.664	11367.6
1.665	11440.8
1.666	11266
1.667	10849.7
1.668	10213.3
1.669	9392.19
1.67	8432.69
1.671	7387.67
1.672	6311.67
1.673	5255.86
1.674	4263.75
1.675	3368.17
1.676	2589.84
1.677	1937.66
1.678	1410.17
1.679	998.021
1.68	686.718
1.681	459.306
1.682	298.564
1.683	188.592
1.684	115.745
1.685	69.014
1.686	39.9747
1.687	22.4914
1.688	12.2915
1.689	6.52425
1.69	3.36335
1.691	1.6839
1.692	0.818747
1.693	0.3866
1.694	0.177274
1.695	0.0789387
1.696	0.0341344
1.697	0.0143333
1.698	0.0058445
1.699	0.00231416
1.7	0.000889775
1.701	0.000332205
1.702	0.00012044
1.703	4.24003e-05
1.704	1.44944e-05
1.705	4.81136e-06
1.706	1.55084e-06
1.707	4.85395e-07
1.708	1.47522e-07
1.709	4.35357e-08
1.71	1.24757e-08
1.711	3.47149e-09
1.712	9.37984e-10
1.713	2.46095e-10
1.714	6.26961e-11
1.715	1.55099e-11
1.716	3.72583e-12
1.717	8.69838e-13
1.718	2.00354e-13
1.719	5.797e-14
1.72	6.87853e-14
1.721	2.37286e-13
1.722	9.07355e-13
1.723	3.40687e-12
1.724	1.24742e-11
1.725	4.45231e-11
1.726	1.54907e-10
1.727	5.25371e-10
1.728	1.73689e-09
1.729	5.59742e-09
1.73	1.75839e-08
1.731	5.38457e-08
1.732	1.6073e-07
1.733	4.67686e-07
1.734	1.32655e-06
1.735	3.66775e-06
1.736	9.88525e-06
1.737	2.59708e-05
1.738	6.65112e-05
1.739	0.00016604
1.74	0.000404057
1.741	0.000958477
1.742	0.00221632
1.743	0.00499564
1.744	0.0109764
1.745	0.0235094
1.746	0.0490832
1.747	0.0998928
1.748	0.198173
1.749	0.383237
1.75	0.722435
1.751	1.32752
1.752	2.3779
1.753	4.15199
1.754	7.06691
1.755	11.725
1.756	18.963
1.757	29.8958
1.758	45.9436
1.759	68.8255
1.76	100.504
1.761	143.064
1.762	198.511
1.763	268.503
1.764	354.018
1.765	455.001
1.766	570.044
1.767	696.17
1.768	828.767
1.769	961.744
1.77	1087.92
1.771	1199.62
1.772	1289.45
1.773	1351.05
1.774	1379.91
1.775	1373.85
1.776	1333.33
1.777	1261.39
1.778	1163.24
1.779	1045.68
1.78	916.303
1.781	782.69
1.782	651.704
1.783	528.959
1.784	418.508
1.785	322.772
1.786	242.66
1.787	177.832
1.788	127.038
1.789	88.4638
1.79	60.0494
1.791	39.734
1.792	25.6287
1.793	16.1139
1.794	9.87609
1.795	5.90038
1.796	3.43625
1.797	1.95074
1.798	1.07951
1.799	0.58232
1.8	0.306202
1.801	0.156953
1.802	0.078425
1.803	0.0382051
1.804	0.0181566
1.805	0.00844195
1.806	0.00389206
1.807	0.00188653
1.808	0.00116637
1.809	0.00120149
1.81	0.00188197
1.811	0.00339953
1.812	0.0062495
1.813	0.0113215
1.814	0.0200691
1.815	0.0347597
1.816	0.0588047
1.817	0.0971648
1.818	0.156805
1.819	0.247152
1.82	0.380471
1.821	0.572047
1.822	0.840031
1.823	1.20479
1.824	1.68765
1.825	2.30889
1.826	3.08517
1.827	4.02631
1.828	5.13202
1.829	6.38885
1.83	7.76801
1.831	9.22465
1.832	10.699
1.833	12.1196
1.834	13.4087
1.835	14.4891
1.836	15.2913
1.837	15.7617
1.838	15.8677
1.839	15.6019
1.84	14.9829
1.841	14.0529
1.842	12.8733
1.843	11.5177
1.844	10.0645
1.845	8.58964
1.846	7.15995
1.847	5.82905
1.848	4.63488
1.849	3.59942
1.85	2.7301
1.851	2.02246
1.852	1.46329
1.853	1.03404
1.854	0.713669
1.855	0.481072
1.856	0.316725
1.857	0.203672
1.858	0.127946
1.859	0.0785659
1.86	0.0472734
1.861	0.0281382
1.862	0.0171618
1.863	0.011972
1.864	0.0117052
1.865	0.0171953
1.866	0.0316455
1.867	0.0620688
1.868	0.121951
1.869	0.235837
1.87	0.446861
1.871	0.82864
1.872	1.50337
1.873	2.66836
1.874	4.63329
1.875	7.87047
1.876	13.0791
1.877	21.2628
1.878	33.8166
1.879	52.6144
1.88	80.0839
1.881	119.248
1.882	173.709
1.883	247.548
1.884	345.114
1.885	470.685
1.886	628.008
1.887	819.718
1.888	1046.72
1.889	1307.56
1.89	1597.93
1.891	1910.38
1.892	2234.34
1.893	2556.48
1.894	2861.55
1.895	3133.48
1.896	3356.74
1.897	3517.83
1.898	3606.59
1.899	3617.3
1.9	3549.26
1.901	3406.88
1.902	3199.2
1.903	2938.95
1.904	2641.24
1.905	2322.15
1.906	1997.27
1.907	1680.55
1.908	1383.34
1.909	1113.97
1.91	877.574
1.911	676.331
1.912	509.919
1.913	376.104
1.914	271.382
1.915	191.566
1.916	132.289
1.917	89.3702
1.918	59.0647
1.919	38.1882
1.92	24.1544
1.921	14.9461
1.922	9.04746
1.923	5.35785
1.924	3.10399
1.925	1.7592
1.926	0.975384
1.927	0.529056
1.928	0.280733
1.929	0.145731
1.93	0.0740074
1.931	0.0367675
1.932	0.0178698
1.933	0.00849648
1.934	0.00395207
1.935	0.00179836
1.936	0.00080056
1.937	0.00034864
1.938	0.000148534
1.939	6.1907e-05
1.94	2.52418e-05
1.941	1.00685e-05
1.942	3.92896e-06
1.943	1.49987e-06
1.944	5.6014e-07
1.945	2.04647e-07
1.946	7.31441e-08
1.947	2.55753e-08
1.948	8.74855e-09
1.949	2.92823e-09
1.95	9.60618e-10
1.951	3.13607e-10
1.952	1.15604e-10
1.953	8.49646e-11
1.954	1.6415e-10
1.955	4.28889e-10
1.956	1.1482e-09
1.957	3.02909e-09
1.958	7.84064e-09
1.959	1.99038e-08
1.96	4.955e-08
1.961	1.20969e-07
1.962	2.89619e-07
1.963	6.79994e-07
1.964	1.5657e-06
1.965	3.53538e-06
1.966	7.82875e-06
1.967	1.70012e-05
1.968	3.62074e-05
1.969	7.56224e-05
1.97	0.000154897
1.971	0.000311155
1.972	0.000612997
1.973	0.00118439
1.974	0.00224436
1.975	0.00417118
1.976	0.00760341
1.977	0.0135942
1.978	0.0238401
1.979	0.0410104
1.98	0.0692047
1.981	0.114568
1.982	0.186086
1.983	0.296573
1.984	0.463842
1.985	0.712031
1.986	1.073
1.987	1.5877
1.988	2.30745
1.989	3.29487
1.99	4.62452
1.991	6.38313
1.992	8.66957
1.993	11.5949
1.994	15.2827
1.995	19.8705
1.996	25.5132
1.997	32.3877
1.998	40.7011
1.999	50.6997
2	62.6801
2.001	76.9976
2.002	94.0724
2.003	114.387
2.004	138.471
2.005	166.878
2.006	200.132
2.007	238.675
2.008	282.785
2.009	332.493
2.01	387.504
2.011	447.117
2.012	510.183
2.013	575.094
2.014	639.81
2.015	701.947
2.016	758.909
2.017	808.053
2.018	846.895
2.019	873.307
2.02	885.705
2.021	883.201
2.022	865.687
2.023	833.863
2.024	789.183
2.025	733.737
2.026	670.083
2.027	601.042
2.028	529.493
2.029	458.169
2.03	389.508
2.031	325.531
2.032	267.798
2.033	217.406
2.034	175.041
2.035	141.074
2.036	115.678
2.037	98.9556
2.038	91.0721
2.039	92.3672
2.04	103.448
2.041	125.249
2.042	159.055
2.043	206.476
2.044	269.384
2.045	349.783
2.046	449.641
2.047	570.673
2.048	714.079
2.049	880.267
2.05	1068.58
2.051	1277.04
2.052	1502.19
2.053	1738.99
2.054	1980.88
2.055	2219.98
2.056	2447.46
2.057	2653.98
2.058	2830.39
2.059	2968.28
2.06	3060.75
2.061	3102.89
2.062	3092.25
2.063	3029.08
2.064	2916.32
2.065	2759.38
2.066	2565.69
2.067	2344.13
2.068	2104.33
2.069	1856
2.07	1608.23
2.071	1369.01
2.072	1144.84
2.073	940.521
2.074	759.11
2.075	602.06
2.076	469.43
2.077	360.187
2.078	272.53
2.079	204.216
2.08	152.85
2.081	116.121
2.082	91.9843
2.083	78.7738
2.084	75.2611
2.085	80.6602
2.086	94.5869
2.087	116.983
2.088	148.009
2.089	187.921
2.09	236.926
2.091	295.044
2.092	361.98
2.093	437.008
2.094	518.901
2.095	605.91
2.096	695.792
2.097	785.904
2.098	873.356
2.099	955.202
2.1	1028.67
2.101	1091.37
2.102	1141.51
2.103	1178.07
2.104	1200.82
2.105	1210.37
2.106	1208.1
2.107	1195.96
2.108	1176.31
2.109	1151.68
2.11	1124.56
2.111	1097.21
2.112	1071.51
2.113	1048.92
2.114	1030.44
2.115	1016.62
2.116	1007.68
2.117	1003.54
2.118	1003.88
2.119	1008.21
2.12	1015.87
2.121	1026.05
2.122	1037.7
2.123	1049.62
2.124	1060.38
2.125	1068.4
2.126	1071.98
2.127	1069.45
2.128	1059.29
2.129	1040.25
2.13	1011.52
2.131	972.791
2.132	924.362
2.133	867.11
2.134	802.451
2.135	732.246
2.136	658.656
2.137	583.995
2.138	510.572
2.139	440.555
2.14	375.864
2.141	318.101
2.142	268.522
2.143	228.041
2.144	197.259
2.145	176.512
2.146	165.92
2.147	165.428
2.148	174.837
2.149	193.818
2.15	221.906
2.151	258.488
2.152	302.788
2.153	353.861
2.154	410.599
2.155	471.766
2.156	536.069
2.157	602.244
2.158	669.177
2.159	736.028
2.16	802.358
2.161	868.222
2.162	934.23
2.163	1001.55
2.164	1071.82
2.165	1147.06
2.166	1229.43
2.167	1321.05
2.168	1423.7
2.169	1538.66
2.17	1666.42
2.171	1806.67
2.172	1958.15
2.173	2118.76
2.174	2285.64
2.175	2455.36
2.176	2624.14
2.177	2788.01
2.178	2943.09
2.179	3085.68
2.18	3212.38
2.181	3320.18
2.182	3406.45
2.183	3468.98
2.184	3505.96
2.185	3516.06
2.186	3498.42
2.187	3452.81
2.188	3379.65
2.189	3280.15
2.19	3156.33
2.191	3011.05
2.192	2847.9
2.193	2671.07
2.194	2485.13
2.195	2294.8
2.196	2104.6
2.197	1918.65
2.198	1740.38
2.199	1572.42
2.2	1416.49
2.201	1273.46
2.202	1143.38
2.203	1025.69
2.204	919.385
2.205	823.237
2.206	735.965
2.207	656.414
2.208	583.664
2.209	517.105
2.21	456.459
2.211	401.766
2.212	353.346
2.213	311.74
2.214	277.653
2.215	251.886
2.216	235.287
2.217	228.702
2.218	232.926
2.219	248.662
2.22	276.47
2.221	316.707
2.222	369.469
2.223	434.512
2.224	511.186
2.225	598.369
2.226	694.418
2.227	797.148
2.228	903.852
2.229	1011.36
2.23	1116.14
2.231	1214.46
2.232	1302.57
2.233	1376.92
2.234	1434.38
2.235	1472.41
2.236	1489.31
2.237	1484.26
2.238	1457.41
2.239	1409.91
2.24	1343.75
2.241	1261.69
2.242	1167.02
2.243	1063.36
2.244	954.443
2.245	843.865
2.246	734.916
2.247	630.425
2.248	532.661
2.249	443.283
2.25	363.346
2.251	293.34
2.252	233.268
2.253	182.737
2.254	141.064
2.255	107.379
2.256	80.7221
2.257	60.1233
2.258	44.6742
2.259	33.5784
2.26	26.191
2.261	22.046
2.262	20.8744
2.263	22.616
2.264	27.4269
2.265	35.6816
2.266	47.9707
2.267	65.0916
2.268	88.0298
2.269	117.926
2.27	156.03
2.271	203.63
2.272	261.969
2.273	332.139
2.274	414.963
2.275	510.871
2.276	619.775
2.277	740.977
2.278	873.09
2.279	1014.02
2.28	1161.02
2.281	1310.75
2.282	1459.51
2.283	1603.45
2.284	1738.84
2.285	1862.39
2.286	1971.59
2.287	2064.93
2.288	2142.11
2.289	2204.18
2.29	2253.48
2.291	2293.52
2.292	2328.71
2.293	2363.97
2.294	2404.28
2.295	2454.22
2.296	2517.44
2.297	2596.28
2.298	2691.41
2.299	2801.68
2.3	2924.08
2.301	3053.92
2.302	3185.09
2.303	3310.51
2.304	3422.69
2.305	3514.26
2.306	3578.54
2.307	3610.08
2.308	3604.97
2.309	3561.16
2.31	3478.55
2.311	3358.91
2.312	3205.7
2.313	3023.77
2.314	2818.96
2.315	2597.7
2.316	2366.59
2.317	2132.01
2.318	1899.85
2.319	1675.23
2.32	1462.38
2.321	1264.61
2.322	1084.26
2.323	922.815
2.324	780.997
2.325	658.891
2.326	556.075
2.327	471.75
2.328	404.84
2.329	354.082
2.33	318.087
2.331	295.38
2.332	284.426
2.333	283.638
2.334	291.386
2.335	305.999
2.336	325.777
2.337	349.001
2.338	373.966
2.339	399.016
2.34	422.59
2.341	443.274
2.342	459.855
2.343	471.377
2.344	477.175
2.345	476.917
2.346	470.609
2.347	458.599
2.348	441.549
2.349	420.402
2.35	396.327
2.351	370.655
2.352	344.815
2.353	320.258
2.354	298.395
2.355	280.532
2.356	267.818
2.357	261.194
2.358	261.358
2.359	268.738
2.36	283.466
2.361	305.368
2.362	333.963
2.363	368.466
2.364	407.813
2.365	450.686
2.366	495.567
2.367	540.789
2.368	584.62
2.369	625.333
2.37	661.3
2.371	691.076
2.372	713.476
2.373	727.644
2.374	733.091
2.375	729.724
2.376	717.838
2.377	698.083
2.378	671.414
2.379	639.02
2.38	602.233
2.381	562.449
2.382	521.037
2.383	479.268
2.384	438.259
2.385	398.933
2.386	362.011
2.387	328.02
2.388	297.321
2.389	270.159
2.39	246.726
2.391	227.236
2.392	211.995
2.393	201.488
2.394	196.45
2.395	197.942
2.396	207.407
2.397	226.72
2.398	258.219
2.399	304.707
2.4	369.431
2.401	456.013
2.402	568.347
2.403	710.438
2.404	886.193
2.405	1099.16
2.406	1352.22
2.407	1647.25
2.408	1984.79
2.409	2363.7
2.41	2780.91
2.411	3231.17
2.412	3707.04
2.413	4198.89
2.414	4695.17
2.415	5182.78
2.416	5647.59
2.417	6075.15
2.418	6451.42
2.419	6763.55
2.42	7000.67
2.421	7154.57
2.422	7220.16
2.423	7195.87
2.424	7083.75
2.425	6889.32
2.426	6621.28
2.427	6290.95
2.428	5911.66
2.429	5497.96
2.43	5064.87
2.431	4627.15
2.432	4198.62
2.433	3791.59
2.434	3416.48
2.435	3081.53
2.436	2792.64
2.437	2553.35
2.438	2364.95
2.439	2226.61
2.44	2135.6
2.441	2087.57
2.442	2076.84
2.443	2096.69
2.444	2139.71
2.445	2198.09
2.446	2264.02
2.447	2329.95
2.448	2388.93
2.449	2434.93
2.45	2463.05
2.451	2469.74
2.452	2452.94
2.453	2412.14
2.454	2348.35
2.455	2264.04
2.456	2162.97
2.457	2049.98
2.458	1930.71
2.459	1811.33
2.46	1698.2
2.461	1597.61
2.462	1515.47
2.463	1457.05
2.464	1426.74
2.465	1427.86
2.466	1462.51
2.467	1531.43
2.468	1633.93
2.469	1767.9
2.47	1929.76
2.471	2114.62
2.472	2316.36
2.473	2527.88
2.474	2741.35
2.475	2948.51
2.476	3141.07
2.477	3311.08
2.478	3451.32
2.479	3555.66
2.48	3619.36
2.481	3639.36
2.482	3614.37
2.483	3544.94
2.484	3433.4
2.485	3283.64
2.486	3100.92
2.487	2891.46
2.488	2662.14
2.489	2420.05
2.49	2172.19
2.491	1925.07
2.492	1684.49
2.493	1455.35
2.494	1241.47
2.495	1045.64
2.496	869.56
2.497	713.99
2.498	578.845
2.499	463.357
2.5	366.24
2.501	285.851
2.502	220.341
2.503	167.784
2.504	126.286
2.505	94.067
2.506	69.5151
2.507	51.2269
2.508	38.0253
2.509	28.9658
2.51	23.3333
2.511	20.6343
2.512	20.5858
2.513	23.1035
2.514	28.2911
2.515	36.4298
2.516	47.9674
2.517	63.5058
2.518	83.7853
2.519	109.663
2.52	142.082
2.521	182.032
2.522	230.503
2.523	288.414
2.524	356.552
2.525	435.484
2.526	525.477
2.527	626.417
2.528	737.736
2.529	858.353
2.53	986.643
2.531	1120.43
2.532	1257.04
2.533	1393.33
2.534	1525.83
2.535	1650.9
2.536	1764.85
2.537	1864.2
2.538	1945.8
2.539	2007.08
2.54	2046.19
2.541	2062.11
2.542	2054.76
2.543	2025
2.544	1974.64
2.545	1906.3
2.546	1823.32
2.547	1729.57
2.548	1629.25
2.549	1526.65
2.55	1425.96
2.551	1331.04
2.552	1245.28
2.553	1171.39
2.554	1111.33
2.555	1066.25
2.556	1036.46
2.557	1021.45
2.558	1019.97
2.559	1030.13
2.56	1049.48
2.561	1075.24
2.562	1104.4
2.563	1133.9
2.564	1160.79
2.565	1182.4
2.566	1196.45
2.567	1201.13
2.568	1195.23
2.569	1178.13
2.57	1149.81
2.571	1110.84
2.572	1062.31
2.573	1005.75
2.574	942.994
2.575	876.136
2.576	807.356
2.577	738.841
2.578	672.682
2.579	610.794
2.58	554.859
2.581	506.282
2.582	466.18
2.583	435.38
2.584	414.431
2.585	403.638
2.586	403.087
2.587	412.689
2.588	432.206
2.589	461.284
2.59	499.465
2.591	546.205
2.592	600.872
2.593	662.735
2.594	730.957
2.595	804.574
2.596	882.484
2.597	963.44
2.598	1046.05
2.599	1128.79
2.6	1210.05
2.601	1288.15
2.602	1361.47
2.603	1428.47
2.604	1487.83
2.605	1538.54
2.606	1580.01
2.607	1612.18
2.608	1635.63
2.609	1651.62
2.61	1662.17
2.611	1670.1
2.612	1679
2.613	1693.2
2.614	1717.72
2.615	1758.14
2.616	1820.46
2.617	1910.93
2.618	2035.82
2.619	2201.18
2.62	2412.57
2.621	2674.74
2.622	2991.31
2.623	3364.5
2.624	3794.78
2.625	4280.62
2.626	4818.33
2.627	5401.86
2.628	6022.86
2.629	6670.76
2.63	7332.99
2.631	7995.41
2.632	8642.77
2.633	9259.4
2.634	9829.8
2.635	10339.5
2.636	10775.6
2.637	11127.7
2.638	11388
2.639	11552.2
2.64	11619.2
2.641	11591.4
2.642	11474.2
2.643	11275.9
2.644	11006.7
2.645	10678.5
2.646	10303.9
2.647	9895.27
2.648	9464.54
2.649	9022.36
2.65	8577.75
2.651	8137.86
2.652	7707.87
2.653	7291.1
2.654	6889.16
2.655	6502.28
2.656	6129.66
2.657	5769.83
2.658	5421.02
2.659	5081.47
2.66	4749.68
2.661	4424.61
2.662	4105.73
2.663	3793.06
2.664	3487.16
2.665	3188.99
2.666	2899.86
2.667	2621.22
2.668	2354.61
2.669	2101.46
2.67	1863.07
2.671	1640.48
2.672	1434.46
2.673	1245.43
2.674	1073.54
2.675	918.621
2.676	780.223
2.677	657.684
2.678	550.145
2.679	456.607
2.68	375.971
2.681	307.079
2.682	248.751
2.683	199.818
2.684	159.144
2.685	125.65
2.686	98.3292
2.687	76.2582
2.688	58.6013
2.689	44.6151
2.69	33.6474
2.691	25.1342
2.692	18.5944
2.693	13.6235
2.694	9.88612
2.695	7.10807
2.696	5.06872
2.697	3.59347
2.698	2.54688
2.699	1.82674
2.7	1.35906
2.701	1.09423
2.702	1.00435
2.703	1.08192
2.704	1.3399
2.705	1.81316
2.706	2.56147
2.707	3.67411
2.708	5.27599
2.709	7.53544
2.71	10.6735
2.711	14.9742
2.712	20.7963
2.713	28.585
2.714	38.8832
2.715	52.3412
2.716	69.7246
2.717	91.9172
2.718	119.919
2.719	154.835
2.72	197.861
2.721	250.254
2.722	313.293
2.723	388.236
2.724	476.259
2.725	578.397
2.726	695.473
2.727	828.032
2.728	976.278
2.729	1140.02
2.73	1318.62
2.731	1511.01
2.732	1715.62
2.733	1930.48
2.734	2153.22
2.735	2381.13
2.736	2611.3
2.737	2840.64
2.738	3066.06
2.739	3284.51
2.74	3493.08
2.741	3689.12
2.742	3870.21
2.743	4034.25
2.744	4179.43
2.745	4304.26
2.746	4407.48
2.747	4488.05
2.748	4545.15
2.749	4578.09
2.75	4586.36
2.751	4569.58
2.752	4527.56
2.753	4460.34
2.754	4368.21
2.755	4251.81
2.756	4112.17
2.757	3950.73
2.758	3769.38
2.759	3570.48
2.76	3356.8
2.761	3131.47
2.762	2897.88
2.763	2659.61
2.764	2420.28
2.765	2183.43
2.766	1952.41
2.767	1730.25
2.768	1519.62
2.769	1322.69
2.77	1141.17
2.771	976.283
2.772	828.745
2.773	698.861
2.774	586.558
2.775	491.462
2.776	412.979
2.777	350.371
2.778	302.826
2.779	269.52
2.78	249.664
2.781	242.535
2.782	247.491
2.783	263.967
2.784	291.459
2.785	329.494
2.786	377.588
2.787	435.203
2.788	501.7
2.789	576.29
2.79	658.001
2.791	745.648
2.792	837.823
2.793	932.9
2.794	1029.06
2.795	1124.31
2.796	1216.6
2.797	1303.82
2.798	1383.95
2.799	1455.12
2.8	1515.7
2.801	1564.4
2.802	1600.31
2.803	1623.01
2.804	1632.55
2.805	1629.48
2.806	1614.81
2.807	1590.02
2.808	1556.92
2.809	1517.62
2.81	1474.39
2.811	1429.6
2.812	1385.54
2.813	1344.38
2.814	1308.04
2.815	1278.14
2.816	1255.89
2.817	1242.14
2.818	1237.25
2.819	1241.21
2.82	1253.61
2.821	1273.7
2.822	1300.47
2.823	1332.71
2.824	1369.1
2.825	1408.33
2.826	1449.14
2.827	1490.44
2.828	1531.34
2.829	1571.27
2.83	1609.94
2.831	1647.43
2.832	1684.12
2.833	1720.7
2.834	1758.11
2.835	1797.44
2.836	1839.89
2.837	1886.61
2.838	1938.65
2.839	1996.85
2.84	2061.71
2.841	2133.39
2.842	2211.61
2.843	2295.66
2.844	2384.4
2.845	2476.36
2.846	2569.78
2.847	2662.73
2.848	2753.29
2.849	2839.64
2.85	2920.25
2.851	2994.06
2.852	3060.52
2.853	3119.8
2.854	3172.81
2.855	3221.22
2.856	3267.49
2.857	3314.78
2.858	3366.82
2.859	3427.84
2.86	3502.26
2.861	3594.59
2.862	3709.07
2.863	3849.5
2.864	4018.94
2.865	4219.47
2.866	4451.96
2.867	4715.94
2.868	5009.42
2.869	5328.85
2.87	5669.14
2.871	6023.73
2.872	6384.78
2.873	6743.38
2.874	7089.92
2.875	7414.39
2.876	7706.82
2.877	7957.74
2.878	8158.53
2.879	8301.87
2.88	8382.07
2.881	8395.33
2.882	8339.92
2.883	8216.28
2.884	8027
2.885	7776.67
2.886	7471.71
2.887	7120
2.888	6730.6
2.889	6313.28
2.89	5878.13
2.891	5435.18
2.892	4993.94
2.893	4563.16
2.894	4150.46
2.895	3762.18
2.896	3403.27
2.897	3077.19
2.898	2785.93
2.899	2530.15
2.9	2309.25
2.901	2121.6
2.902	1964.7
2.903	1835.46
2.904	1730.33
2.905	1645.63
2.906	1577.64
2.907	1522.85
2.908	1478.03
2.909	1440.4
2.91	1407.65
2.911	1378
2.912	1350.18
2.913	1323.41
2.914	1297.36
2.915	1272.04
2.916	1247.74
2.917	1224.94
2.918	1204.18
2.919	1186.01
2.92	1170.89
2.921	1159.11
2.922	1150.77
2.923	1145.73
2.924	1143.62
2.925	1143.83
2.926	1145.53
2.927	1147.78
2.928	1149.49
2.929	1149.57
2.93	1146.96
2.931	1140.69
2.932	1129.96
2.933	1114.22
2.934	1093.14
2.935	1066.71
2.936	1035.25
2.937	999.374
2.938	959.996
2.939	918.323
2.94	875.807
2.941	834.108
2.942	795.05
2.943	760.58
2.944	732.715
2.945	713.506
2.946	704.998
2.947	709.19
2.948	728.011
2.949	763.289
2.95	816.727
2.951	889.881
2.952	984.133
2.953	1100.67
2.954	1240.45
2.955	1404.18
2.956	1592.28
2.957	1804.8
2.958	2041.45
2.959	2301.47
2.96	2583.66
2.961	2886.25
2.962	3206.91
2.963	3542.72
2.964	3890.1
2.965	4244.88
2.966	4602.27
2.967	4956.93
2.968	5303.06
2.969	5634.52
2.97	5944.95
2.971	6227.96
2.972	6477.35
2.973	6687.28
2.974	6852.52
2.975	6968.65
2.976	7032.24
2.977	7041.05
2.978	6994.11
2.979	6891.83
2.98	6735.98
2.981	6529.66
2.982	6277.22
2.983	5984.07
2.984	5656.51
2.985	5301.48
2.986	4926.32
2.987	4538.5
2.988	4145.37
2.989	3753.94
2.99	3370.67
2.991	3001.31
2.992	2650.81
2.993	2323.21
2.994	2021.69
2.995	1748.51
2.996	1505.13
2.997	1292.28
2.998	1110.06
2.999	958.044
3	835.413
3.001	741.06
3.002	673.687
3.003	631.88
3.004	614.177
3.005	619.107
3.006	645.214
3.007	691.062
3.008	755.23
3.009	836.297
3.01	932.821
3.011	1043.32
3.012	1166.27
3.013	1300.07
3.014	1443.05
3.015	1593.52
3.016	1749.71
3.017	1909.89
3.018	2072.34
3.019	2235.38
3.02	2397.47
3.021	2557.16
3.022	2713.16
3.023	2864.31
3.024	3009.62
3.025	3148.2
3.026	3279.28
3.027	3402.13
3.028	3516.07
3.029	3620.35
3.03	3714.2
3.031	3796.76
3.032	3867.04
3.033	3923.99
3.034	3966.49
3.035	3993.38
3.036	4003.54
3.037	3995.97
3.038	3969.85
3.039	3924.63
3.04	3860.11
3.041	3776.51
3.042	3674.51
3.043	3555.28
3.044	3420.51
3.045	3272.35
3.046	3113.38
3.047	2946.57
3.048	2775.13
3.049	2602.49
3.05	2432.09
3.051	2267.34
3.052	2111.49
3.053	1967.48
3.054	1837.9
3.055	1724.88
3.056	1629.99
3.057	1554.3
3.058	1498.22
3.059	1461.63
3.06	1443.8
3.061	1443.49
3.062	1458.98
3.063	1488.16
3.064	1528.61
3.065	1577.68
3.066	1632.65
3.067	1690.8
3.068	1749.49
3.069	1806.34
3.07	1859.26
3.071	1906.53
3.072	1946.88
3.073	1979.54
3.074	2004.19
3.075	2021.01
3.076	2030.61
3.077	2033.96
3.078	2032.37
3.079	2027.32
3.08	2020.39
3.081	2013.2
3.082	2007.23
3.083	2003.79
3.084	2003.91
3.085	2008.33
3.086	2017.43
3.087	2031.23
3.088	2049.43
3.089	2071.46
3.09	2096.5
3.091	2123.61
3.092	2151.77
3.093	2180
3.094	2207.45
3.095	2233.42
3.096	2257.47
3.097	2279.42
3.098	2299.4
3.099	2317.79
3.1	2335.19
3.101	2352.41
3.102	2370.34
3.103	2389.87
3.104	2411.83
3.105	2436.88
3.106	2465.44
3.107	2497.58
3.108	2533.05
3.109	2571.21
3.11	2611.02
3.111	2651.12
3.112	2689.83
3.113	2725.28
3.114	2755.45
3.115	2778.31
3.116	2791.89
3.117	2794.42
3.118	2784.41
3.119	2760.71
3.12	2722.59
3.121	2669.78
3.122	2602.46
3.123	2521.27
3.124	2427.27
3.125	2321.85
3.126	2206.75
3.127	2083.88
3.128	1955.29
3.129	1823.08
3.13	1689.31
3.131	1555.94
3.132	1424.74
3.133	1297.29
3.134	1174.9
3.135	1058.63
3.136	949.27
3.137	847.35
3.138	753.164
3.139	666.795
3.14	588.147
3.141	516.978
3.142	452.937
3.143	395.595
3.144	344.473
3.145	299.07
3.146	258.885
3.147	223.428
3.148	192.239
3.149	164.888
3.15	140.986
3.151	120.188
3.152	102.188
3.153	86.7258
3.154	73.5816
3.155	62.581
3.156	53.5938
3.157	46.5376
3.158	41.3813
3.159	38.1509
3.16	36.9361
3.161	37.8986
3.162	41.281
3.163	47.4163
3.164	56.7373
3.165	69.786
3.166	87.2204
3.167	109.82
3.168	138.49
3.169	174.254
3.17	218.254
3.171	271.733
3.172	336.019
3.173	412.498
3.174	502.585
3.175	607.687
3.176	729.157
3.177	868.259
3.178	1026.12
3.179	1203.67
3.18	1401.65
3.181	1620.54
3.182	1860.54
3.183	2121.61
3.184	2403.41
3.185	2705.4
3.186	3026.79
3.187	3366.67
3.188	3724.01
3.189	4097.73
3.19	4486.75
3.191	4890.05
3.192	5306.69
3.193	5735.81
3.194	6176.61
3.195	6628.33
3.196	7090.12
3.197	7561
3.198	8039.7
3.199	8524.55
3.2	9013.35
3.201	9503.21
3.202	9990.51
3.203	10470.8
3.204	10938.9
3.205	11388.6
3.206	11813.3
3.207	12205.7
3.208	12558.4
3.209	12863.7
3.21	13114.4
3.211	13304
3.212	13426.6
3.213	13477.8
3.214	13454.7
3.215	13355.8
3.216	13181.8
3.217	12934.9
3.218	12619.3
3.219	12240.9
3.22	11806.9
3.221	11325.9
3.222	10807.2
3.223	10260.7
3.224	9696.36
3.225	9124.05
3.226	8553
3.227	7991.61
3.228	7447.25
3.229	6926.04
3.23	6432.79
3.231	5970.96
3.232	5542.73
3.233	5149.01
3.234	4789.69
3.235	4463.73
3.236	4169.38
3.237	3904.39
3.238	3666.17
3.239	3452.04
3.24	3259.32
3.241	3085.53
3.242	2928.46
3.243	2786.24
3.244	2657.44
3.245	2541.03
3.246	2436.4
3.247	2343.34
3.248	2261.96
3.249	2192.67
3.25	2136.1
3.251	2093.02
3.252	2064.26
3.253	2050.67
3.254	2053.03
3.255	2071.98
3.256	2107.99
3.257	2161.31
3.258	2231.91
3.259	2319.5
3.26	2423.49
3.261	2542.96
3.262	2676.72
3.263	2823.27
3.264	2980.84
3.265	3147.41
3.266	3320.76
3.267	3498.46
3.268	3677.96
3.269	3856.6
3.27	4031.63
3.271	4200.33
3.272	4359.99
3.273	4507.97
3.274	4641.77
3.275	4759.07
3.276	4857.78
3.277	4936.06
3.278	4992.42
3.279	5025.71
3.28	5035.2
3.281	5020.55
3.282	4981.91
3.283	4919.85
3.284	4835.41
3.285	4730.06
3.286	4605.67
3.287	4464.47
3.288	4308.99
3.289	4141.98
3.29	3966.33
3.291	3785.03
3.292	3601.02
3.293	3417.15
3.294	3236.1
3.295	3060.29
3.296	2891.88
3.297	2732.67
3.298	2584.12
3.299	2447.32
3.3	2323.02
3.301	2211.65
3.302	2113.33
3.303	2027.93
3.304	1955.1
3.305	1894.35
3.306	1845.03
3.307	1806.43
3.308	1777.78
3.309	1758.29
3.31	1747.14
3.311	1743.54
3.312	1746.69
3.313	1755.79
3.314	1770.08
3.315	1788.76
3.316	1811.05
3.317	1836.18
3.318	1863.34
3.319	1891.77
3.32	1920.69
3.321	1949.37
3.322	1977.1
3.323	2003.26
3.324	2027.31
3.325	2048.83
3.326	2067.5
3.327	2083.2
3.328	2095.96
3.329	2105.98
3.33	2113.68
3.331	2119.63
3.332	2124.62
3.333	2129.57
3.334	2135.55
3.335	2143.73
3.336	2155.34
3.337	2171.6
3.338	2193.71
3.339	2222.75
3.34	2259.64
3.341	2305.08
3.342	2359.49
3.343	2422.98
3.344	2495.29
3.345	2575.79
3.346	2663.45
3.347	2756.85
3.348	2854.2
3.349	2953.41
3.35	3052.09
3.351	3147.66
3.352	3237.4
3.353	3318.6
3.354	3388.56
3.355	3444.79
3.356	3485.03
3.357	3507.38
3.358	3510.34
3.359	3492.89
3.36	3454.55
3.361	3395.37
3.362	3315.94
3.363	3217.37
3.364	3101.26
3.365	2969.63
3.366	2824.82
3.367	2669.47
3.368	2506.36
3.369	2338.36
3.37	2168.3
3.371	1998.92
3.372	1832.76
3.373	1672.11
3.374	1518.95
3.375	1374.94
3.376	1241.36
3.377	1119.13
3.378	1008.83
3.379	910.701
3.38	824.691
3.381	750.505
3.382	687.64
3.383	635.444
3.384	593.164
3.385	559.997
3.386	535.14
3.387	517.825
3.388	507.356
3.389	503.14
3.39	504.704
3.391	511.706
3.392	523.945
3.393	541.351
3.394	563.98
3.395	591.999
3.396	625.655
3.397	665.261
3.398	711.152
3.399	763.663
3.4	823.083
3.401	889.627
3.402	963.396
3.403	1044.35
3.404	1132.26
3.405	1226.72
3.406	1327.1
3.407	1432.54
3.408	1541.97
3.409	1654.1
3.41	1767.47
3.411	1880.46
3.412	1991.31
3.413	2098.25
3.414	2199.49
3.415	2293.28
3.416	2378.06
3.417	2452.41
3.418	2515.2
3.419	2565.61
3.42	2603.16
3.421	2627.78
3.422	2639.75
3.423	2639.79
3.424	2628.95
3.425	2608.64
3.426	2580.54
3.427	2546.53
3.428	2508.63
3.429	2468.93
3.43	2429.44
3.431	2392.08
3.432	2358.55
3.433	2330.26
3.434	2308.32
3.435	2293.44
3.436	2285.92
3.437	2285.67
3.438	2292.2
3.439	2304.65
3.44	2321.85
3.441	2342.39
3.442	2364.67
3.443	2387
3.444	2407.68
3.445	2425.09
3.446	2437.76
3.447	2444.46
3.448	2444.23
3.449	2436.47
3.45	2420.91
3.451	2397.68
3.452	2367.27
3.453	2330.52
3.454	2288.57
3.455	2242.82
3.456	2194.85
3.457	2146.4
3.458	2099.23
3.459	2055.1
3.46	2015.66
3.461	1982.43
3.462	1956.7
3.463	1939.52
3.464	1931.66
3.465	1933.54
3.466	1945.31
3.467	1966.76
3.468	1997.4
3.469	2036.44
3.47	2082.84
3.471	2135.34
3.472	2192.51
3.473	2252.76
3.474	2314.45
3.475	2375.86
3.476	2435.28
3.477	2491.06
3.478	2541.61
3.479	2585.47
3.48	2621.35
3.481	2648.13
3.482	2664.91
3.483	2671.02
3.484	2666.05
3.485	2649.84
3.486	2622.51
3.487	2584.43
3.488	2536.23
3.489	2478.79
3.49	2413.22
3.491	2340.81
3.492	2263.03
3.493	2181.46
3.494	2097.81
3.495	2013.81
3.496	1931.2
3.497	1851.7
3.498	1776.96
3.499	1708.47
3.5	1647.61
3.501	1595.55
3.502	1553.25
3.503	1521.41
3.504	1500.49
3.505	1490.65
3.506	1491.78
3.507	1503.48
3.508	1525.06
3.509	1555.58
3.51	1593.83
3.511	1638.38
3.512	1687.63
3.513	1739.81
3.514	1793.05
3.515	1845.43
3.516	1895.03
3.517	1939.98
3.518	1978.53
3.519	2009.11
3.52	2030.34
3.521	2041.14
3.522	2040.71
3.523	2028.59
3.524	2004.66
3.525	1969.18
3.526	1922.74
3.527	1866.28
3.528	1801.07
3.529	1728.64
3.53	1650.77
3.531	1569.44
3.532	1486.78
3.533	1405.02
3.534	1326.43
3.535	1253.3
3.536	1187.86
3.537	1132.26
3.538	1088.53
3.539	1058.54
3.54	1043.97
3.541	1046.29
3.542	1066.68
3.543	1106.09
3.544	1165.15
3.545	1244.14
3.546	1343.01
3.547	1461.32
3.548	1598.25
3.549	1752.58
3.55	1922.64
3.551	2106.41
3.552	2301.42
3.553	2504.89
3.554	2713.67
3.555	2924.38
3.556	3133.42
3.557	3337.09
3.558	3531.63
3.559	3713.4
3.56	3878.9
3.561	4024.92
3.562	4148.63
3.563	4247.64
3.564	4320.11
3.565	4364.78
3.566	4381.02
3.567	4368.83
3.568	4328.85
3.569	4262.28
3.57	4170.89
3.571	4056.91
3.572	3922.94
3.573	3771.87
3.574	3606.78
3.575	3430.83
3.576	3247.14
3.577	3058.74
3.578	2868.48
3.579	2678.95
3.58	2492.43
3.581	2310.88
3.582	2135.94
3.583	1968.86
3.584	1810.61
3.585	1661.83
3.586	1522.91
3.587	1393.99
3.588	1275.04
3.589	1165.91
3.59	1066.29
3.591	975.873
3.592	894.264
3.593	821.08
3.594	755.94
3.595	698.479
3.596	648.356
3.597	605.248
3.598	568.854
3.599	538.877
3.6	515.024
3.601	496.989
3.602	484.445
3.603	477.039
3.604	474.378
3.605	476.032
3.606	481.527
3.607	490.352
3.608	501.96
3.609	515.778
3.61	531.218
3.611	547.688
3.612	564.609
3.613	581.426
3.614	597.627
3.615	612.753
3.616	626.416
3.617	638.305
3.618	648.196
3.619	655.958
3.62	661.556
3.621	665.044
3.622	666.567
3.623	666.349
3.624	664.688
3.625	661.937
3.626	658.501
3.627	654.814
3.628	651.338
3.629	648.543
3.63	646.905
3.631	646.898
3.632	648.99
3.633	653.646
3.634	661.328
3.635	672.504
3.636	687.651
3.637	707.268
3.638	731.878
3.639	762.042
3.64	798.358
3.641	841.466
3.642	892.044
3.643	950.801
3.644	1018.46
3.645	1095.76
3.646	1183.39
3.647	1282.01
3.648	1392.18
3.649	1514.34
3.65	1648.77
3.651	1795.56
3.652	1954.56
3.653	2125.34
3.654	2307.21
3.655	2499.14
3.656	2699.79
3.657	2907.51
3.658	3120.31
3.659	3335.93
3.66	3551.87
3.661	3765.41
3.662	3973.67
3.663	4173.71
3.664	4362.55
3.665	4537.3
3.666	4695.18
3.667	4833.65
3.668	4950.44
3.669	5043.63
3.67	5111.73
3.671	5153.68
3.672	5168.89
3.673	5157.29
3.674	5119.3
3.675	5055.81
3.676	4968.16
3.677	4858.13
3.678	4727.83
3.679	4579.69
3.68	4416.35
3.681	4240.62
3.682	4055.4
3.683	3863.61
3.684	3668.1
3.685	3471.63
3.686	3276.78
3.687	3085.93
3.688	2901.19
3.689	2724.43
3.69	2557.21
3.691	2400.77
3.692	2256.09
3.693	2123.85
3.694	2004.42
3.695	1897.95
3.696	1804.34
3.697	1723.28
3.698	1654.27
3.699	1596.67
3.7	1549.7
3.701	1512.46
3.702	1484
3.703	1463.29
3.704	1449.26
3.705	1440.83
3.706	1436.92
3.707	1436.44
3.708	1438.33
3.709	1441.57
3.71	1445.19
3.711	1448.25
3.712	1449.91
3.713	1449.37
3.714	1445.94
3.715	1439.02
3.716	1428.1
3.717	1412.8
3.718	1392.84
3.719	1368.07
3.72	1338.47
3.721	1304.15
3.722	1265.33
3.723	1222.38
3.724	1175.75
3.725	1126.03
3.726	1073.88
3.727	1020.06
3.728	965.375
3.729	910.694
3.73	856.906
3.731	804.912
3.732	755.608
3.733	709.862
3.734	668.501
3.735	632.292
3.736	601.93
3.737	578.026
3.738	561.091
3.739	551.532
3.74	549.638
3.741	555.578
3.742	569.394
3.743	590.994
3.744	620.158
3.745	656.529
3.746	699.62
3.747	748.819
3.748	803.389
3.749	862.487
3.75	925.168
3.751	990.403
3.752	1057.1
3.753	1124.12
3.754	1190.29
3.755	1254.48
3.756	1315.54
3.757	1372.42
3.758	1424.13
3.759	1469.82
3.76	1508.74
3.761	1540.34
3.762	1564.23
3.763	1580.21
3.764	1588.28
3.765	1588.66
3.766	1581.74
3.767	1568.13
3.768	1548.59
3.769	1524.05
3.77	1495.55
3.771	1464.24
3.772	1431.33
3.773	1398.05
3.774	1365.64
3.775	1335.27
3.776	1308.06
3.777	1284.98
3.778	1266.91
3.779	1254.53
3.78	1248.38
3.781	1248.78
3.782	1255.9
3.783	1269.7
3.784	1289.96
3.785	1316.34
3.786	1348.34
3.787	1385.35
3.788	1426.7
3.789	1471.66
3.79	1519.52
3.791	1569.55
3.792	1621.11
3.793	1673.62
3.794	1726.59
3.795	1779.66
3.796	1832.6
3.797	1885.28
3.798	1937.7
3.799	1989.98
3.8	2042.31
3.801	2094.97
3.802	2148.26
3.803	2202.52
3.804	2258.06
3.805	2315.16
3.806	2374.03
3.807	2434.8
3.808	2497.5
3.809	2562.04
3.81	2628.23
3.811	2695.75
3.812	2764.21
3.813	2833.08
3.814	2901.8
3.815	2969.73
3.816	3036.22
3.817	3100.59
3.818	3162.18
3.819	3220.4
3.82	3274.68
3.821	3324.53
3.822	3369.55
3.823	3409.41
3.824	3443.87
3.825	3472.78
3.826	3496.06
3.827	3513.7
3.828	3525.75
3.829	3532.28
3.83	3533.4
3.831	3529.24
3.832	3519.93
3.833	3505.58
3.834	3486.32
3.835	3462.24
3.836	3433.42
3.837	3399.94
3.838	3361.85
3.839	3319.21
3.84	3272.09
3.841	3220.55
3.842	3164.68
3.843	3104.6
3.844	3040.44
3.845	2972.37
3.846	2900.61
3.847	2825.38
3.848	2746.98
3.849	2665.7
3.85	2581.9
3.851	2495.94
3.852	2408.22
3.853	2319.17
3.854	2229.22
3.855	2138.84
3.856	2048.51
3.857	1958.71
3.858	1869.95
3.859	1782.75
3.86	1697.62
3.861	1615.1
3.862	1535.69
3.863	1459.92
3.864	1388.3
3.865	1321.31
3.866	1259.41
3.867	1203.02
3.868	1152.52
3.869	1108.24
3.87	1070.43
3.871	1039.29
3.872	1014.92
3.873	997.361
3.874	986.536
3.875	982.295
3.876	984.391
3.877	992.492
3.878	1006.18
3.879	1024.96
3.88	1048.29
3.881	1075.56
3.882	1106.12
3.883	1139.33
3.884	1174.52
3.885	1211.09
3.886	1248.43
3.887	1286.03
3.888	1323.45
3.889	1360.35
3.89	1396.52
3.891	1431.85
3.892	1466.37
3.893	1500.24
3.894	1533.75
3.895	1567.3
3.896	1601.39
3.897	1636.6
3.898	1673.55
3.899	1712.91
3.9	1755.3
3.901	1801.34
3.902	1851.52
3.903	1906.27
3.904	1965.82
3.905	2030.28
3.906	2099.54
3.907	2173.3
3.908	2251.05
3.909	2332.06
3.91	2415.44
3.911	2500.1
3.912	2584.82
3.913	2668.29
3.914	2749.11
3.915	2825.87
3.916	2897.21
3.917	2961.83
3.918	3018.56
3.919	3066.39
3.92	3104.52
3.921	3132.38
3.922	3149.66
3.923	3156.28
3.924	3152.44
3.925	3138.58
3.926	3115.37
3.927	3083.66
3.928	3044.49
3.929	2998.99
3.93	2948.39
3.931	2893.92
3.932	2836.81
3.933	2778.23
3.934	2719.26
3.935	2660.83
3.936	2603.73
3.937	2548.6
3.938	2495.86
3.939	2445.8
3.94	2398.5
3.941	2353.92
3.942	2311.87
3.943	2272.05
3.944	2234.11
3.945	2197.61
3.946	2162.12
3.947	2127.21
3.948	2092.47
3.949	2057.58
3.95	2022.25
3.951	1986.31
3.952	1949.65
3.953	1912.26
3.954	1874.24
3.955	1835.75
3.956	1797.03
3.957	1758.36
3.958	1720.09
3.959	1682.59
3.96	1646.22
3.961	1611.38
3.962	1578.43
3.963	1547.72
3.964	1519.55
3.965	1494.22
3.966	1471.96
3.967	1453
3.968	1437.5
3.969	1425.63
3.97	1417.51
3.971	1413.25
3.972	1412.95
3.973	1416.69
3.974	1424.56
3.975	1436.63
3.976	1452.99
3.977	1473.69
3.978	1498.8
3.979	1528.37
3.98	1562.42
3.981	1600.95
3.982	1643.93
3.983	1691.29
3.984	1742.93
3.985	1798.69
3.986	1858.38
3.987	1921.76
3.988	1988.56
3.989	2058.47
3.99	2131.14
3.991	2206.22
3.992	2283.35
3.993	2362.15
3.994	2442.28
3.995	2523.37
3.996	2605.1
3.997	2687.16
3.998	2769.23
3.999	2851.04
4	2932.32
4.001	3012.77
4.002	3092.12
4.003	3170.04
4.004	3246.2
4.005	3320.21
4.006	3391.65
4.007	3460.04
4.008	3524.85
4.009	3585.54
4.01	3641.5
4.011	3692.13
4.012	3736.83
4.013	3775.03
4.014	3806.21
4.015	3829.91
4.016	3845.81
4.017	3853.68
4.018	3853.45
4.019	3845.21
4.02	3829.21
4.021	3805.86
4.022	3775.75
4.023	3739.61
4.024	3698.28
4.025	3652.72
4.026	3603.94
4.027	3553.01
4.028	3500.98
4.029	3448.85
4.03	3397.56
4.031	3347.96
4.032	3300.75
4.033	3256.5
4.034	3215.6
4.035	3178.31
4.036	3144.71
4.037	3114.75
4.038	3088.23
4.039	3064.87
4.04	3044.31
4.041	3026.14
4.042	3009.91
4.043	2995.19
4.044	2981.59
4.045	2968.75
4.046	2956.38
4.047	2944.26
4.048	2932.23
4.049	2920.19
4.05	2908.11
4.051	2895.98
4.052	2883.82
4.053	2871.62
4.054	2859.38
4.055	2847.04
4.056	2834.48
4.057	2821.5
4.058	2807.83
4.059	2793.12
4.06	2776.93
4.061	2758.78
4.062	2738.1
4.063	2714.33
4.064	2686.88
4.065	2655.2
4.066	2618.78
4.067	2577.18
4.068	2530.07
4.069	2477.26
4.07	2418.66
4.071	2354.38
4.072	2284.64
4.073	2209.86
4.074	2130.57
4.075	2047.47
4.076	1961.36
4.077	1873.13
4.078	1783.77
4.079	1694.29
4.08	1605.73
4.081	1519.11
4.082	1435.42
4.083	1355.57
4.084	1280.41
4.085	1210.67
4.086	1146.96
4.087	1089.77
4.088	1039.45
4.089	996.214
4.09	960.157
4.091	931.231
4.092	909.277
4.093	894.033
4.094	885.143
4.095	882.181
4.096	884.662
4.097	892.063
4.098	903.836
4.099	919.428
4.1	938.291
4.101	959.901
4.102	983.76
4.103	1009.41
4.104	1036.43
4.105	1064.46
4.106	1093.17
4.107	1122.26
4.108	1151.49
4.109	1180.64
4.11	1209.51
4.111	1237.92
4.112	1265.68
4.113	1292.64
4.114	1318.59
4.115	1343.35
4.116	1366.72
4.117	1388.48
4.118	1408.39
4.119	1426.24
4.12	1441.8
4.121	1454.85
4.122	1465.19
4.123	1472.67
4.124	1477.17
4.125	1478.61
4.126	1477
4.127	1472.39
4.128	1464.94
4.129	1454.84
4.13	1442.38
4.131	1427.94
4.132	1411.92
4.133	1394.81
4.134	1377.13
4.135	1359.43
4.136	1342.27
4.137	1326.21
4.138	1311.78
4.139	1299.47
4.14	1289.72
4.141	1282.88
4.142	1279.24
4.143	1278.96
4.144	1282.13
4.145	1288.69
4.146	1298.5
4.147	1311.29
4.148	1326.69
4.149	1344.21
4.15	1363.32
4.151	1383.36
4.152	1403.65
4.153	1423.46
4.154	1442.04
4.155	1458.63
4.156	1472.51
4.157	1482.99
4.158	1489.42
4.159	1491.25
4.16	1488.02
4.161	1479.37
4.162	1465.03
4.163	1444.89
4.164	1418.92
4.165	1387.24
4.166	1350.07
4.167	1307.76
4.168	1260.73
4.169	1209.51
4.17	1154.69
4.171	1096.93
4.172	1036.92
4.173	975.376
4.174	913.023
4.175	850.573
4.176	788.717
4.177	728.111
4.178	669.363
4.179	613.024
4.18	559.586
4.181	509.475
4.182	463.048
4.183	420.6
4.184	382.357
4.185	348.491
4.186	319.119
4.187	294.31
4.188	274.097
4.189	258.487
4.19	247.463
4.191	241.001
4.192	239.08
4.193	241.687
4.194	248.833
4.195	260.557
4.196	276.942
4.197	298.119
4.198	324.278
4.199	355.672
4.2	392.629
4.201	435.549
4.202	484.911
4.203	541.272
4.204	605.263
4.205	677.583
4.206	758.99
4.207	850.285
4.208	952.298
4.209	1065.86
4.21	1191.79
4.211	1330.83
4.212	1483.68
4.213	1650.88
4.214	1832.84
4.215	2029.78
4.216	2241.67
4.217	2468.24
4.218	2708.93
4.219	2962.87
4.22	3228.85
4.221	3505.35
4.222	3790.48
4.223	4082.06
4.224	4377.6
4.225	4674.33
4.226	4969.25
4.227	5259.18
4.228	5540.84
4.229	5810.85
4.23	6065.88
4.231	6302.65
4.232	6518.04
4.233	6709.16
4.234	6873.39
4.235	7008.48
4.236	7112.55
4.237	7184.18
4.238	7222.41
4.239	7226.8
4.24	7197.39
4.241	7134.73
4.242	7039.88
4.243	6914.35
4.244	6760.08
4.245	6579.41
4.246	6374.99
4.247	6149.78
4.248	5906.93
4.249	5649.76
4.25	5381.66
4.251	5106.03
4.252	4826.23
4.253	4545.52
4.254	4266.97
4.255	3993.46
4.256	3727.59
4.257	3471.69
4.258	3227.73
4.259	2997.38
4.26	2781.96
4.261	2582.41
4.262	2399.35
4.263	2233.09
4.264	2083.61
4.265	1950.64
4.266	1833.65
4.267	1731.91
4.268	1644.54
4.269	1570.54
4.27	1508.82
4.271	1458.26
4.272	1417.72
4.273	1386.13
4.274	1362.45
4.275	1345.74
4.276	1335.19
4.277	1330.09
4.278	1329.85
4.279	1334.04
4.28	1342.33
4.281	1354.51
4.282	1370.47
4.283	1390.16
4.284	1413.62
4.285	1440.88
4.286	1472
4.287	1507.01
4.288	1545.92
4.289	1588.66
4.29	1635.07
4.291	1684.94
4.292	1737.93
4.293	1793.62
4.294	1851.51
4.295	1910.98
4.296	1971.38
4.297	2031.99
4.298	2092.06
4.299	2150.82
4.3	2207.55
4.301	2261.53
4.302	2312.12
4.303	2358.76
4.304	2400.99
4.305	2438.46
4.306	2470.93
4.307	2498.31
4.308	2520.61
4.309	2537.96
4.31	2550.61
4.311	2558.9
4.312	2563.25
4.313	2564.14
4.314	2562.1
4.315	2557.67
4.316	2551.4
4.317	2543.82
4.318	2535.45
4.319	2526.76
4.32	2518.14
4.321	2509.96
4.322	2502.52
4.323	2496.03
4.324	2490.67
4.325	2486.53
4.326	2483.68
4.327	2482.11
4.328	2481.79
4.329	2482.66
4.33	2484.61
4.331	2487.53
4.332	2491.3
4.333	2495.78
4.334	2500.86
4.335	2506.4
4.336	2512.3
4.337	2518.46
4.338	2524.8
4.339	2531.28
4.34	2537.88
4.341	2544.64
4.342	2551.62
4.343	2558.94
4.344	2566.79
4.345	2575.42
4.346	2585.13
4.347	2596.31
4.348	2609.44
4.349	2625.04
4.35	2643.72
4.351	2666.17
4.352	2693.09
4.353	2725.27
4.354	2763.49
4.355	2808.54
4.356	2861.2
4.357	2922.17
4.358	2992.11
4.359	3071.53
4.36	3160.82
4.361	3260.21
4.362	3369.71
4.363	3489.15
4.364	3618.08
4.365	3755.85
4.366	3901.52
4.367	4053.94
4.368	4211.72
4.369	4373.26
4.37	4536.78
4.371	4700.37
4.372	4862.02
4.373	5019.69
4.374	5171.35
4.375	5315.04
4.376	5448.91
4.377	5571.33
4.378	5680.87
4.379	5776.36
4.38	5856.98
4.381	5922.19
4.382	5971.82
4.383	6006.01
4.384	6025.24
4.385	6030.26
4.386	6022.11
4.387	6002
4.388	5971.32
4.389	5931.55
4.39	5884.19
4.391	5830.71
4.392	5772.5
4.393	5710.81
4.394	5646.68
4.395	5580.96
4.396	5514.24
4.397	5446.85
4.398	5378.89
4.399	5310.19
4.4	5240.41
4.401	5169.02
4.402	5095.34
4.403	5018.63
4.404	4938.12
4.405	4853.06
4.406	4762.77
4.407	4666.67
4.408	4564.36
4.409	4455.61
4.41	4340.39
4.411	4218.88
4.412	4091.48
4.413	3958.79
4.414	3821.59
4.415	3680.81
4.416	3537.55
4.417	3392.95
4.418	3248.26
4.419	3104.73
4.42	2963.61
4.421	2826.1
4.422	2693.36
4.423	2566.46
4.424	2446.37
4.425	2333.97
4.426	2230.01
4.427	2135.17
4.428	2050.04
4.429	1975.09
4.43	1910.78
4.431	1857.5
4.432	1815.59
4.433	1785.39
4.434	1767.26
4.435	1761.53
4.436	1768.56
4.437	1788.72
4.438	1822.42
4.439	1870.04
4.44	1931.98
4.441	2008.59
4.442	2100.2
4.443	2207.07
4.444	2329.34
4.445	2467.03
4.446	2620.02
4.447	2787.99
4.448	2970.38
4.449	3166.43
4.45	3375.09
4.451	3595.03
4.452	3824.66
4.453	4062.08
4.454	4305.12
4.455	4551.35
4.456	4798.12
4.457	5042.58
4.458	5281.73
4.459	5512.5
4.46	5731.78
4.461	5936.51
4.462	6123.74
4.463	6290.7
4.464	6434.89
4.465	6554.15
4.466	6646.67
4.467	6711.11
4.468	6746.6
4.469	6752.77
4.47	6729.77
4.471	6678.3
4.472	6599.52
4.473	6495.08
4.474	6367.05
4.475	6217.86
4.476	6050.26
4.477	5867.18
4.478	5671.71
4.479	5466.99
4.48	5256.14
4.481	5042.15
4.482	4827.85
4.483	4615.8
4.484	4408.29
4.485	4207.27
4.486	4014.32
4.487	3830.65
4.488	3657.11
4.489	3494.16
4.49	3341.97
4.491	3200.39
4.492	3069.01
4.493	2947.23
4.494	2834.29
4.495	2729.33
4.496	2631.42
4.497	2539.67
4.498	2453.17
4.499	2371.15
4.5	2292.9
4.501	2217.86
4.502	2145.61
4.503	2075.85
4.504	2008.46
4.505	1943.44
4.506	1880.91
4.507	1821.07
4.508	1764.25
4.509	1710.79
4.51	1661.08
4.511	1615.52
4.512	1574.5
4.513	1538.34
4.514	1507.36
4.515	1481.78
4.516	1461.77
4.517	1447.39
4.518	1438.66
4.519	1435.5
4.52	1437.76
4.521	1445.24
4.522	1457.66
4.523	1474.73
4.524	1496.12
4.525	1521.49
4.526	1550.47
4.527	1582.73
4.528	1617.94
4.529	1655.82
4.53	1696.1
4.531	1738.57
4.532	1783.05
4.533	1829.41
4.534	1877.57
4.535	1927.5
4.536	1979.2
4.537	2032.7
4.538	2088.07
4.539	2145.41
4.54	2204.83
4.541	2266.42
4.542	2330.3
4.543	2396.57
4.544	2465.29
4.545	2536.5
4.546	2610.2
4.547	2686.33
4.548	2764.77
4.549	2845.35
4.55	2927.8
4.551	3011.8
4.552	3096.93
4.553	3182.69
4.554	3268.52
4.555	3353.78
4.556	3437.74
4.557	3519.64
4.558	3598.66
4.559	3673.96
4.56	3744.68
4.561	3809.94
4.562	3868.92
4.563	3920.81
4.564	3964.86
4.565	4000.38
4.566	4026.81
4.567	4043.65
4.568	4050.53
4.569	4047.21
4.57	4033.57
4.571	4009.62
4.572	3975.49
4.573	3931.45
4.574	3877.88
4.575	3815.26
4.576	3744.16
4.577	3665.25
4.578	3579.24
4.579	3486.89
4.58	3389.03
4.581	3286.46
4.582	3180.02
4.583	3070.53
4.584	2958.81
4.585	2845.63
4.586	2731.75
4.587	2617.9
4.588	2504.75
4.589	2392.96
4.59	2283.15
4.591	2175.88
4.592	2071.71
4.593	1971.15
4.594	1874.7
4.595	1782.83
4.596	1695.98
4.597	1614.61
4.598	1539.12
4.599	1469.93
4.6	1407.44
4.601	1352.02
4.602	1304.04
4.603	1263.87
4.604	1231.83
4.605	1208.23
4.606	1193.36
4.607	1187.47
4.608	1190.77
4.609	1203.44
4.61	1225.58
4.611	1257.27
4.612	1298.48
4.613	1349.13
4.614	1409.03
4.615	1477.93
4.616	1555.45
4.617	1641.1
4.618	1734.28
4.619	1834.29
4.62	1940.28
4.621	2051.29
4.622	2166.26
4.623	2284.02
4.624	2403.29
4.625	2522.73
4.626	2640.93
4.627	2756.45
4.628	2867.83
4.629	2973.63
4.63	3072.45
4.631	3162.95
4.632	3243.92
4.633	3314.26
4.634	3373.01
4.635	3419.4
4.636	3452.85
4.637	3473.01
4.638	3479.69
4.639	3472.98
4.64	3453.13
4.641	3420.63
4.642	3376.15
4.643	3320.53
4.644	3254.76
4.645	3179.95
4.646	3097.3
4.647	3008.08
4.648	2913.58
4.649	2815.1
4.65	2713.91
4.651	2611.21
4.652	2508.15
4.653	2405.76
4.654	2304.97
4.655	2206.59
4.656	2111.3
4.657	2019.65
4.658	1932.08
4.659	1848.9
4.66	1770.31
4.661	1696.43
4.662	1627.31
4.663	1562.92
4.664	1503.22
4.665	1448.13
4.666	1397.56
4.667	1351.44
4.668	1309.73
4.669	1272.43
4.67	1239.57
4.671	1211.25
4.672	1187.61
4.673	1168.86
4.674	1155.25
4.675	1147.08
4.676	1144.67
4.677	1148.39
4.678	1158.59
4.679	1175.62
4.68	1199.8
4.681	1231.41
4.682	1270.66
4.683	1317.69
4.684	1372.53
4.685	1435.11
4.686	1505.22
4.687	1582.54
4.688	1666.61
4.689	1756.82
4.69	1852.43
4.691	1952.59
4.692	2056.31
4.693	2162.53
4.694	2270.1
4.695	2377.84
4.696	2484.54
4.697	2589.03
4.698	2690.17
4.699	2786.94
4.7	2878.44
4.701	2963.94
4.702	3042.9
4.703	3115.04
4.704	3180.32
4.705	3238.99
4.706	3291.56
4.707	3338.88
4.708	3382.05
4.709	3422.43
4.71	3461.65
4.711	3501.54
4.712	3544.06
4.713	3591.31
4.714	3645.41
4.715	3708.48
4.716	3782.53
4.717	3869.42
4.718	3970.79
4.719	4087.97
4.72	4221.95
4.721	4373.32
4.722	4542.22
4.723	4728.31
4.724	4930.78
4.725	5148.34
4.726	5379.19
4.727	5621.13
4.728	5871.51
4.729	6127.37
4.73	6385.44
4.731	6642.24
4.732	6894.17
4.733	7137.6
4.734	7368.9
4.735	7584.61
4.736	7781.45
4.737	7956.46
4.738	8107
4.739	8230.85
4.74	8326.26
4.741	8391.95
4.742	8427.18
4.743	8431.7
4.744	8405.78
4.745	8350.2
4.746	8266.19
4.747	8155.42
4.748	8019.96
4.749	7862.18
4.75	7684.77
4.751	7490.6
4.752	7282.74
4.753	7064.32
4.754	6838.53
4.755	6608.54
4.756	6377.45
4.757	6148.25
4.758	5923.74
4.759	5706.54
4.76	5499.05
4.761	5303.39
4.762	5121.4
4.763	4954.63
4.764	4804.35
4.765	4671.49
4.766	4556.7
4.767	4460.33
4.768	4382.45
4.769	4322.85
4.77	4281.08
4.771	4256.46
4.772	4248.12
4.773	4254.99
4.774	4275.87
4.775	4309.42
4.776	4354.2
4.777	4408.72
4.778	4471.42
4.779	4540.71
4.78	4615.01
4.781	4692.74
4.782	4772.35
4.783	4852.35
4.784	4931.28
4.785	5007.75
4.786	5080.46
4.787	5148.17
4.788	5209.75
4.789	5264.16
4.79	5310.47
4.791	5347.84
4.792	5375.59
4.793	5393.12
4.794	5400.02
4.795	5396
4.796	5380.93
4.797	5354.85
4.798	5317.97
4.799	5270.7
4.8	5213.62
4.801	5147.51
4.802	5073.33
4.803	4992.25
4.804	4905.59
4.805	4814.85
4.806	4721.68
4.807	4627.85
4.808	4535.24
4.809	4445.79
4.81	4361.49
4.811	4284.32
4.812	4216.24
4.813	4159.11
4.814	4114.69
4.815	4084.57
4.816	4070.18
4.817	4072.66
4.818	4092.94
4.819	4131.62
4.82	4189.02
4.821	4265.1
4.822	4359.5
4.823	4471.5
4.824	4600.04
4.825	4743.75
4.826	4900.91
4.827	5069.56
4.828	5247.44
4.829	5432.1
4.83	5620.92
4.831	5811.12
4.832	5999.87
4.833	6184.31
4.834	6361.6
4.835	6528.98
4.836	6683.82
4.837	6823.66
4.838	6946.28
4.839	7049.7
4.84	7132.23
4.841	7192.5
4.842	7229.48
4.843	7242.47
4.844	7231.13
4.845	7195.45
4.846	7135.76
4.847	7052.7
4.848	6947.22
4.849	6820.51
4.85	6674
4.851	6509.34
4.852	6328.33
4.853	6132.89
4.854	5925.07
4.855	5706.94
4.856	5480.62
4.857	5248.24
4.858	5011.88
4.859	4773.58
4.86	4535.3
4.861	4298.95
4.862	4066.29
4.863	3839.03
4.864	3618.73
4.865	3406.86
4.866	3204.77
4.867	3013.7
4.868	2834.8
4.869	2669.1
4.87	2517.55
4.871	2381.01
4.872	2260.24
4.873	2155.91
4.874	2068.64
4.875	1998.91
4.876	1947.16
4.877	1913.7
4.878	1898.73
4.879	1902.37
4.88	1924.56
4.881	1965.15
4.882	2023.81
4.883	2100.04
4.884	2193.18
4.885	2302.36
4.886	2426.56
4.887	2564.54
4.888	2714.86
4.889	2875.94
4.89	3046.01
4.891	3223.16
4.892	3405.36
4.893	3590.51
4.894	3776.44
4.895	3961
4.896	4142.06
4.897	4317.59
4.898	4485.68
4.899	4644.61
4.9	4792.87
4.901	4929.23
4.902	5052.73
4.903	5162.76
4.904	5259.01
4.905	5341.53
4.906	5410.72
4.907	5467.3
4.908	5512.29
4.909	5546.99
4.91	5572.95
4.911	5591.89
4.912	5605.7
4.913	5616.34
4.914	5625.82
4.915	5636.12
4.916	5649.17
4.917	5666.75
4.918	5690.52
4.919	5721.93
4.92	5762.21
4.921	5812.37
4.922	5873.12
4.923	5944.98
4.924	6028.16
4.925	6122.67
4.926	6228.27
4.927	6344.53
4.928	6470.81
4.929	6606.33
4.93	6750.18
4.931	6901.32
4.932	7058.65
4.933	7220.97
4.934	7387.06
4.935	7555.63
4.936	7725.4
4.937	7895.05
4.938	8063.24
4.939	8228.62
4.94	8389.81
4.941	8545.44
4.942	8694.08
4.943	8834.31
4.944	8964.65
4.945	9083.64
4.946	9189.79
4.947	9281.6
4.948	9357.61
4.949	9416.38
4.95	9456.55
4.951	9476.86
4.952	9476.18
4.953	9453.53
4.954	9408.16
4.955	9339.58
4.956	9247.54
4.957	9132.15
4.958	8993.83
4.959	8833.37
4.96	8651.93
4.961	8451.03
4.962	8232.55
4.963	7998.71
4.964	7752.02
4.965	7495.25
4.966	7231.4
4.967	6963.56
4.968	6694.95
4.969	6428.77
4.97	6168.14
4.971	5916.06
4.972	5675.33
4.973	5448.43
4.974	5237.57
4.975	5044.55
4.976	4870.76
4.977	4717.15
4.978	4584.22
4.979	4472.02
4.98	4380.15
4.981	4307.81
4.982	4253.79
4.983	4216.54
4.984	4194.23
4.985	4184.78
4.986	4185.95
4.987	4195.37
4.988	4210.63
4.989	4229.35
4.99	4249.2
4.991	4268
4.992	4283.77
4.993	4294.74
4.994	4299.42
4.995	4296.64
4.996	4285.52
4.997	4265.56
4.998	4236.56
4.999	4198.7
5	4152.47
5.001	4098.67
5.002	4038.42
5.003	3973.05
5.004	3904.17
5.005	3833.54
5.006	3763.07
5.007	3694.8
5.008	3630.78
5.009	3573.12
5.01	3523.87
5.011	3485
5.012	3458.37
5.013	3445.68
5.014	3448.4
5.015	3467.8
5.016	3504.84
5.017	3560.2
5.018	3634.22
5.019	3726.89
5.02	3837.85
5.021	3966.35
5.022	4111.27
5.023	4271.13
5.024	4444.08
5.025	4627.97
5.026	4820.31
5.027	5018.4
5.028	5219.29
5.029	5419.9
5.03	5617.07
5.031	5807.61
5.032	5988.37
5.033	6156.34
5.034	6308.7
5.035	6442.89
5.036	6556.68
5.037	6648.21
5.038	6716.04
5.039	6759.18
5.04	6777.13
5.041	6769.84
5.042	6737.74
5.043	6681.71
5.044	6603.04
5.045	6503.37
5.046	6384.67
5.047	6249.16
5.048	6099.24
5.049	5937.41
5.05	5766.25
5.051	5588.31
5.052	5406.06
5.053	5221.86
5.054	5037.88
5.055	4856.11
5.056	4678.27
5.057	4505.86
5.058	4340.11
5.059	4181.97
5.06	4032.17
5.061	3891.18
5.062	3759.23
5.063	3636.39
5.064	3522.51
5.065	3417.29
5.066	3320.33
5.067	3231.07
5.068	3148.92
5.069	3073.19
5.07	3003.16
5.071	2938.08
5.072	2877.2
5.073	2819.76
5.074	2765.03
5.075	2712.31
5.076	2660.94
5.077	2610.3
5.078	2559.83
5.079	2509.05
5.08	2457.55
5.081	2404.98
5.082	2351.08
5.083	2295.68
5.084	2238.69
5.085	2180.11
5.086	2120
5.087	2058.52
5.088	1995.89
5.089	1932.39
5.09	1868.35
5.091	1804.15
5.092	1740.2
5.093	1676.92
5.094	1614.72
5.095	1554.03
5.096	1495.23
5.097	1438.69
5.098	1384.71
5.099	1333.55
5.1	1285.42
5.101	1240.46
5.102	1198.73
5.103	1160.24
5.104	1124.94
5.105	1092.72
5.106	1063.41
5.107	1036.82
5.108	1012.71
5.109	990.835
5.11	970.946
5.111	952.795
5.112	936.157
5.113	920.837
5.114	906.687
5.115	893.61
5.116	881.569
5.117	870.6
5.118	860.808
5.119	852.377
5.12	845.569
5.121	840.722
5.122	838.247
5.123	838.626
5.124	842.403
5.125	850.173
5.126	862.577
5.127	880.283
5.128	903.978
5.129	934.345
5.13	972.051
5.131	1017.73
5.132	1071.94
5.133	1135.18
5.134	1207.84
5.135	1290.19
5.136	1382.35
5.137	1484.28
5.138	1595.76
5.139	1716.36
5.14	1845.47
5.141	1982.23
5.142	2125.62
5.143	2274.35
5.144	2426.97
5.145	2581.85
5.146	2737.19
5.147	2891.08
5.148	3041.51
5.149	3186.44
5.15	3323.82
5.151	3451.64
5.152	3568
5.153	3671.12
5.154	3759.42
5.155	3831.55
5.156	3886.41
5.157	3923.17
5.158	3941.36
5.159	3940.77
5.16	3921.56
5.161	3884.18
5.162	3829.38
5.163	3758.21
5.164	3671.95
5.165	3572.1
5.166	3460.33
5.167	3338.45
5.168	3208.36
5.169	3072.02
5.17	2931.38
5.171	2788.36
5.172	2644.85
5.173	2502.6
5.174	2363.29
5.175	2228.45
5.176	2099.47
5.177	1977.59
5.178	1863.89
5.179	1759.31
5.18	1664.64
5.181	1580.52
5.182	1507.48
5.183	1445.91
5.184	1396.09
5.185	1358.21
5.186	1332.37
5.187	1318.58
5.188	1316.76
5.189	1326.78
5.19	1348.4
5.191	1381.35
5.192	1425.28
5.193	1479.74
5.194	1544.24
5.195	1618.21
5.196	1700.98
5.197	1791.82
5.198	1889.93
5.199	1994.42
5.2	2104.34
5.201	2218.66
5.202	2336.32
5.203	2456.18
5.204	2577.1
5.205	2697.92
5.206	2817.5
5.207	2934.7
5.208	3048.49
5.209	3157.87
5.21	3262
5.211	3360.16
5.212	3451.81
5.213	3536.58
5.214	3614.35
5.215	3685.19
5.216	3749.45
5.217	3807.7
5.218	3860.76
5.219	3909.68
5.22	3955.72
5.221	4000.31
5.222	4045.04
5.223	4091.58
5.224	4141.62
5.225	4196.87
5.226	4258.95
5.227	4329.3
5.228	4409.19
5.229	4499.62
5.23	4601.26
5.231	4714.39
5.232	4838.94
5.233	4974.38
5.234	5119.75
5.235	5273.67
5.236	5434.38
5.237	5599.73
5.238	5767.27
5.239	5934.31
5.24	6097.97
5.241	6255.3
5.242	6403.37
5.243	6539.31
5.244	6660.47
5.245	6764.42
5.246	6849.12
5.247	6912.89
5.248	6954.52
5.249	6973.3
5.25	6968.98
5.251	6941.83
5.252	6892.61
5.253	6822.48
5.254	6733.05
5.255	6626.22
5.256	6504.18
5.257	6369.32
5.258	6224.12
5.259	6071.13
5.26	5912.86
5.261	5751.72
5.262	5589.99
5.263	5429.73
5.264	5272.79
5.265	5120.76
5.266	4974.97
5.267	4836.48
5.268	4706.12
5.269	4584.45
5.27	4471.85
5.271	4368.52
5.272	4274.5
5.273	4189.74
5.274	4114.1
5.275	4047.39
5.276	3989.41
5.277	3939.95
5.278	3898.83
5.279	3865.89
5.28	3841.01
5.281	3824.11
5.282	3815.12
5.283	3813.99
5.284	3820.69
5.285	3835.15
5.286	3857.29
5.287	3886.97
5.288	3923.97
5.289	3967.99
5.29	4018.63
5.291	4075.38
5.292	4137.6
5.293	4204.55
5.294	4275.34
5.295	4348.99
5.296	4424.43
5.297	4500.48
5.298	4575.93
5.299	4649.52
5.3	4719.99
5.301	4786.12
5.302	4846.73
5.303	4900.74
5.304	4947.19
5.305	4985.24
5.306	5014.26
5.307	5033.76
5.308	5043.47
5.309	5043.32
5.31	5033.43
5.311	5014.11
5.312	4985.85
5.313	4949.3
5.314	4905.22
5.315	4854.49
5.316	4798.06
5.317	4736.89
5.318	4671.97
5.319	4604.24
5.32	4534.59
5.321	4463.84
5.322	4392.68
5.323	4321.71
5.324	4251.38
5.325	4182.04
5.326	4113.89
5.327	4047.04
5.328	3981.49
5.329	3917.17
5.33	3853.94
5.331	3791.65
5.332	3730.12
5.333	3669.18
5.334	3608.7
5.335	3548.61
5.336	3488.9
5.337	3429.62
5.338	3370.91
5.339	3313
5.34	3256.19
5.341	3200.84
5.342	3147.36
5.343	3096.21
5.344	3047.86
5.345	3002.8
5.346	2961.46
5.347	2924.26
5.348	2891.55
5.349	2863.62
5.35	2840.66
5.351	2822.76
5.352	2809.92
5.353	2802.03
5.354	2798.87
5.355	2800.13
5.356	2805.42
5.357	2814.28
5.358	2826.15
5.359	2840.49
5.36	2856.67
5.361	2874.1
5.362	2892.17
5.363	2910.29
5.364	2927.94
5.365	2944.61
5.366	2959.88
5.367	2973.38
5.368	2984.81
5.369	2993.95
5.37	3000.64
5.371	3004.79
5.372	3006.36
5.373	3005.39
5.374	3001.92
5.375	2996.06
5.376	2987.92
5.377	2977.64
5.378	2965.36
5.379	2951.22
5.38	2935.35
5.381	2917.87
5.382	2898.9
5.383	2878.52
5.384	2856.83
5.385	2833.88
5.386	2809.72
5.387	2784.42
5.388	2758.01
5.389	2730.53
5.39	2702.03
5.391	2672.57
5.392	2642.22
5.393	2611.05
5.394	2579.16
5.395	2546.68
5.396	2513.75
5.397	2480.53
5.398	2447.21
5.399	2414
5.4	2381.14
5.401	2348.9
5.402	2317.56
5.403	2287.44
5.404	2258.88
5.405	2232.25
5.406	2207.96
5.407	2186.43
5.408	2168.12
5.409	2153.55
5.41	2143.25
5.411	2137.79
5.412	2137.8
5.413	2143.92
5.414	2156.87
5.415	2177.36
5.416	2206.16
5.417	2244.05
5.418	2291.82
5.419	2350.24
5.42	2420.06
5.421	2501.98
5.422	2596.63
5.423	2704.49
5.424	2825.94
5.425	2961.17
5.426	3110.16
5.427	3272.64
5.428	3448.09
5.429	3635.67
5.43	3834.25
5.431	4042.38
5.432	4258.26
5.433	4479.8
5.434	4704.62
5.435	4930.06
5.436	5153.25
5.437	5371.16
5.438	5580.65
5.439	5778.55
5.44	5961.72
5.441	6127.15
5.442	6272.03
5.443	6393.83
5.444	6490.34
5.445	6559.8
5.446	6600.88
5.447	6612.79
5.448	6595.25
5.449	6548.53
5.45	6473.47
5.451	6371.44
5.452	6244.28
5.453	6094.32
5.454	5924.29
5.455	5737.23
5.456	5536.48
5.457	5325.53
5.458	5108.02
5.459	4887.58
5.46	4667.83
5.461	4452.23
5.462	4244.09
5.463	4046.47
5.464	3862.12
5.465	3693.49
5.466	3542.65
5.467	3411.3
5.468	3300.73
5.469	3211.86
5.47	3145.2
5.471	3100.89
5.472	3078.7
5.473	3078.05
5.474	3098.04
5.475	3137.48
5.476	3194.92
5.477	3268.67
5.478	3356.83
5.479	3457.34
5.48	3567.98
5.481	3686.46
5.482	3810.37
5.483	3937.32
5.484	4064.85
5.485	4190.59
5.486	4312.2
5.487	4427.45
5.488	4534.22
5.489	4630.57
5.49	4714.74
5.491	4785.19
5.492	4840.6
5.493	4879.93
5.494	4902.38
5.495	4907.44
5.496	4894.89
5.497	4864.77
5.498	4817.4
5.499	4753.36
5.5	4673.47
5.501	4578.77
5.502	4470.48
5.503	4350
5.504	4218.86
5.505	4078.68
5.506	3931.13
5.507	3777.96
5.508	3620.88
5.509	3461.58
5.51	3301.72
5.511	3142.87
5.512	2986.5
5.513	2833.99
5.514	2686.6
5.515	2545.47
5.516	2411.63
5.517	2285.97
5.518	2169.28
5.519	2062.24
5.52	1965.45
5.521	1879.42
5.522	1804.55
5.523	1741.23
5.524	1689.75
5.525	1650.36
5.526	1623.28
5.527	1608.67
5.528	1606.63
5.529	1617.24
5.53	1640.51
5.531	1676.38
5.532	1724.73
5.533	1785.33
5.534	1857.89
5.535	1941.99
5.536	2037.08
5.537	2142.52
5.538	2257.5
5.539	2381.11
5.54	2512.28
5.541	2649.81
5.542	2792.38
5.543	2938.56
5.544	3086.8
5.545	3235.48
5.546	3382.92
5.547	3527.39
5.548	3667.16
5.549	3800.52
5.55	3925.78
5.551	4041.34
5.552	4145.72
5.553	4237.55
5.554	4315.63
5.555	4378.93
5.556	4426.63
5.557	4458.16
5.558	4473.14
5.559	4471.47
5.56	4453.28
5.561	4418.95
5.562	4369.11
5.563	4304.59
5.564	4226.45
5.565	4135.94
5.566	4034.44
5.567	3923.49
5.568	3804.7
5.569	3679.75
5.57	3550.35
5.571	3418.2
5.572	3284.94
5.573	3152.15
5.574	3021.28
5.575	2893.68
5.576	2770.52
5.577	2652.82
5.578	2541.43
5.579	2436.98
5.58	2339.95
5.581	2250.62
5.582	2169.11
5.583	2095.35
5.584	2029.17
5.585	1970.23
5.586	1918.09
5.587	1872.24
5.588	1832.1
5.589	1797.02
5.59	1766.35
5.591	1739.44
5.592	1715.65
5.593	1694.37
5.594	1675.05
5.595	1657.21
5.596	1640.44
5.597	1624.41
5.598	1608.91
5.599	1593.81
5.6	1579.1
5.601	1564.86
5.602	1551.29
5.603	1538.67
5.604	1527.4
5.605	1517.92
5.606	1510.8
5.607	1506.62
5.608	1506.04
5.609	1509.74
5.61	1518.39
5.611	1532.67
5.612	1553.24
5.613	1580.69
5.614	1615.54
5.615	1658.23
5.616	1709.07
5.617	1768.25
5.618	1835.8
5.619	1911.6
5.62	1995.34
5.621	2086.55
5.622	2184.57
5.623	2288.54
5.624	2397.46
5.625	2510.16
5.626	2625.31
5.627	2741.51
5.628	2857.25
5.629	2970.95
5.63	3081.06
5.631	3186.02
5.632	3284.34
5.633	3374.67
5.634	3455.75
5.635	3526.55
5.636	3586.23
5.637	3634.2
5.638	3670.1
5.639	3693.88
5.64	3705.73
5.641	3706.15
5.642	3695.87
5.643	3675.87
5.644	3647.34
5.645	3611.66
5.646	3570.34
5.647	3525
5.648	3477.32
5.649	3428.99
5.65	3381.69
5.651	3336.99
5.652	3296.41
5.653	3261.28
5.654	3232.82
5.655	3212.02
5.656	3199.71
5.657	3196.49
5.658	3202.77
5.659	3218.75
5.66	3244.45
5.661	3279.68
5.662	3324.11
5.663	3377.26
5.664	3438.49
5.665	3507.09
5.666	3582.21
5.667	3662.94
5.668	3748.3
5.669	3837.24
5.67	3928.68
5.671	4021.51
5.672	4114.57
5.673	4206.71
5.674	4296.75
5.675	4383.53
5.676	4465.91
5.677	4542.75
5.678	4612.98
5.679	4675.58
5.68	4729.59
5.681	4774.17
5.682	4808.58
5.683	4832.23
5.684	4844.66
5.685	4845.61
5.686	4834.97
5.687	4812.85
5.688	4779.56
5.689	4735.59
5.69	4681.65
5.691	4618.64
5.692	4547.63
5.693	4469.85
5.694	4386.67
5.695	4299.55
5.696	4210.05
5.697	4119.74
5.698	4030.22
5.699	3943.03
5.7	3859.66
5.701	3781.48
5.702	3709.7
5.703	3645.38
5.704	3589.34
5.705	3542.21
5.706	3504.34
5.707	3475.84
5.708	3456.53
5.709	3446.01
5.71	3443.58
5.711	3448.35
5.712	3459.18
5.713	3474.78
5.714	3493.71
5.715	3514.41
5.716	3535.3
5.717	3554.75
5.718	3571.21
5.719	3583.2
5.72	3589.39
5.721	3588.6
5.722	3579.91
5.723	3562.62
5.724	3536.33
5.725	3500.92
5.726	3456.58
5.727	3403.83
5.728	3343.47
5.729	3276.6
5.73	3204.61
5.731	3129.13
5.732	3052.02
5.733	2975.31
5.734	2901.2
5.735	2831.99
5.736	2770.05
5.737	2717.78
5.738	2677.56
5.739	2651.69
5.74	2642.38
5.741	2651.67
5.742	2681.41
5.743	2733.22
5.744	2808.42
5.745	2908.01
5.746	3032.65
5.747	3182.6
5.748	3357.72
5.749	3557.43
5.75	3780.7
5.751	4026.08
5.752	4291.68
5.753	4575.18
5.754	4873.88
5.755	5184.75
5.756	5504.46
5.757	5829.45
5.758	6155.99
5.759	6480.29
5.76	6798.55
5.761	7107.04
5.762	7402.21
5.763	7680.74
5.764	7939.61
5.765	8176.18
5.766	8388.25
5.767	8574.04
5.768	8732.28
5.769	8862.16
5.77	8963.37
5.771	9036.05
5.772	9080.76
5.773	9098.44
5.774	9090.36
5.775	9058.06
5.776	9003.29
5.777	8927.94
5.778	8833.99
5.779	8723.46
5.78	8598.35
5.781	8460.58
5.782	8312.02
5.783	8154.38
5.784	7989.27
5.785	7818.13
5.786	7642.28
5.787	7462.88
5.788	7280.97
5.789	7097.46
5.79	6913.17
5.791	6728.8
5.792	6545.02
5.793	6362.39
5.794	6181.45
5.795	6002.7
5.796	5826.62
5.797	5653.66
5.798	5484.28
5.799	5318.91
5.8	5158.02
5.801	5002.09
5.802	4851.59
5.803	4707.04
5.804	4568.99
5.805	4438.02
5.806	4314.75
5.807	4199.83
5.808	4093.98
5.809	3997.92
5.81	3912.42
5.811	3838.27
5.812	3776.25
5.813	3727.15
5.814	3691.71
5.815	3670.6
5.816	3664.42
5.817	3673.65
5.818	3698.59
5.819	3739.42
5.82	3796.05
5.821	3868.22
5.822	3955.36
5.823	4056.68
5.824	4171.08
5.825	4297.19
5.826	4433.38
5.827	4577.74
5.828	4728.13
5.829	4882.19
5.83	5037.4
5.831	5191.09
5.832	5340.51
5.833	5482.89
5.834	5615.45
5.835	5735.53
5.836	5840.58
5.837	5928.25
5.838	5996.42
5.839	6043.29
5.84	6067.36
5.841	6067.51
5.842	6043.02
5.843	5993.58
5.844	5919.28
5.845	5820.64
5.846	5698.59
5.847	5554.41
5.848	5389.76
5.849	5206.59
5.85	5007.13
5.851	4793.8
5.852	4569.19
5.853	4335.99
5.854	4096.93
5.855	3854.72
5.856	3612.02
5.857	3371.35
5.858	3135.08
5.859	2905.38
5.86	2684.19
5.861	2473.22
5.862	2273.89
5.863	2087.38
5.864	1914.58
5.865	1756.15
5.866	1612.48
5.867	1483.76
5.868	1369.96
5.869	1270.9
5.87	1186.23
5.871	1115.49
5.872	1058.11
5.873	1013.47
5.874	980.877
5.875	959.625
5.876	948.982
5.877	948.207
5.878	956.566
5.879	973.329
5.88	997.77
5.881	1029.17
5.882	1066.82
5.883	1109.99
5.884	1157.97
5.885	1210.01
5.886	1265.36
5.887	1323.26
5.888	1382.92
5.889	1443.55
5.89	1504.34
5.891	1564.49
5.892	1623.21
5.893	1679.73
5.894	1733.34
5.895	1783.35
5.896	1829.17
5.897	1870.28
5.898	1906.26
5.899	1936.82
5.9	1961.76
5.901	1981.02
5.902	1994.67
5.903	2002.89
5.904	2005.99
5.905	2004.36
5.906	1998.52
5.907	1989.03
5.908	1976.53
5.909	1961.69
5.91	1945.18
5.911	1927.68
5.912	1909.84
5.913	1892.28
5.914	1875.53
5.915	1860.1
5.916	1846.37
5.917	1834.66
5.918	1825.22
5.919	1818.18
5.92	1813.62
5.921	1811.53
5.922	1811.84
5.923	1814.43
5.924	1819.13
5.925	1825.76
5.926	1834.09
5.927	1843.9
5.928	1854.99
5.929	1867.15
5.93	1880.18
5.931	1893.94
5.932	1908.29
5.933	1923.12
5.934	1938.39
5.935	1954.05
5.936	1970.12
5.937	1986.62
5.938	2003.64
5.939	2021.29
5.94	2039.72
5.941	2059.12
5.942	2079.74
5.943	2101.84
5.944	2125.78
5.945	2151.94
5.946	2180.78
5.947	2212.79
5.948	2248.54
5.949	2288.65
5.95	2333.75
5.951	2384.54
5.952	2441.69
5.953	2505.89
5.954	2577.75
5.955	2657.83
5.956	2746.6
5.957	2844.35
5.958	2951.24
5.959	3067.2
5.96	3191.93
5.961	3324.9
5.962	3465.28
5.963	3612.01
5.964	3763.71
5.965	3918.8
5.966	4075.44
5.967	4231.62
5.968	4385.16
5.969	4533.8
5.97	4675.27
5.971	4807.29
5.972	4927.69
5.973	5034.44
5.974	5125.74
5.975	5200.04
5.976	5256.09
5.977	5292.98
5.978	5310.18
5.979	5307.49
5.98	5285.12
5.981	5243.62
5.982	5183.89
5.983	5107.12
5.984	5014.79
5.985	4908.62
5.986	4790.52
5.987	4662.52
5.988	4526.81
5.989	4385.59
5.99	4241.12
5.991	4095.64
5.992	3951.35
5.993	3810.4
5.994	3674.84
5.995	3546.6
5.996	3427.48
5.997	3319.16
5.998	3223.12
5.999	3140.67
6	3072.92
6.001	3020.75
6.002	2984.82
6.003	2965.53
6.004	2962.98
6.005	2977.02
6.006	3007.19
6.007	3052.72
6.008	3112.55
6.009	3185.32
6.01	3269.4
6.011	3362.91
6.012	3463.75
6.013	3569.61
6.014	3678.1
6.015	3786.74
6.016	3893.01
6.017	3994.47
6.018	4088.78
6.019	4173.78
6.02	4247.56
6.021	4308.46
6.022	4355.19
6.023	4386.79
6.024	4402.73
6.025	4402.84
6.026	4387.39
6.027	4357.01
6.028	4312.69
6.029	4255.78
6.03	4187.88
6.031	4110.84
6.032	4026.7
6.033	3937.59
6.034	3845.75
6.035	3753.37
6.036	3662.62
6.037	3575.56
6.038	3494.11
6.039	3420
6.04	3354.71
6.041	3299.51
6.042	3255.4
6.043	3223.09
6.044	3203.02
6.045	3195.33
6.046	3199.91
6.047	3216.35
6.048	3244.03
6.049	3282.05
6.05	3329.34
6.051	3384.6
6.052	3446.42
6.053	3513.22
6.054	3583.36
6.055	3655.11
6.056	3726.75
6.057	3796.56
6.058	3862.9
6.059	3924.22
6.06	3979.09
6.061	4026.3
6.062	4064.79
6.063	4093.79
6.064	4112.73
6.065	4121.37
6.066	4119.69
6.067	4107.98
6.068	4086.79
6.069	4056.91
6.07	4019.34
6.071	3975.3
6.072	3926.12
6.073	3873.24
6.074	3818.16
6.075	3762.38
6.076	3707.34
6.077	3654.41
6.078	3604.8
6.079	3559.54
6.08	3519.47
6.081	3485.18
6.082	3457.02
6.083	3435.07
6.084	3419.19
6.085	3408.96
6.086	3403.76
6.087	3402.76
6.088	3404.99
6.089	3409.33
6.09	3414.57
6.091	3419.49
6.092	3422.83
6.093	3423.38
6.094	3420.03
6.095	3411.76
6.096	3397.72
6.097	3377.21
6.098	3349.74
6.099	3315.03
6.1	3273.02
6.101	3223.87
6.102	3167.95
6.103	3105.87
6.104	3038.41
6.105	2966.55
6.106	2891.4
6.107	2814.25
6.108	2736.46
6.109	2659.46
6.11	2584.74
6.111	2513.79
6.112	2448.06
6.113	2388.93
6.114	2337.7
6.115	2295.51
6.116	2263.35
6.117	2242.01
6.118	2232.06
6.119	2233.81
6.12	2247.32
6.121	2272.4
6.122	2308.57
6.123	2355.06
6.124	2410.89
6.125	2474.79
6.126	2545.31
6.127	2620.82
6.128	2699.53
6.129	2779.56
6.13	2859
6.131	2935.94
6.132	3008.54
6.133	3075.06
6.134	3133.96
6.135	3183.89
6.136	3223.76
6.137	3252.81
6.138	3270.55
6.139	3276.87
6.14	3271.96
6.141	3256.38
6.142	3230.97
6.143	3196.89
6.144	3155.54
6.145	3108.53
6.146	3057.62
6.147	3004.69
6.148	2951.67
6.149	2900.47
6.15	2852.96
6.151	2810.89
6.152	2775.87
6.153	2749.31
6.154	2732.43
6.155	2726.18
6.156	2731.28
6.157	2748.2
6.158	2777.13
6.159	2818.05
6.16	2870.68
6.161	2934.55
6.162	3008.97
6.163	3093.12
6.164	3185.98
6.165	3286.44
6.166	3393.27
6.167	3505.16
6.168	3620.74
6.169	3738.59
6.17	3857.23
6.171	3975.19
6.172	4090.98
6.173	4203.12
6.174	4310.13
6.175	4410.59
6.176	4503.09
6.177	4586.29
6.178	4658.94
6.179	4719.84
6.18	4767.92
6.181	4802.23
6.182	4821.94
6.183	4826.4
6.184	4815.11
6.185	4787.75
6.186	4744.2
6.187	4684.53
6.188	4609.03
6.189	4518.17
6.19	4412.63
6.191	4293.28
6.192	4161.17
6.193	4017.5
6.194	3863.62
6.195	3701
6.196	3531.18
6.197	3355.8
6.198	3176.51
6.199	2994.97
6.2	2812.85
6.201	2631.74
6.202	2453.2
6.203	2278.67
6.204	2109.51
6.205	1946.96
6.206	1792.14
6.207	1646.03
6.208	1509.49
6.209	1383.23
6.21	1267.86
6.211	1163.87
6.212	1071.63
6.213	991.43
6.214	923.479
6.215	867.909
6.216	824.796
6.217	794.171
6.218	776.024
6.219	770.315
6.22	776.976
6.221	795.911
6.222	827.002
6.223	870.096
6.224	925.008
6.225	991.51
6.226	1069.32
6.227	1158.09
6.228	1257.41
6.229	1366.77
6.23	1485.58
6.231	1613.13
6.232	1748.62
6.233	1891.11
6.234	2039.56
6.235	2192.81
6.236	2349.58
6.237	2508.5
6.238	2668.1
6.239	2826.84
6.24	2983.13
6.241	3135.34
6.242	3281.85
6.243	3421.06
6.244	3551.45
6.245	3671.56
6.246	3780.08
6.247	3875.83
6.248	3957.85
6.249	4025.36
6.25	4077.82
6.251	4114.92
6.252	4136.63
6.253	4143.17
6.254	4134.99
6.255	4112.82
6.256	4077.59
6.257	4030.41
6.258	3972.59
6.259	3905.54
6.26	3830.77
6.261	3749.82
6.262	3664.24
6.263	3575.55
6.264	3485.16
6.265	3394.38
6.266	3304.36
6.267	3216.08
6.268	3130.31
6.269	3047.64
6.27	2968.45
6.271	2892.9
6.272	2821
6.273	2752.56
6.274	2687.29
6.275	2624.76
6.276	2564.5
6.277	2505.98
6.278	2448.69
6.279	2392.15
6.28	2335.95
6.281	2279.77
6.282	2223.43
6.283	2166.87
6.284	2110.18
6.285	2053.59
6.286	1997.49
6.287	1942.4
6.288	1888.96
6.289	1837.88
6.29	1789.98
6.291	1746.1
6.292	1707.07
6.293	1673.73
6.294	1646.83
6.295	1627.04
6.296	1614.93
6.297	1610.91
6.298	1615.24
6.299	1627.99
6.3	1649.05
6.301	1678.13
6.302	1714.74
6.303	1758.2
6.304	1807.69
6.305	1862.21
6.306	1920.66
6.307	1981.83
6.308	2044.44
6.309	2107.19
6.31	2168.77
6.311	2227.91
6.312	2283.42
6.313	2334.21
6.314	2379.34
6.315	2418.02
6.316	2449.66
6.317	2473.89
6.318	2490.56
6.319	2499.72
6.32	2501.7
6.321	2497.02
6.322	2486.42
6.323	2470.82
6.324	2451.32
6.325	2429.14
6.326	2405.61
6.327	2382.12
6.328	2360.1
6.329	2340.94
6.33	2326
6.331	2316.56
6.332	2313.77
6.333	2318.64
6.334	2332.02
6.335	2354.57
6.336	2386.76
6.337	2428.86
6.338	2480.92
6.339	2542.81
6.34	2614.21
6.341	2694.61
6.342	2783.35
6.343	2879.62
6.344	2982.49
6.345	3090.93
6.346	3203.83
6.347	3320.03
6.348	3438.34
6.349	3557.56
6.35	3676.5
6.351	3794.01
6.352	3908.99
6.353	4020.43
6.354	4127.38
6.355	4229.01
6.356	4324.6
6.357	4413.54
6.358	4495.34
6.359	4569.64
6.36	4636.18
6.361	4694.83
6.362	4745.54
6.363	4788.35
6.364	4823.35
6.365	4850.71
6.366	4870.6
6.367	4883.21
6.368	4888.74
6.369	4887.35
6.37	4879.18
6.371	4864.32
6.372	4842.83
6.373	4814.72
6.374	4779.95
6.375	4738.47
6.376	4690.2
6.377	4635.04
6.378	4572.93
6.379	4503.83
6.38	4427.74
6.381	4344.73
6.382	4254.95
6.383	4158.62
6.384	4056.08
6.385	3947.76
6.386	3834.19
6.387	3716.02
6.388	3593.97
6.389	3468.83
6.39	3341.5
6.391	3212.88
6.392	3083.93
6.393	2955.62
6.394	2828.9
6.395	2704.71
6.396	2583.93
6.397	2467.38
6.398	2355.8
6.399	2249.84
6.4	2150.07
6.401	2056.9
6.402	1970.69
6.403	1891.64
6.404	1819.86
6.405	1755.35
6.406	1698.01
6.407	1647.66
6.408	1604.02
6.409	1566.75
6.41	1535.48
6.411	1509.74
6.412	1489.09
6.413	1473.02
6.414	1461.05
6.415	1452.67
6.416	1447.38
6.417	1444.7
6.418	1444.17
6.419	1445.34
6.42	1447.76
6.421	1451.04
6.422	1454.78
6.423	1458.6
6.424	1462.14
6.425	1465.06
6.426	1467.02
6.427	1467.72
6.428	1466.86
6.429	1464.15
6.43	1459.35
6.431	1452.24
6.432	1442.61
6.433	1430.33
6.434	1415.3
6.435	1397.45
6.436	1376.81
6.437	1353.45
6.438	1327.49
6.439	1299.15
6.44	1268.7
6.441	1236.46
6.442	1202.82
6.443	1168.2
6.444	1133.08
6.445	1097.96
6.446	1063.34
6.447	1029.73
6.448	997.637
6.449	967.523
6.45	939.822
6.451	914.919
6.452	893.139
6.453	874.743
6.454	859.921
6.455	848.79
6.456	841.398
6.457	837.721
6.458	837.671
6.459	841.103
6.46	847.82
6.461	857.588
6.462	870.144
6.463	885.205
6.464	902.485
6.465	921.701
6.466	942.587
6.467	964.904
6.468	988.446
6.469	1013.05
6.47	1038.61
6.471	1065.05
6.472	1092.37
6.473	1120.62
6.474	1149.88
6.475	1180.31
6.476	1212.1
6.477	1245.44
6.478	1280.6
6.479	1317.8
6.48	1357.31
6.481	1399.35
6.482	1444.11
6.483	1491.77
6.484	1542.41
6.485	1596.08
6.486	1652.74
6.487	1712.26
6.488	1774.42
6.489	1838.93
6.49	1905.39
6.491	1973.33
6.492	2042.2
6.493	2111.37
6.494	2180.18
6.495	2247.92
6.496	2313.86
6.497	2377.25
6.498	2437.39
6.499	2493.57
6.5	2545.15
6.501	2591.54
6.502	2632.23
6.503	2666.78
6.504	2694.84
6.505	2716.18
6.506	2730.62
6.507	2738.11
6.508	2738.68
6.509	2732.43
6.51	2719.55
6.511	2700.32
6.512	2675.06
6.513	2644.15
6.514	2608.02
6.515	2567.15
6.516	2522.06
6.517	2473.28
6.518	2421.39
6.519	2367
6.52	2310.72
6.521	2253.19
6.522	2195.09
6.523	2137.1
6.524	2079.93
6.525	2024.3
6.526	1970.93
6.527	1920.57
6.528	1873.97
6.529	1831.86
6.53	1794.96
6.531	1763.97
6.532	1739.56
6.533	1722.33
6.534	1712.84
6.535	1711.54
6.536	1718.82
6.537	1734.95
6.538	1760.06
6.539	1794.18
6.54	1837.19
6.541	1888.8
6.542	1948.58
6.543	2015.97
6.544	2090.22
6.545	2170.47
6.546	2255.72
6.547	2344.86
6.548	2436.68
6.549	2529.92
6.55	2623.25
6.551	2715.34
6.552	2804.88
6.553	2890.6
6.554	2971.28
6.555	3045.81
6.556	3113.22
6.557	3172.63
6.558	3223.37
6.559	3264.89
6.56	3296.82
6.561	3318.98
6.562	3331.34
6.563	3334.03
6.564	3327.32
6.565	3311.63
6.566	3287.47
6.567	3255.49
6.568	3216.36
6.569	3170.84
6.57	3119.75
6.571	3063.88
6.572	3004.08
6.573	2941.16
6.574	2875.92
6.575	2809.15
6.576	2741.58
6.577	2673.92
6.578	2606.82
6.579	2540.89
6.58	2476.68
6.581	2414.7
6.582	2355.4
6.583	2299.17
6.584	2246.34
6.585	2197.19
6.586	2151.94
6.587	2110.73
6.588	2073.65
6.589	2040.74
6.59	2011.97
6.591	1987.26
6.592	1966.45
6.593	1949.38
6.594	1935.82
6.595	1925.53
6.596	1918.24
6.597	1913.69
6.598	1911.63
6.599	1911.85
6.6	1914.17
6.601	1918.48
6.602	1924.73
6.603	1932.96
6.604	1943.3
6.605	1955.99
6.606	1971.33
6.607	1989.73
6.608	2011.7
6.609	2037.77
6.61	2068.55
6.611	2104.67
6.612	2146.75
6.613	2195.4
6.614	2251.14
6.615	2314.43
6.616	2385.6
6.617	2464.86
6.618	2552.24
6.619	2647.6
6.62	2750.6
6.621	2860.71
6.622	2977.21
6.623	3099.17
6.624	3225.5
6.625	3354.95
6.626	3486.13
6.627	3617.55
6.628	3747.62
6.629	3874.74
6.63	3997.3
6.631	4113.7
6.632	4222.41
6.633	4322.01
6.634	4411.19
6.635	4488.79
6.636	4553.81
6.637	4605.46
6.638	4643.14
6.639	4666.43
6.64	4675.16
6.641	4669.31
6.642	4649.09
6.643	4614.89
6.644	4567.26
6.645	4506.89
6.646	4434.62
6.647	4351.39
6.648	4258.24
6.649	4156.26
6.65	4046.59
6.651	3930.42
6.652	3808.92
6.653	3683.26
6.654	3554.59
6.655	3424
6.656	3292.57
6.657	3161.3
6.658	3031.15
6.659	2902.98
6.66	2777.64
6.661	2655.87
6.662	2538.36
6.663	2425.77
6.664	2318.65
6.665	2217.53
6.666	2122.87
6.667	2035.08
6.668	1954.51
6.669	1881.46
6.67	1816.16
6.671	1758.78
6.672	1709.42
6.673	1668.11
6.674	1634.79
6.675	1609.32
6.676	1591.5
6.677	1581.01
6.678	1577.46
6.679	1580.39
6.68	1589.26
6.681	1603.46
6.682	1622.33
6.683	1645.2
6.684	1671.34
6.685	1700.06
6.686	1730.67
6.687	1762.53
6.688	1795.07
6.689	1827.79
6.69	1860.29
6.691	1892.28
6.692	1923.58
6.693	1954.13
6.694	1984
6.695	2013.37
6.696	2042.52
6.697	2071.84
6.698	2101.77
6.699	2132.8
6.7	2165.46
6.701	2200.28
6.702	2237.76
6.703	2278.35
6.704	2322.42
6.705	2370.27
6.706	2422.08
6.707	2477.9
6.708	2537.66
6.709	2601.17
6.71	2668.08
6.711	2737.97
6.712	2810.27
6.713	2884.35
6.714	2959.5
6.715	3034.97
6.716	3110.01
6.717	3183.85
6.718	3255.76
6.719	3325.08
6.72	3391.21
6.721	3453.65
6.722	3512
6.723	3565.96
6.724	3615.37
6.725	3660.16
6.726	3700.36
6.727	3736.12
6.728	3767.63
6.729	3795.15
6.73	3819
6.731	3839.47
6.732	3856.9
6.733	3871.56
6.734	3883.71
6.735	3893.56
6.736	3901.24
6.737	3906.83
6.738	3910.33
6.739	3911.67
6.74	3910.75
6.741	3907.38
6.742	3901.34
6.743	3892.4
6.744	3880.29
6.745	3864.74
6.746	3845.51
6.747	3822.37
6.748	3795.1
6.749	3763.55
6.75	3727.59
6.751	3687.13
6.752	3642.15
6.753	3592.64
6.754	3538.67
6.755	3480.32
6.756	3417.71
6.757	3351.02
6.758	3280.41
6.759	3206.12
6.76	3128.36
6.761	3047.4
6.762	2963.51
6.763	2876.97
6.764	2788.1
6.765	2697.19
6.766	2604.59
6.767	2510.62
6.768	2415.63
6.769	2319.97
6.77	2223.98
6.771	2128.03
6.772	2032.45
6.773	1937.59
6.774	1843.78
6.775	1751.35
6.776	1660.62
6.777	1571.87
6.778	1485.39
6.779	1401.45
6.78	1320.31
6.781	1242.21
6.782	1167.38
6.783	1096.03
6.784	1028.37
6.785	964.613
6.786	904.956
6.787	849.599
6.788	798.748
6.789	752.612
6.79	711.412
6.791	675.381
6.792	644.768
6.793	619.841
6.794	600.889
6.795	588.221
6.796	582.171
6.797	583.097
6.798	591.378
6.799	607.41
6.8	631.606
6.801	664.387
6.802	706.174
6.803	757.378
6.804	818.39
6.805	889.565
6.806	971.21
6.807	1063.56
6.808	1166.78
6.809	1280.91
6.81	1405.9
6.811	1541.55
6.812	1687.51
6.813	1843.27
6.814	2008.16
6.815	2181.34
6.816	2361.78
6.817	2548.29
6.818	2739.51
6.819	2933.95
6.82	3129.99
6.821	3325.88
6.822	3519.82
6.823	3709.95
6.824	3894.4
6.825	4071.32
6.826	4238.92
6.827	4395.48
6.828	4539.43
6.829	4669.35
6.83	4784
6.831	4882.35
6.832	4963.61
6.833	5027.23
6.834	5072.93
6.835	5100.67
6.836	5110.71
6.837	5103.55
6.838	5079.93
6.839	5040.84
6.84	4987.47
6.841	4921.21
6.842	4843.58
6.843	4756.24
6.844	4660.95
6.845	4559.49
6.846	4453.67
6.847	4345.27
6.848	4236.01
6.849	4127.5
6.85	4021.21
6.851	3918.47
6.852	3820.4
6.853	3727.92
6.854	3641.73
6.855	3562.32
6.856	3489.93
6.857	3424.59
6.858	3366.1
6.859	3314.1
6.86	3268.05
6.861	3227.24
6.862	3190.88
6.863	3158.1
6.864	3127.95
6.865	3099.51
6.866	3071.86
6.867	3044.14
6.868	3015.56
6.869	2985.45
6.87	2953.27
6.871	2918.61
6.872	2881.21
6.873	2840.98
6.874	2797.96
6.875	2752.36
6.876	2704.52
6.877	2654.88
6.878	2603.99
6.879	2552.46
6.88	2500.96
6.881	2450.16
6.882	2400.74
6.883	2353.32
6.884	2308.48
6.885	2266.71
6.886	2228.39
6.887	2193.79
6.888	2163.08
6.889	2136.26
6.89	2113.24
6.891	2093.79
6.892	2077.56
6.893	2064.13
6.894	2052.97
6.895	2043.51
6.896	2035.12
6.897	2027.16
6.898	2018.99
6.899	2010
6.9	1999.61
6.901	1987.31
6.902	1972.64
6.903	1955.27
6.904	1934.91
6.905	1911.4
6.906	1884.66
6.907	1854.74
6.908	1821.73
6.909	1785.87
6.91	1747.42
6.911	1706.76
6.912	1664.31
6.913	1620.53
6.914	1575.94
6.915	1531.08
6.916	1486.52
6.917	1442.83
6.918	1400.58
6.919	1360.34
6.92	1322.68
6.921	1288.13
6.922	1257.21
6.923	1230.4
6.924	1208.15
6.925	1190.86
6.926	1178.9
6.927	1172.57
6.928	1172.13
6.929	1177.76
6.93	1189.59
6.931	1207.67
6.932	1231.97
6.933	1262.41
6.934	1298.79
6.935	1340.86
6.936	1388.28
6.937	1440.63
6.938	1497.43
6.939	1558.13
6.94	1622.13
6.941	1688.79
6.942	1757.44
6.943	1827.4
6.944	1897.99
6.945	1968.54
6.946	2038.44
6.947	2107.12
6.948	2174.08
6.949	2238.89
6.95	2301.22
6.951	2360.84
6.952	2417.62
6.953	2471.53
6.954	2522.65
6.955	2571.13
6.956	2617.23
6.957	2661.26
6.958	2703.58
6.959	2744.62
6.96	2784.77
6.961	2824.47
6.962	2864.1
6.963	2904.03
6.964	2944.54
6.965	2985.86
6.966	3028.14
6.967	3071.41
6.968	3115.64
6.969	3160.67
6.97	3206.26
6.971	3252.05
6.972	3297.62
6.973	3342.46
6.974	3385.98
6.975	3427.57
6.976	3466.56
6.977	3502.29
6.978	3534.06
6.979	3561.23
6.98	3583.19
6.981	3599.38
6.982	3609.33
6.983	3612.64
6.984	3609.05
6.985	3598.39
6.986	3580.63
6.987	3555.89
6.988	3524.4
6.989	3486.56
6.99	3442.88
6.991	3394
6.992	3340.69
6.993	3283.79
6.994	3224.26
6.995	3163.09
6.996	3101.3
6.997	3039.97
6.998	2980.11
6.999	2922.75
7	2868.82
7.001	2819.19
7.002	2774.63
7.003	2735.81
7.004	2703.25
7.005	2677.36
7.006	2658.39
7.007	2646.48
7.008	2641.61
7.009	2643.66
7.01	2652.36
7.011	2667.36
7.012	2688.22
7.013	2714.42
7.014	2745.37
7.015	2780.47
7.016	2819.07
7.017	2860.53
7.018	2904.2
7.019	2949.44
7.02	2995.68
7.021	3042.33
7.022	3088.89
7.023	3134.86
7.024	3179.82
7.025	3223.39
7.026	3265.22
7.027	3305.01
7.028	3342.51
7.029	3377.48
7.03	3409.73
7.031	3439.07
7.032	3465.35
7.033	3488.42
7.034	3508.16
7.035	3524.43
7.036	3537.13
7.037	3546.15
7.038	3551.37
7.039	3552.71
7.04	3550.08
7.041	3543.39
7.042	3532.58
7.043	3517.6
7.044	3498.41
7.045	3475.01
7.046	3447.4
7.047	3415.62
7.048	3379.73
7.049	3339.81
7.05	3295.99
7.051	3248.43
7.052	3197.3
7.053	3142.83
7.054	3085.27
7.055	3024.91
7.056	2962.07
7.057	2897.1
7.058	2830.4
7.059	2762.38
7.06	2693.5
7.061	2624.22
7.062	2555.04
7.063	2486.47
7.064	2419.02
7.065	2353.21
7.066	2289.54
7.067	2228.49
7.068	2170.53
7.069	2116.06
7.07	2065.46
7.071	2019.03
7.072	1977.02
7.073	1939.6
7.074	1906.85
7.075	1878.8
7.076	1855.38
7.077	1836.45
7.078	1821.79
7.079	1811.14
7.08	1804.15
7.081	1800.45
7.082	1799.62
7.083	1801.24
7.084	1804.87
7.085	1810.07
7.086	1816.42
7.087	1823.54
7.088	1831.08
7.089	1838.76
7.09	1846.33
7.091	1853.63
7.092	1860.57
7.093	1867.13
7.094	1873.38
7.095	1879.46
7.096	1885.61
7.097	1892.14
7.098	1899.43
7.099	1907.97
7.1	1918.28
7.101	1930.97
7.102	1946.67
7.103	1966.07
7.104	1989.86
7.105	2018.77
7.106	2053.46
7.107	2094.59
7.108	2142.73
7.109	2198.37
7.11	2261.88
7.111	2333.5
7.112	2413.28
7.113	2501.11
7.114	2596.65
7.115	2699.38
7.116	2808.53
7.117	2923.12
7.118	3041.96
7.119	3163.68
7.12	3286.72
7.121	3409.38
7.122	3529.89
7.123	3646.38
7.124	3757.03
7.125	3860.02
7.126	3953.65
7.127	4036.37
7.128	4106.83
7.129	4163.94
7.13	4206.85
7.131	4235.05
7.132	4248.36
7.133	4246.91
7.134	4231.18
7.135	4201.94
7.136	4160.27
7.137	4107.48
7.138	4045.12
7.139	3974.85
7.14	3898.48
7.141	3817.83
7.142	3734.73
7.143	3650.92
7.144	3568.06
7.145	3487.59
7.146	3410.81
7.147	3338.75
7.148	3272.21
7.149	3211.7
7.15	3157.51
7.151	3109.64
7.152	3067.85
7.153	3031.71
7.154	3000.56
7.155	2973.61
7.156	2949.94
7.157	2928.53
7.158	2908.34
7.159	2888.28
7.16	2867.32
7.161	2844.46
7.162	2818.81
7.163	2789.54
7.164	2756
7.165	2717.65
7.166	2674.09
7.167	2625.1
7.168	2570.6
7.169	2510.66
7.17	2445.48
7.171	2375.41
7.172	2300.89
7.173	2222.48
7.174	2140.81
7.175	2056.57
7.176	1970.5
7.177	1883.36
7.178	1795.92
7.179	1708.96
7.18	1623.22
7.181	1539.41
7.182	1458.19
7.183	1380.2
7.184	1305.98
7.185	1236.04
7.186	1170.8
7.187	1110.64
7.188	1055.84
7.189	1006.64
7.19	963.209
7.191	925.65
7.192	894.012
7.193	868.285
7.194	848.408
7.195	834.272
7.196	825.719
7.197	822.554
7.198	824.542
7.199	831.416
7.2	842.879
7.201	858.611
7.202	878.272
7.203	901.509
7.204	927.961
7.205	957.265
7.206	989.062
7.207	1023
7.208	1058.75
7.209	1095.98
7.21	1134.41
7.211	1173.77
7.212	1213.83
7.213	1254.38
7.214	1295.24
7.215	1336.26
7.216	1377.34
7.217	1418.37
7.218	1459.27
7.219	1499.97
7.22	1540.43
7.221	1580.57
7.222	1620.33
7.223	1659.64
7.224	1698.41
7.225	1736.52
7.226	1773.83
7.227	1810.2
7.228	1845.43
7.229	1879.31
7.23	1911.63
7.231	1942.13
7.232	1970.57
7.233	1996.71
7.234	2020.28
7.235	2041.07
7.236	2058.85
7.237	2073.44
7.238	2084.7
7.239	2092.52
7.24	2096.84
7.241	2097.67
7.242	2095.04
7.243	2089.07
7.244	2079.92
7.245	2067.8
7.246	2052.98
7.247	2035.76
7.248	2016.51
7.249	1995.6
7.25	1973.46
7.251	1950.51
7.252	1927.19
7.253	1903.96
7.254	1881.25
7.255	1859.49
7.256	1839.09
7.257	1820.42
7.258	1803.83
7.259	1789.62
7.26	1778.03
7.261	1769.27
7.262	1763.48
7.263	1760.74
7.264	1761.07
7.265	1764.42
7.266	1770.7
7.267	1779.72
7.268	1791.27
7.269	1805.04
7.27	1820.72
7.271	1837.91
7.272	1856.21
7.273	1875.17
7.274	1894.34
7.275	1913.27
7.276	1931.5
7.277	1948.63
7.278	1964.25
7.279	1978.05
7.28	1989.74
7.281	1999.11
7.282	2006.05
7.283	2010.51
7.284	2012.53
7.285	2012.25
7.286	2009.87
7.287	2005.68
7.288	2000.03
7.289	1993.31
7.29	1985.95
7.291	1978.41
7.292	1971.13
7.293	1964.54
7.294	1959
7.295	1954.85
7.296	1952.33
7.297	1951.61
7.298	1952.75
7.299	1955.71
7.3	1960.35
7.301	1966.45
7.302	1973.69
7.303	1981.65
7.304	1989.9
7.305	1997.92
7.306	2005.2
7.307	2011.23
7.308	2015.5
7.309	2017.58
7.31	2017.08
7.311	2013.71
7.312	2007.25
7.313	1997.62
7.314	1984.83
7.315	1969.01
7.316	1950.39
7.317	1929.32
7.318	1906.24
7.319	1881.66
7.32	1856.17
7.321	1830.37
7.322	1804.94
7.323	1780.51
7.324	1757.74
7.325	1737.26
7.326	1719.62
7.327	1705.36
7.328	1694.92
7.329	1688.7
7.33	1686.98
7.331	1690
7.332	1697.91
7.333	1710.78
7.334	1728.6
7.335	1751.32
7.336	1778.82
7.337	1810.93
7.338	1847.44
7.339	1888.09
7.34	1932.61
7.341	1980.66
7.342	2031.93
7.343	2086.02
7.344	2142.56
7.345	2201.12
7.346	2261.24
7.347	2322.45
7.348	2384.25
7.349	2446.09
7.35	2507.42
7.351	2567.65
7.352	2626.17
7.353	2682.38
7.354	2735.66
7.355	2785.43
7.356	2831.09
7.357	2872.13
7.358	2908.05
7.359	2938.44
7.36	2962.96
7.361	2981.37
7.362	2993.53
7.363	2999.38
7.364	2999
7.365	2992.56
7.366	2980.33
7.367	2962.71
7.368	2940.14
7.369	2913.17
7.37	2882.39
7.371	2848.45
7.372	2812.01
7.373	2773.74
7.374	2734.31
7.375	2694.36
7.376	2654.48
7.377	2615.23
7.378	2577.1
7.379	2540.49
7.38	2505.75
7.381	2473.14
7.382	2442.83
7.383	2414.94
7.384	2389.46
7.385	2366.37
7.386	2345.54
7.387	2326.77
7.388	2309.85
7.389	2294.48
7.39	2280.33
7.391	2267.05
7.392	2254.25
7.393	2241.55
7.394	2228.53
7.395	2214.8
7.396	2199.99
7.397	2183.74
7.398	2165.73
7.399	2145.69
7.4	2123.42
7.401	2098.76
7.402	2071.65
7.403	2042.09
7.404	2010.18
7.405	1976.12
7.406	1940.18
7.407	1902.72
7.408	1864.18
7.409	1825.1
7.41	1786.04
7.411	1747.65
7.412	1710.58
7.413	1675.53
7.414	1643.16
7.415	1614.15
7.416	1589.11
7.417	1568.61
7.418	1553.13
7.419	1543.09
7.42	1538.79
7.421	1540.43
7.422	1548.1
7.423	1561.78
7.424	1581.32
7.425	1606.5
7.426	1636.98
7.427	1672.34
7.428	1712.11
7.429	1755.75
7.43	1802.7
7.431	1852.35
7.432	1904.14
7.433	1957.49
7.434	2011.85
7.435	2066.73
7.436	2121.69
7.437	2176.34
7.438	2230.35
7.439	2283.46
7.44	2335.47
7.441	2386.24
7.442	2435.67
7.443	2483.72
7.444	2530.37
7.445	2575.63
7.446	2619.5
7.447	2662.02
7.448	2703.18
7.449	2742.99
7.45	2781.43
7.451	2818.44
7.452	2853.96
7.453	2887.89
7.454	2920.11
7.455	2950.48
7.456	2978.83
7.457	3005.03
7.458	3028.89
7.459	3050.28
7.46	3069.05
7.461	3085.1
7.462	3098.34
7.463	3108.72
7.464	3116.23
7.465	3120.9
7.466	3122.8
7.467	3122.03
7.468	3118.74
7.469	3113.09
7.47	3105.3
7.471	3095.58
7.472	3084.15
7.473	3071.26
7.474	3057.14
7.475	3042.02
7.476	3026.13
7.477	3009.65
7.478	2992.8
7.479	2975.73
7.48	2958.6
7.481	2941.56
7.482	2924.74
7.483	2908.27
7.484	2892.3
7.485	2876.97
7.486	2862.45
7.487	2848.93
7.488	2836.63
7.489	2825.81
7.49	2816.76
7.491	2809.83
7.492	2805.39
7.493	2803.84
7.494	2805.62
7.495	2811.21
7.496	2821.05
7.497	2835.64
7.498	2855.41
7.499	2880.8
