0.5	0
0.501	0
0.502	0
0.503	0
0.504	0
0.505	0
0.506	0
0.507	0
0.508	0
0.509	0
0.51	0
0.511	0
0.512	0
0.513	0
0.514	0
0.515	0
0.516	0
0.517	0
0.518	0
0.519	0
0.52	0
0.521	0
0.522	0
0.523	0
0.524	0
0.525	0
0.526	0
0.527	0
0.528	0
0.529	0
0.53	0
0.531	0
0.532	0
0.533	0
0.534	0
0.535	0
0.536	0
0.537	0
0.538	0
0.539	0
0.54	0
0.541	0
0.542	0
0.543	0
0.544	0
0.545	0
0.546	6.10912e-320
0.547	1.04631e-316
0.548	1.73525e-313
0.549	2.77136e-310
0.55	4.26243e-307
0.551	6.31327e-304
0.552	9.00502e-301
0.553	1.23694e-297
0.554	1.63623e-294
0.555	2.08437e-291
0.556	2.55704e-288
0.557	3.02089e-285
0.558	3.43687e-282
0.559	3.76553e-279
0.56	3.97302e-276
0.561	4.03692e-273
0.562	3.95013e-270
0.563	3.72225e-267
0.564	3.3778e-264
0.565	2.95185e-261
0.566	2.48421e-258
0.567	2.01333e-255
0.568	1.57136e-252
0.569	1.18105e-249
0.57	8.54862e-247
0.571	5.95876e-244
0.572	3.99989e-241
0.573	2.58568e-238
0.574	1.60966e-235
0.575	9.64995e-233
0.576	5.57122e-230
0.577	3.09748e-227
0.578	1.65844e-224
0.579	8.55115e-222
0.58	4.24602e-219
0.581	2.03036e-216
0.582	9.34967e-214
0.583	4.14623e-211
0.584	1.77069e-208
0.585	7.28226e-206
0.586	2.88418e-203
0.587	1.10005e-200
0.588	4.04049e-198
0.589	1.42919e-195
0.59	4.86831e-193
0.591	1.59698e-190
0.592	5.04493e-188
0.593	1.53477e-185
0.594	4.49639e-183
0.595	1.26858e-180
0.596	3.44671e-178
0.597	9.01832e-176
0.598	2.27237e-173
0.599	5.51399e-171
0.6	1.2885e-168
0.601	2.8996e-166
0.602	6.28383e-164
0.603	1.31142e-161
0.604	2.6357e-159
0.605	5.1013e-157
0.606	9.50821e-155
0.607	1.70667e-152
0.608	2.95009e-150
0.609	4.9108e-148
0.61	7.87233e-146
0.611	1.21531e-143
0.612	1.80678e-141
0.613	2.58675e-139
0.614	3.56646e-137
0.615	4.73537e-135
0.616	6.05485e-133
0.617	7.45565e-131
0.618	8.841e-129
0.619	1.0096e-126
0.62	1.11028e-124
0.621	1.17584e-122
0.622	1.19921e-120
0.623	1.17781e-118
0.624	1.11401e-116
0.625	1.0147e-114
0.626	8.90058e-113
0.627	7.51851e-111
0.628	6.11616e-109
0.629	4.79136e-107
0.63	3.61469e-105
0.631	2.62614e-103
0.632	1.83737e-101
0.633	1.23797e-99
0.634	8.03256e-98
0.635	5.01918e-96
0.636	3.02026e-94
0.637	1.7502e-92
0.638	9.76712e-91
0.639	5.24901e-89
0.64	2.71657e-87
0.641	1.35394e-85
0.642	6.49843e-84
0.643	3.00367e-82
0.644	1.33699e-80
0.645	5.7311e-79
0.646	2.36581e-77
0.647	9.40495e-76
0.648	3.60052e-74
0.649	1.32742e-72
0.65	4.71283e-71
0.651	1.61135e-69
0.652	5.30556e-68
0.653	1.68231e-66
0.654	5.13705e-65
0.655	1.51062e-63
0.656	4.27787e-62
0.657	1.16663e-60
0.658	3.0639e-59
0.659	7.74903e-58
0.66	1.88736e-56
0.661	4.42683e-55
0.662	9.9992e-54
0.663	2.17506e-52
0.664	4.55627e-51
0.665	9.19138e-50
0.666	1.78561e-48
0.667	3.34059e-47
0.668	6.01859e-46
0.669	1.04424e-44
0.67	1.74476e-43
0.671	2.80741e-42
0.672	4.3502e-41
0.673	6.49152e-40
0.674	9.32858e-39
0.675	1.29098e-37
0.676	1.7205e-36
0.677	2.20812e-35
0.678	2.72914e-34
0.679	3.24833e-33
0.68	3.72331e-32
0.681	4.10989e-31
0.682	4.36882e-30
0.683	4.47231e-29
0.684	4.40893e-28
0.685	4.18569e-27
0.686	3.82678e-26
0.687	3.36925e-25
0.688	2.85671e-24
0.689	2.33256e-23
0.69	1.83414e-22
0.691	1.38888e-21
0.692	1.01282e-20
0.693	7.11261e-20
0.694	4.81017e-19
0.695	3.13275e-18
0.696	1.96482e-17
0.697	1.18674e-16
0.698	6.9027e-16
0.699	3.86649e-15
0.7	2.08568e-14
0.701	1.08345e-13
0.702	5.4201e-13
0.703	2.61118e-12
0.704	1.21143e-11
0.705	5.41247e-11
0.706	2.32876e-10
0.707	9.6491e-10
0.708	3.85019e-09
0.709	1.47948e-08
0.71	5.47485e-08
0.711	1.95104e-07
0.712	6.69567e-07
0.713	2.21287e-06
0.714	7.04286e-06
0.715	2.15862e-05
0.716	6.37142e-05
0.717	0.000181105
0.718	0.000495742
0.719	0.00130682
0.72	0.00331748
0.721	0.00811023
0.722	0.0190938
0.723	0.0432896
0.724	0.0945168
0.725	0.198732
0.726	0.4024
0.727	0.784662
0.728	1.47347
0.729	2.66459
0.73	4.64039
0.731	7.78235
0.732	12.569
0.733	19.549
0.734	29.2806
0.735	42.2347
0.736	58.6666
0.737	78.4778
0.738	101.096
0.739	125.417
0.74	149.834
0.741	172.385
0.742	190.994
0.743	203.786
0.744	209.393
0.745	207.196
0.746	197.44
0.747	181.185
0.748	160.118
0.749	136.268
0.75	111.681
0.751	88.1451
0.752	66.9962
0.753	49.0383
0.754	34.5664
0.755	23.4642
0.756	15.3387
0.757	9.65621
0.758	5.85406
0.759	3.41776
0.76	1.92158
0.761	1.04042
0.762	0.542489
0.763	0.2724
0.764	0.131721
0.765	0.0613393
0.766	0.0275077
0.767	0.0118796
0.768	0.00494066
0.769	0.00197879
0.77	0.000763216
0.771	0.000283484
0.772	0.000101401
0.773	3.49293e-05
0.774	1.1587e-05
0.775	3.70155e-06
0.776	1.13875e-06
0.777	3.37373e-07
0.778	9.62549e-08
0.779	2.64465e-08
0.78	6.99758e-09
0.781	1.78303e-09
0.782	4.37527e-10
0.783	1.03391e-10
0.784	2.35285e-11
0.785	5.15631e-12
0.786	1.08822e-12
0.787	2.21171e-13
0.788	4.32884e-14
0.789	8.15922e-15
0.79	1.48101e-15
0.791	2.58882e-16
0.792	4.35791e-17
0.793	7.0646e-18
0.794	1.10288e-18
0.795	1.65808e-19
0.796	2.40057e-20
0.797	3.347e-21
0.798	4.49398e-22
0.799	5.81084e-23
0.8	7.23569e-24
0.801	8.67669e-25
0.802	1.00199e-25
0.803	1.1143e-26
0.804	1.19337e-27
0.805	1.23079e-28
0.806	1.22242e-29
0.807	1.16922e-30
0.808	1.07696e-31
0.809	9.55301e-33
0.81	8.16042e-34
0.811	6.71302e-35
0.812	5.31809e-36
0.813	4.05721e-37
0.814	2.9808e-38
0.815	2.10897e-39
0.816	1.43695e-40
0.817	9.42855e-42
0.818	5.95774e-43
0.819	3.62537e-44
0.82	2.12449e-45
0.821	1.19892e-46
0.822	6.5157e-48
0.823	3.41007e-49
0.824	1.7187e-50
0.825	8.34197e-52
0.826	3.89915e-53
0.827	1.75511e-54
0.828	7.60805e-56
0.829	3.17596e-57
0.83	1.27676e-58
0.831	4.94284e-60
0.832	1.8428e-61
0.833	6.61623e-63
0.834	2.28759e-64
0.835	7.61689e-66
0.836	2.44236e-67
0.837	7.54183e-69
0.838	2.24272e-70
0.839	6.42256e-72
0.84	1.77122e-73
0.841	4.70405e-75
0.842	1.20311e-76
0.843	2.96325e-78
0.844	7.02856e-80
0.845	1.60545e-81
0.846	3.53152e-83
0.847	7.48098e-85
0.848	1.52612e-86
0.849	2.99814e-88
0.85	5.67216e-90
0.851	1.03342e-91
0.852	1.81318e-93
0.853	3.06363e-95
0.854	4.98534e-97
0.855	8.5345e-99
0.856	1.5568e-98
0.857	3.23544e-97
0.858	6.64064e-96
0.859	1.33588e-94
0.86	2.63393e-93
0.861	5.09003e-92
0.862	9.64084e-91
0.863	1.78974e-89
0.864	3.25643e-88
0.865	5.8073e-87
0.866	1.01505e-85
0.867	1.7389e-84
0.868	2.91975e-83
0.869	4.80501e-82
0.87	7.75035e-81
0.871	1.22526e-79
0.872	1.89852e-78
0.873	2.88323e-77
0.874	4.29164e-76
0.875	6.26104e-75
0.876	8.95259e-74
0.877	1.25467e-72
0.878	1.72342e-71
0.879	2.32022e-70
0.88	3.0616e-69
0.881	3.95955e-68
0.882	5.01907e-67
0.883	6.23561e-66
0.884	7.59301e-65
0.885	9.06208e-64
0.886	1.06004e-62
0.887	1.21533e-61
0.888	1.36567e-60
0.889	1.5041e-59
0.89	1.62362e-58
0.891	1.7178e-57
0.892	1.78132e-56
0.893	1.81046e-55
0.894	1.80349e-54
0.895	1.76084e-53
0.896	1.68501e-52
0.897	1.5804e-51
0.898	1.45281e-50
0.899	1.30897e-49
0.9	1.15593e-48
0.901	1.00049e-47
0.902	8.4873e-47
0.903	7.05679e-46
0.904	5.75075e-45
0.905	4.59325e-44
0.906	3.5958e-43
0.907	2.75899e-42
0.908	2.07483e-41
0.909	1.52931e-40
0.91	1.10481e-39
0.911	7.82271e-39
0.912	5.42884e-38
0.913	3.69263e-37
0.914	2.46175e-36
0.915	1.60854e-35
0.916	1.03014e-34
0.917	6.4661e-34
0.918	3.97802e-33
0.919	2.39867e-32
0.92	1.4176e-31
0.921	8.21134e-31
0.922	4.66181e-30
0.923	2.59403e-29
0.924	1.41473e-28
0.925	7.56225e-28
0.926	3.96194e-27
0.927	2.03444e-26
0.928	1.0239e-25
0.929	5.05073e-25
0.93	2.4419e-24
0.931	1.15712e-23
0.932	5.37417e-23
0.933	2.44637e-22
0.934	1.09147e-21
0.935	4.77288e-21
0.936	2.04564e-20
0.937	8.59322e-20
0.938	3.53804e-19
0.939	1.42773e-18
0.94	5.64692e-18
0.941	2.18905e-17
0.942	8.31722e-17
0.943	3.09727e-16
0.944	1.13047e-15
0.945	4.04409e-15
0.946	1.41794e-14
0.947	4.87279e-14
0.948	1.64125e-13
0.949	5.41815e-13
0.95	1.7531e-12
0.951	5.55956e-12
0.952	1.72804e-11
0.953	5.26437e-11
0.954	1.57188e-10
0.955	4.60012e-10
0.956	1.31947e-09
0.957	3.70944e-09
0.958	1.02211e-08
0.959	2.76035e-08
0.96	7.30651e-08
0.961	1.89555e-07
0.962	4.81992e-07
0.963	1.20122e-06
0.964	2.93418e-06
0.965	7.0247e-06
0.966	1.64835e-05
0.967	3.79096e-05
0.968	8.54531e-05
0.969	0.000188793
0.97	0.000408812
0.971	0.00086764
0.972	0.00180483
0.973	0.00367968
0.974	0.00735298
0.975	0.0144011
0.976	0.0276445
0.977	0.0520115
0.978	0.0959112
0.979	0.173348
0.98	0.307077
0.981	0.533156
0.982	0.907278
0.983	1.51323
0.984	2.47372
0.985	3.96346
0.986	6.22412
0.987	9.57989
0.988	14.4518
0.989	21.368
0.99	30.966
0.991	43.9832
0.992	61.2308
0.993	83.5476
0.994	111.733
0.995	146.459
0.996	188.165
0.997	236.949
0.998	292.466
0.999	353.845
1	419.649
1.001	487.898
1.002	556.148
1.003	621.651
1.004	681.58
1.005	733.308
1.006	774.709
1.007	804.474
1.008	822.377
1.009	829.496
1.01	828.336
1.011	822.847
1.012	818.342
1.013	821.276
1.014	838.938
1.015	879.023
1.016	949.124
1.017	1056.15
1.018	1205.72
1.019	1401.48
1.02	1644.57
1.021	1933.04
1.022	2261.56
1.023	2621.3
1.024	3000.02
1.025	3382.67
1.026	3752.1
1.027	4090.24
1.028	4379.34
1.029	4603.42
1.03	4749.57
1.031	4809.03
1.032	4778
1.033	4657.92
1.034	4455.3
1.035	4181.09
1.036	3849.66
1.037	3477.54
1.038	3082.01
1.039	2679.84
1.04	2286.09
1.041	1913.32
1.042	1571.05
1.043	1265.62
1.044	1000.29
1.045	775.631
1.046	590.057
1.047	440.394
1.048	322.477
1.049	231.667
1.05	163.282
1.051	112.909
1.052	76.6012
1.053	50.9901
1.054	33.307
1.055	21.3575
1.056	13.4586
1.057	8.35969
1.058	5.16109
1.059	3.23772
1.06	2.17396
1.061	1.71148
1.062	1.71029
1.063	2.12167
1.064	2.97128
1.065	4.35015
1.066	6.41139
1.067	9.37036
1.068	13.5059
1.069	19.1606
1.07	26.7369
1.071	36.6884
1.072	49.5024
1.073	65.6736
1.074	85.6679
1.075	109.877
1.076	138.566
1.077	171.817
1.078	209.477
1.079	251.112
1.08	295.977
1.081	343.013
1.082	390.861
1.083	437.921
1.084	482.424
1.085	522.544
1.086	556.515
1.087	582.763
1.088	600.022
1.089	607.44
1.09	604.644
1.091	591.775
1.092	569.474
1.093	538.83
1.094	501.291
1.095	458.552
1.096	412.428
1.097	364.727
1.098	317.138
1.099	271.137
1.1	227.924
1.101	188.388
1.102	153.1
1.103	122.337
1.104	96.1173
1.105	74.2515
1.106	56.3988
1.107	42.1206
1.108	30.93
1.109	22.3319
1.11	15.8538
1.111	11.0662
1.112	7.59498
1.113	5.12525
1.114	3.40066
1.115	2.21856
1.116	1.42312
1.117	0.897576
1.118	0.556624
1.119	0.339401
1.12	0.203481
1.121	0.119949
1.122	0.069523
1.123	0.0396206
1.124	0.0222011
1.125	0.0122318
1.126	0.00662618
1.127	0.00352938
1.128	0.00184839
1.129	0.000951809
1.13	0.000481911
1.131	0.000239909
1.132	0.000117435
1.133	5.65278e-05
1.134	2.67705e-05
1.135	1.25041e-05
1.136	5.83136e-06
1.137	2.87468e-06
1.138	1.83444e-06
1.139	2.04016e-06
1.14	3.5761e-06
1.141	7.30606e-06
1.142	1.53011e-05
1.143	3.1852e-05
1.144	6.54909e-05
1.145	0.000132835
1.146	0.000265721
1.147	0.000524203
1.148	0.00101984
1.149	0.00195667
1.15	0.00370222
1.151	0.00690815
1.152	0.0127121
1.153	0.0230691
1.154	0.0412855
1.155	0.0728655
1.156	0.126824
1.157	0.21769
1.158	0.368494
1.159	0.615147
1.16	1.01271
1.161	1.64416
1.162	2.63245
1.163	4.15655
1.164	6.47234
1.165	9.93908
1.166	15.0518
1.167	22.4794
1.168	33.1083
1.169	48.0891
1.17	68.8829
1.171	97.3045
1.172	135.553
1.173	186.227
1.174	252.309
1.175	337.115
1.176	444.202
1.177	577.215
1.178	739.693
1.179	934.806
1.18	1165.06
1.181	1431.96
1.182	1735.67
1.183	2074.73
1.184	2445.75
1.185	2843.27
1.186	3259.72
1.187	3685.52
1.188	4109.36
1.189	4518.61
1.19	4899.94
1.191	5240.03
1.192	5526.28
1.193	5747.62
1.194	5895.2
1.195	5963.01
1.196	5948.25
1.197	5851.51
1.198	5676.8
1.199	5431.19
1.2	5124.39
1.201	4768.11
1.202	4375.28
1.203	3959.33
1.204	3533.4
1.205	3109.72
1.206	2699.01
1.207	2310.18
1.208	1950.03
1.209	1623.28
1.21	1332.61
1.211	1078.86
1.212	861.363
1.213	678.208
1.214	526.617
1.215	403.259
1.216	304.529
1.217	226.793
1.218	166.566
1.219	120.642
1.22	86.1724
1.221	60.7006
1.222	42.1672
1.223	28.8876
1.224	19.5166
1.225	13.0033
1.226	8.54397
1.227	5.53632
1.228	3.53785
1.229	2.22953
1.23	1.38561
1.231	0.849236
1.232	0.513299
1.233	0.305962
1.234	0.179855
1.235	0.104264
1.236	0.0596072
1.237	0.0336063
1.238	0.0186853
1.239	0.0102455
1.24	0.00554018
1.241	0.00295441
1.242	0.00155372
1.243	0.000805809
1.244	0.000412142
1.245	0.000207883
1.246	0.000103406
1.247	5.07257e-05
1.248	2.45396e-05
1.249	1.17075e-05
1.25	5.50838e-06
1.251	2.55606e-06
1.252	1.17011e-06
1.253	5.29165e-07
1.254	2.37981e-07
1.255	1.09799e-07
1.256	5.88943e-08
1.257	4.90009e-08
1.258	7.01124e-08
1.259	1.30529e-07
1.26	2.58885e-07
1.261	5.15826e-07
1.262	1.0192e-06
1.263	1.99168e-06
1.264	3.84716e-06
1.265	7.34477e-06
1.266	1.38587e-05
1.267	2.58447e-05
1.268	4.76349e-05
1.269	8.67726e-05
1.27	0.000156223
1.271	0.000277978
1.272	0.000488856
1.273	0.000849681
1.274	0.0014596
1.275	0.0024781
1.276	0.0041582
1.277	0.006896
1.278	0.011303
1.279	0.0183102
1.28	0.0293155
1.281	0.0463881
1.282	0.0725469
1.283	0.112134
1.284	0.1713
1.285	0.258633
1.286	0.385934
1.287	0.569177
1.288	0.829632
1.289	1.19517
1.29	1.70167
1.291	2.39456
1.292	3.33028
1.293	4.57763
1.294	6.21877
1.295	8.34973
1.296	11.0801
1.297	14.5319
1.298	18.8366
1.299	24.1317
1.3	30.5546
1.301	38.2358
1.302	47.2898
1.303	57.8056
1.304	69.8355
1.305	83.3847
1.306	98.4014
1.307	114.768
1.308	132.295
1.309	150.72
1.31	169.708
1.311	188.859
1.312	207.72
1.313	225.8
1.314	242.589
1.315	257.588
1.316	270.322
1.317	280.378
1.318	287.415
1.319	291.192
1.32	291.577
1.321	288.557
1.322	282.237
1.323	272.836
1.324	260.671
1.325	246.143
1.326	229.714
1.327	211.881
1.328	193.152
1.329	174.025
1.33	154.963
1.331	136.379
1.332	118.624
1.333	101.977
1.334	86.6437
1.335	72.757
1.336	60.3833
1.337	49.5294
1.338	40.1526
1.339	32.1713
1.34	25.4758
1.341	19.9384
1.342	15.4226
1.343	11.7904
1.344	8.90853
1.345	6.65252
1.346	4.90988
1.347	3.58146
1.348	2.58198
1.349	1.83971
1.35	1.29554
1.351	0.90169
1.352	0.620252
1.353	0.421681
1.354	0.283339
1.355	0.188166
1.356	0.12351
1.357	0.0801373
1.358	0.0514114
1.359	0.0326385
1.36	0.0205524
1.361	0.0129222
1.362	0.00826126
1.363	0.00561868
1.364	0.00443848
1.365	0.00447481
1.366	0.00575689
1.367	0.00860193
1.368	0.0136798
1.369	0.0221397
1.37	0.0358162
1.371	0.0575403
1.372	0.0915927
1.373	0.144345
1.374	0.225154
1.375	0.347579
1.376	0.531018
1.377	0.802865
1.378	1.2013
1.379	1.77883
1.38	2.60671
1.381	3.78031
1.382	5.42545
1.383	7.70583
1.384	10.8312
1.385	15.0665
1.386	20.7406
1.387	28.2556
1.388	38.0945
1.389	50.8273
1.39	67.1129
1.391	87.6981
1.392	113.41
1.393	145.139
1.394	183.822
1.395	230.4
1.396	285.789
1.397	350.82
1.398	426.186
1.399	512.378
1.4	609.619
1.401	717.801
1.402	836.425
1.403	964.559
1.404	1100.8
1.405	1243.28
1.406	1389.66
1.407	1537.2
1.408	1682.82
1.409	1823.17
1.41	1954.8
1.411	2074.27
1.412	2178.32
1.413	2263.97
1.414	2328.73
1.415	2370.67
1.416	2388.53
1.417	2381.8
1.418	2350.73
1.419	2296.33
1.42	2220.3
1.421	2124.94
1.422	2013.08
1.423	1887.88
1.424	1752.72
1.425	1611.04
1.426	1466.21
1.427	1321.39
1.428	1179.41
1.429	1042.73
1.43	913.343
1.431	792.79
1.432	682.134
1.433	581.999
1.434	492.604
1.435	413.825
1.436	345.253
1.437	286.263
1.438	236.076
1.439	193.821
1.44	158.583
1.441	129.454
1.442	105.56
1.443	86.091
1.444	70.3155
1.445	57.5914
1.446	47.3684
1.447	39.1875
1.448	32.6769
1.449	27.5461
1.45	23.5794
1.451	20.6297
1.452	18.6136
1.453	17.507
1.454	17.3433
1.455	18.2132
1.456	20.2651
1.457	23.7084
1.458	28.8157
1.459	35.9267
1.46	45.4503
1.461	57.866
1.462	73.7224
1.463	93.6322
1.464	118.263
1.465	148.322
1.466	184.536
1.467	227.624
1.468	278.266
1.469	337.059
1.47	404.479
1.471	480.83
1.472	566.201
1.473	660.418
1.474	763.004
1.475	873.151
1.476	989.698
1.477	1111.13
1.478	1235.59
1.479	1360.92
1.48	1484.69
1.481	1604.3
1.482	1717.05
1.483	1820.23
1.484	1911.23
1.485	1987.69
1.486	2047.52
1.487	2089.08
1.488	2111.19
1.489	2113.23
1.49	2095.13
1.491	2057.42
1.492	2001.15
1.493	1927.9
1.494	1839.65
1.495	1738.73
1.496	1627.7
1.497	1509.26
1.498	1386.12
1.499	1260.91
1.5	1136.1
1.501	1013.9
1.502	896.23
1.503	784.681
1.504	680.481
1.505	584.508
1.506	497.3
1.507	419.088
1.508	349.833
1.509	289.267
1.51	236.946
1.511	192.289
1.512	154.631
1.513	123.258
1.514	97.4433
1.515	76.4758
1.516	59.6823
1.517	46.4435
1.518	36.2046
1.519	28.4801
1.52	22.8564
1.521	18.9887
1.522	16.5977
1.523	15.4633
1.524	15.4174
1.525	16.3365
1.526	18.1332
1.527	20.7488
1.528	24.1453
1.529	28.2977
1.53	33.1875
1.531	38.796
1.532	45.0985
1.533	52.0594
1.534	59.6282
1.535	67.7359
1.536	76.2934
1.537	85.1903
1.538	94.2957
1.539	103.46
1.54	112.516
1.541	121.288
1.542	129.591
1.543	137.241
1.544	144.06
1.545	149.884
1.546	154.567
1.547	157.989
1.548	160.063
1.549	160.733
1.55	159.983
1.551	157.832
1.552	154.34
1.553	149.598
1.554	143.729
1.555	136.886
1.556	129.237
1.557	120.969
1.558	112.278
1.559	103.36
1.56	94.4158
1.561	85.6378
1.562	77.2156
1.563	69.3336
1.564	62.1743
1.565	55.9235
1.566	50.7779
1.567	46.955
1.568	44.7062
1.569	44.3309
1.57	46.1942
1.571	50.7457
1.572	58.5395
1.573	70.2551
1.574	86.7186
1.575	108.922
1.576	138.039
1.577	175.44
1.578	222.698
1.579	281.585
1.58	354.064
1.581	442.263
1.582	548.442
1.583	674.931
1.584	824.073
1.585	998.126
1.586	1199.17
1.587	1428.99
1.588	1688.95
1.589	1979.86
1.59	2301.85
1.591	2654.26
1.592	3035.5
1.593	3442.99
1.594	3873.11
1.595	4321.19
1.596	4781.5
1.597	5247.39
1.598	5711.37
1.599	6165.32
1.6	6600.68
1.601	7008.73
1.602	7380.87
1.603	7708.93
1.604	7985.42
1.605	8203.89
1.606	8359.1
1.607	8447.29
1.608	8466.28
1.609	8415.61
1.61	8296.53
1.611	8111.95
1.612	7866.33
1.613	7565.48
1.614	7216.36
1.615	6826.82
1.616	6405.25
1.617	5960.35
1.618	5500.79
1.619	5034.96
1.62	4570.73
1.621	4115.21
1.622	3674.66
1.623	3254.31
1.624	2858.38
1.625	2489.99
1.626	2151.26
1.627	1843.34
1.628	1566.53
1.629	1320.34
1.63	1103.71
1.631	915.039
1.632	752.391
1.633	613.574
1.634	496.266
1.635	398.103
1.636	316.764
1.637	250.032
1.638	195.852
1.639	152.369
1.64	117.96
1.641	91.2663
1.642	71.2191
1.643	57.0641
1.644	48.3856
1.645	45.1234
1.646	47.5725
1.647	56.3577
1.648	72.3654
1.649	96.6252
1.65	130.134
1.651	173.631
1.652	227.341
1.653	290.728
1.654	362.306
1.655	439.548
1.656	518.949
1.657	596.244
1.658	666.788
1.659	726.027
1.66	770.009
1.661	795.839
1.662	801.998
1.663	788.483
1.664	756.741
1.665	709.428
1.666	650.041
1.667	582.496
1.668	510.725
1.669	438.333
1.67	368.36
1.671	303.155
1.672	244.334
1.673	192.831
1.674	148.978
1.675	112.63
1.676	83.2829
1.677	60.199
1.678	42.5102
1.679	29.3091
1.68	19.7175
1.681	12.9357
1.682	8.27141
1.683	5.15231
1.684	3.12508
1.685	1.84493
1.686	1.05976
1.687	0.592113
1.688	0.321706
1.689	0.169929
1.69	0.0872467
1.691	0.0435339
1.692	0.0211079
1.693	0.00994366
1.694	0.00455084
1.695	0.00202322
1.696	0.000873716
1.697	0.000366479
1.698	0.000149299
1.699	5.90716e-05
1.7	2.26985e-05
1.701	8.47037e-06
1.702	3.06961e-06
1.703	1.08027e-06
1.704	3.69181e-07
1.705	1.22519e-07
1.706	3.94836e-08
1.707	1.2356e-08
1.708	3.75474e-09
1.709	1.10796e-09
1.71	3.17472e-10
1.711	8.83333e-11
1.712	2.3866e-11
1.713	6.26136e-12
1.714	1.59512e-12
1.715	3.94603e-13
1.716	9.48158e-14
1.717	2.22336e-14
1.718	5.53447e-15
1.719	3.29058e-15
1.72	9.1119e-15
1.721	3.51383e-14
1.722	1.35223e-13
1.723	5.07898e-13
1.724	1.85968e-12
1.725	6.63764e-12
1.726	2.3094e-11
1.727	7.83239e-11
1.728	2.58941e-10
1.729	8.3448e-10
1.73	2.62145e-09
1.731	8.02747e-09
1.732	2.39621e-08
1.733	6.97241e-08
1.734	1.97765e-07
1.735	5.46799e-07
1.736	1.47372e-06
1.737	3.87181e-06
1.738	9.91568e-06
1.739	2.47538e-05
1.74	6.0238e-05
1.741	0.000142893
1.742	0.000330415
1.743	0.000744765
1.744	0.0016364
1.745	0.00350486
1.746	0.00731747
1.747	0.0148923
1.748	0.0295443
1.749	0.0571341
1.75	0.107703
1.751	0.197911
1.752	0.354505
1.753	0.618991
1.754	1.05356
1.755	1.748
1.756	2.82706
1.757	4.45696
1.758	6.8494
1.759	10.2607
1.76	14.9835
1.761	21.3283
1.762	29.5946
1.763	40.0293
1.764	52.7781
1.765	67.8329
1.766	84.9839
1.767	103.787
1.768	123.555
1.769	143.38
1.77	162.19
1.771	178.844
1.772	192.235
1.773	201.419
1.774	205.721
1.775	204.818
1.776	198.777
1.777	188.051
1.778	173.419
1.779	155.893
1.78	136.605
1.781	116.686
1.782	97.1581
1.783	78.8588
1.784	62.3924
1.785	48.1198
1.786	36.1764
1.787	26.5117
1.788	18.9392
1.789	13.1885
1.79	8.95235
1.791	5.92367
1.792	3.8208
1.793	2.40231
1.794	1.47236
1.795	0.879646
1.796	0.512286
1.797	0.290823
1.798	0.160936
1.799	0.086814
1.8	0.0456495
1.801	0.0233988
1.802	0.0116913
1.803	0.00569459
1.804	0.00270427
1.805	0.00125292
1.806	0.000568171
1.807	0.000256003
1.808	0.000122299
1.809	7.61765e-05
1.81	7.99208e-05
1.811	0.000124852
1.812	0.000221542
1.813	0.00039829
1.814	0.000704904
1.815	0.00122049
1.816	0.00206462
1.817	0.00341138
1.818	0.00550529
1.819	0.00867729
1.82	0.013358
1.821	0.0200841
1.822	0.0294928
1.823	0.0422992
1.824	0.0592517
1.825	0.0810631
1.826	0.108318
1.827	0.14136
1.828	0.180181
1.829	0.224307
1.83	0.272728
1.831	0.323869
1.832	0.375632
1.833	0.425509
1.834	0.470769
1.835	0.508698
1.836	0.536865
1.837	0.55338
1.838	0.557102
1.839	0.54777
1.84	0.526036
1.841	0.493385
1.842	0.451969
1.843	0.404375
1.844	0.353357
1.845	0.301575
1.846	0.25138
1.847	0.204653
1.848	0.162727
1.849	0.126372
1.85	0.0958516
1.851	0.0710066
1.852	0.051375
1.853	0.0363043
1.854	0.0250564
1.855	0.0168902
1.856	0.0111205
1.857	0.00715207
1.858	0.00449531
1.859	0.00276622
1.86	0.00167824
1.861	0.00103067
1.862	0.000699174
1.863	0.000633959
1.864	0.000872976
1.865	0.00158121
1.866	0.00313423
1.867	0.00627576
1.868	0.0123963
1.869	0.0240051
1.87	0.0454998
1.871	0.08438
1.872	0.153091
1.873	0.271725
1.874	0.471818
1.875	0.801469
1.876	1.33188
1.877	2.16525
1.878	3.44363
1.879	5.35785
1.88	8.15513
1.881	12.1433
1.882	17.6892
1.883	25.2084
1.884	35.1437
1.885	47.931
1.886	63.9515
1.887	83.4738
1.888	106.59
1.889	133.152
1.89	162.721
1.891	194.539
1.892	227.528
1.893	260.332
1.894	291.399
1.895	319.09
1.896	341.825
1.897	358.228
1.898	367.267
1.899	368.358
1.9	361.429
1.901	346.931
1.902	325.782
1.903	299.28
1.904	268.964
1.905	236.47
1.906	203.387
1.907	171.134
1.908	140.869
1.909	113.438
1.91	89.3654
1.911	68.8724
1.912	51.9262
1.913	38.2995
1.914	27.6354
1.915	19.5076
1.916	13.4713
1.917	9.10078
1.918	6.0147
1.919	3.8888
1.92	2.4597
1.921	1.522
1.922	0.921324
1.923	0.545602
1.924	0.316086
1.925	0.179143
1.926	0.0993256
1.927	0.053875
1.928	0.0285877
1.929	0.0148401
1.93	0.00753634
1.931	0.00374412
1.932	0.00181972
1.933	0.000865216
1.934	0.000402449
1.935	0.000183131
1.936	8.15229e-05
1.937	3.55028e-05
1.938	1.51256e-05
1.939	6.30414e-06
1.94	2.57043e-06
1.941	1.0253e-06
1.942	4.00095e-07
1.943	1.52735e-07
1.944	5.70404e-08
1.945	2.08397e-08
1.946	7.44858e-09
1.947	2.60487e-09
1.948	8.92396e-10
1.949	3.02851e-10
1.95	1.1193e-10
1.951	7.38055e-11
1.952	1.33629e-10
1.953	3.56439e-10
1.954	9.90125e-10
1.955	2.71543e-09
1.956	7.3084e-09
1.957	1.92912e-08
1.958	4.99365e-08
1.959	1.26765e-07
1.96	3.15571e-07
1.961	7.70402e-07
1.962	1.84441e-06
1.963	4.33032e-06
1.964	9.97021e-06
1.965	2.25118e-05
1.966	4.98472e-05
1.967	0.000108242
1.968	0.000230502
1.969	0.000481372
1.97	0.000985862
1.971	0.00198008
1.972	0.00390015
1.973	0.00753386
1.974	0.0142723
1.975	0.0265163
1.976	0.048315
1.977	0.0863389
1.978	0.151319
1.979	0.260109
1.98	0.43853
1.981	0.725172
1.982	1.17624
1.983	1.87146
1.984	2.92093
1.985	4.47243
1.986	6.71866
1.987	9.90325
1.988	14.3244
1.989	20.3346
1.99	28.3351
1.991	38.7636
1.992	52.0751
1.993	68.7158
1.994	89.0917
1.995	113.535
1.996	142.269
1.997	175.386
1.998	212.82
1.999	254.349
2	299.599
2.001	348.064
2.002	399.133
2.003	452.127
2.004	506.32
2.005	560.963
2.006	615.284
2.007	668.482
2.008	719.703
2.009	768.017
2.01	812.395
2.011	851.712
2.012	884.761
2.013	910.308
2.014	927.164
2.015	934.285
2.016	930.879
2.017	916.502
2.018	891.143
2.019	855.263
2.02	809.799
2.021	756.12
2.022	695.95
2.023	631.248
2.024	564.08
2.025	496.487
2.026	430.364
2.027	367.359
2.028	308.81
2.029	255.712
2.03	208.714
2.031	168.159
2.032	134.128
2.033	106.52
2.034	85.1249
2.035	69.7032
2.036	60.059
2.037	56.1014
2.038	57.8892
2.039	65.6576
2.04	79.8226
2.041	100.961
2.042	129.769
2.043	166.993
2.044	213.34
2.045	269.373
2.046	335.394
2.047	411.322
2.048	496.587
2.049	590.04
2.05	689.904
2.051	793.771
2.052	898.648
2.053	1001.07
2.054	1097.28
2.055	1183.41
2.056	1255.76
2.057	1311.05
2.058	1346.65
2.059	1360.79
2.06	1352.72
2.061	1322.75
2.062	1272.26
2.063	1203.57
2.064	1119.79
2.065	1024.57
2.066	921.83
2.067	815.529
2.068	709.373
2.069	606.634
2.07	509.996
2.071	421.471
2.072	342.378
2.073	273.374
2.074	214.541
2.075	165.487
2.076	125.472
2.077	93.5298
2.078	68.5781
2.079	49.5151
2.08	35.2902
2.081	24.9541
2.082	17.6879
2.083	12.8152
2.084	9.80036
2.085	8.23733
2.086	7.83287
2.087	8.38655
2.088	9.77011
2.089	11.9074
2.09	14.756
2.091	18.2915
2.092	22.4946
2.093	27.3418
2.094	32.7992
2.095	38.8216
2.096	45.3535
2.097	52.3354
2.098	59.7109
2.099	67.4359
2.1	75.4868
2.101	83.8659
2.102	92.6027
2.103	101.75
2.104	111.371
2.105	121.529
2.106	132.261
2.107	143.561
2.108	155.357
2.109	167.503
2.11	179.771
2.111	191.854
2.112	203.389
2.113	213.979
2.114	223.229
2.115	230.783
2.116	236.354
2.117	239.756
2.118	240.918
2.119	239.886
2.12	236.812
2.121	231.933
2.122	225.539
2.123	217.939
2.124	209.43
2.125	200.267
2.126	190.65
2.127	180.716
2.128	170.545
2.129	160.171
2.13	149.601
2.131	138.84
2.132	127.904
2.133	116.837
2.134	105.718
2.135	94.6621
2.136	83.8142
2.137	73.3389
2.138	63.4083
2.139	54.1884
2.14	45.8285
2.141	38.4529
2.142	32.1564
2.143	27.0038
2.144	23.0327
2.145	20.2578
2.146	18.6769
2.147	18.277
2.148	19.0398
2.149	20.9462
2.15	23.9811
2.151	28.1374
2.152	33.4217
2.153	39.8615
2.154	47.5152
2.155	56.4852
2.156	66.9325
2.157	79.0932
2.158	93.293
2.159	109.956
2.16	129.608
2.161	152.859
2.162	180.383
2.163	212.864
2.164	250.936
2.165	295.104
2.166	345.646
2.167	402.531
2.168	465.331
2.169	533.159
2.17	604.643
2.171	677.934
2.172	750.772
2.173	820.585
2.174	884.646
2.175	940.246
2.176	984.892
2.177	1016.5
2.178	1033.54
2.179	1035.19
2.18	1021.38
2.181	992.803
2.182	950.85
2.183	897.509
2.184	835.198
2.185	766.591
2.186	694.43
2.187	621.351
2.188	549.735
2.189	481.599
2.19	418.522
2.191	361.619
2.192	311.549
2.193	268.55
2.194	232.499
2.195	202.982
2.196	179.369
2.197	160.884
2.198	146.676
2.199	135.873
2.2	127.632
2.201	121.177
2.202	115.828
2.203	111.018
2.204	106.309
2.205	101.393
2.206	96.0897
2.207	90.3415
2.208	84.2003
2.209	77.814
2.21	71.4113
2.211	65.2876
2.212	59.7922
2.213	55.3192
2.214	52.3001
2.215	51.2002
2.216	52.5152
2.217	56.7679
2.218	64.5005
2.219	76.2628
2.22	92.5906
2.221	113.977
2.222	140.83
2.223	173.429
2.224	211.866
2.225	255.996
2.226	305.387
2.227	359.279
2.228	416.574
2.229	475.837
2.23	535.339
2.231	593.117
2.232	647.079
2.233	695.113
2.234	735.226
2.235	765.675
2.236	785.091
2.237	792.581
2.238	787.792
2.239	770.943
2.24	742.801
2.241	704.631
2.242	658.094
2.243	605.132
2.244	547.831
2.245	488.288
2.246	428.488
2.247	370.197
2.248	314.889
2.249	263.702
2.25	217.419
2.251	176.487
2.252	141.045
2.253	110.978
2.254	85.9727
2.255	65.576
2.256	49.2528
2.257	36.4342
2.258	26.5569
2.259	19.0924
2.26	13.5671
2.261	9.57258
2.262	6.76988
2.263	4.8881
2.264	3.7196
2.265	3.11309
2.266	2.96589
2.267	3.2159
2.268	3.83387
2.269	4.81609
2.27	6.17748
2.271	7.94493
2.272	10.1508
2.273	12.8264
2.274	15.9958
2.275	19.6691
2.276	23.8375
2.277	28.4677
2.278	33.4987
2.279	38.8404
2.28	44.3743
2.281	49.9565
2.282	55.4247
2.283	60.6066
2.284	65.3311
2.285	69.4416
2.286	72.8089
2.287	75.3453
2.288	77.0161
2.289	77.8501
2.29	77.9468
2.291	77.48
2.292	76.698
2.293	75.9204
2.294	75.5311
2.295	75.9675
2.296	77.7074
2.297	81.2523
2.298	87.1074
2.299	95.7593
2.3	107.65
2.301	123.147
2.302	142.518
2.303	165.893
2.304	193.239
2.305	224.334
2.306	258.746
2.307	295.827
2.308	334.715
2.309	374.353
2.31	413.528
2.311	450.919
2.312	485.163
2.313	514.932
2.314	539.014
2.315	556.383
2.316	566.274
2.317	568.234
2.318	562.15
2.319	548.264
2.32	527.149
2.321	499.675
2.322	466.945
2.323	430.227
2.324	390.869
2.325	350.222
2.326	309.567
2.327	270.049
2.328	232.632
2.329	198.074
2.33	166.909
2.331	139.454
2.332	115.827
2.333	95.9697
2.334	79.6861
2.335	66.6722
2.336	56.5539
2.337	48.9181
2.338	43.3415
2.339	39.4138
2.34	36.7563
2.341	35.0364
2.342	33.9775
2.343	33.366
2.344	33.0565
2.345	32.9745
2.346	33.1179
2.347	33.5589
2.348	34.4434
2.349	35.9911
2.35	38.4942
2.351	42.3143
2.352	47.8771
2.353	55.664
2.354	66.1997
2.355	80.0342
2.356	97.7194
2.357	119.779
2.358	146.671
2.359	178.752
2.36	216.227
2.361	259.108
2.362	307.176
2.363	359.944
2.364	416.64
2.365	476.204
2.366	537.301
2.367	598.36
2.368	657.633
2.369	713.277
2.37	763.44
2.371	806.373
2.372	840.522
2.373	864.635
2.374	877.832
2.375	879.667
2.376	870.154
2.377	849.765
2.378	819.392
2.379	780.293
2.38	734
2.381	682.228
2.382	626.768
2.383	569.385
2.384	511.732
2.385	455.273
2.386	401.232
2.387	350.568
2.388	303.961
2.389	261.833
2.39	224.374
2.391	191.583
2.392	163.317
2.393	139.341
2.394	119.371
2.395	103.121
2.396	90.3303
2.397	80.792
2.398	74.3661
2.399	70.9856
2.4	70.6535
2.401	73.4333
2.402	79.4323
2.403	88.7811
2.404	101.609
2.405	118.018
2.406	138.056
2.407	161.695
2.408	188.804
2.409	219.142
2.41	252.343
2.411	287.921
2.412	325.278
2.413	363.727
2.414	402.514
2.415	440.859
2.416	477.989
2.417	513.179
2.418	545.783
2.419	575.264
2.42	601.208
2.421	623.335
2.422	641.488
2.423	655.62
2.424	665.767
2.425	672.021
2.426	674.498
2.427	673.317
2.428	668.577
2.429	660.348
2.43	648.676
2.431	633.591
2.432	615.127
2.433	593.347
2.434	568.365
2.435	540.372
2.436	509.647
2.437	476.567
2.438	441.6
2.439	405.297
2.44	368.265
2.441	331.139
2.442	294.553
2.443	259.108
2.444	225.341
2.445	193.703
2.446	164.546
2.447	138.108
2.448	114.52
2.449	93.8076
2.45	75.9054
2.451	60.6727
2.452	47.9115
2.453	37.3853
2.454	28.8365
2.455	22.0018
2.456	16.6248
2.457	12.466
2.458	9.30859
2.459	6.96272
2.46	5.26646
2.461	4.08533
2.462	3.31026
2.463	2.85471
2.464	2.65124
2.465	2.64804
2.466	2.80541
2.467	3.09262
2.468	3.4851
2.469	3.96214
2.47	4.505
2.471	5.09562
2.472	5.71567
2.473	6.34617
2.474	6.96745
2.475	7.55942
2.476	8.1022
2.477	8.57683
2.478	8.96617
2.479	9.25575
2.48	9.43454
2.481	9.4956
2.482	9.43647
2.483	9.25928
2.484	8.97062
2.485	8.58111
2.486	8.10473
2.487	7.55802
2.488	6.95906
2.489	6.32657
2.49	5.67889
2.491	5.03316
2.492	4.40465
2.493	3.80625
2.494	3.24825
2.495	2.73821
2.496	2.28118
2.497	1.88006
2.498	1.53605
2.499	1.24946
2.5	1.02049
2.501	0.850328
2.502	0.74244
2.503	0.704178
2.504	0.748789
2.505	0.897965
2.506	1.18506
2.507	1.65913
2.508	2.38994
2.509	3.47405
2.51	5.04198
2.511	7.26645
2.512	10.3714
2.513	14.6415
2.514	20.4314
2.515	28.174
2.516	38.3861
2.517	51.6709
2.518	68.7149
2.519	90.2782
2.52	117.176
2.521	150.251
2.522	190.334
2.523	238.197
2.524	294.495
2.525	359.701
2.526	434.036
2.527	517.407
2.528	609.342
2.529	708.945
2.53	814.868
2.531	925.308
2.532	1038.03
2.533	1150.44
2.534	1259.64
2.535	1362.59
2.536	1456.2
2.537	1537.53
2.538	1603.91
2.539	1653.13
2.54	1683.51
2.541	1694.1
2.542	1684.63
2.543	1655.61
2.544	1608.3
2.545	1544.59
2.546	1466.96
2.547	1378.29
2.548	1281.73
2.549	1180.55
2.55	1077.92
2.551	976.846
2.552	879.962
2.553	789.488
2.554	707.142
2.555	634.109
2.556	571.045
2.557	518.097
2.558	474.957
2.559	440.933
2.56	415.021
2.561	396.001
2.562	382.515
2.563	373.157
2.564	366.545
2.565	361.391
2.566	356.55
2.567	351.062
2.568	344.176
2.569	335.366
2.57	324.322
2.571	310.946
2.572	295.324
2.573	277.697
2.574	258.429
2.575	237.968
2.576	216.813
2.577	195.475
2.578	174.453
2.579	154.208
2.58	135.147
2.581	117.613
2.582	101.88
2.583	88.1574
2.584	76.5965
2.585	67.3008
2.586	60.3393
2.587	55.7599
2.588	53.6023
2.589	53.9088
2.59	56.7327
2.591	62.1421
2.592	70.2215
2.593	81.0671
2.594	94.7798
2.595	111.455
2.596	131.166
2.597	153.954
2.598	179.809
2.599	208.655
2.6	240.344
2.601	274.643
2.602	311.233
2.603	349.718
2.604	389.627
2.605	430.434
2.606	471.577
2.607	512.481
2.608	552.586
2.609	591.365
2.61	628.348
2.611	663.135
2.612	695.41
2.613	724.933
2.614	751.543
2.615	775.139
2.616	795.667
2.617	813.095
2.618	827.401
2.619	838.549
2.62	846.486
2.621	851.133
2.622	852.396
2.623	850.174
2.624	844.387
2.625	834.997
2.626	822.044
2.627	805.667
2.628	786.138
2.629	763.874
2.63	739.455
2.631	713.617
2.632	687.244
2.633	661.344
2.634	637.015
2.635	615.402
2.636	597.647
2.637	584.834
2.638	577.936
2.639	577.753
2.64	584.865
2.641	599.587
2.642	621.934
2.643	651.596
2.644	687.932
2.645	729.976
2.646	776.456
2.647	825.843
2.648	876.398
2.649	926.246
2.65	973.455
2.651	1016.12
2.652	1052.45
2.653	1080.87
2.654	1100.06
2.655	1109.04
2.656	1107.22
2.657	1094.4
2.658	1070.81
2.659	1037.03
2.66	993.993
2.661	942.921
2.662	885.247
2.663	822.539
2.664	756.424
2.665	688.513
2.666	620.334
2.667	553.269
2.668	488.522
2.669	427.081
2.67	369.711
2.671	316.951
2.672	269.124
2.673	226.362
2.674	188.627
2.675	155.746
2.676	127.441
2.677	103.358
2.678	83.097
2.679	66.2368
2.68	52.3536
2.681	41.0378
2.682	31.9056
2.683	24.606
2.684	18.8255
2.685	14.2895
2.686	10.7616
2.687	8.04164
2.688	5.96241
2.689	4.38644
2.69	3.20195
2.691	2.31919
2.692	1.66694
2.693	1.18935
2.694	0.843115
2.695	0.595109
2.696	0.420424
2.697	0.300766
2.698	0.223236
2.699	0.179451
2.7	0.164999
2.701	0.179209
2.702	0.225262
2.703	0.310636
2.704	0.447929
2.705	0.656091
2.706	0.962095
2.707	1.4031
2.708	2.0291
2.709	2.90612
2.71	4.11987
2.711	5.77977
2.712	8.02326
2.713	11.0201
2.714	14.9765
2.715	20.138
2.716	26.7919
2.717	35.2675
2.718	45.933
2.719	59.1913
2.72	75.4694
2.721	95.2063
2.722	118.834
2.723	146.757
2.724	179.324
2.725	216.799
2.726	259.334
2.727	306.933
2.728	359.425
2.729	416.443
2.73	477.403
2.731	541.498
2.732	607.702
2.733	674.789
2.734	741.359
2.735	805.884
2.736	866.763
2.737	922.387
2.738	971.204
2.739	1011.8
2.74	1042.95
2.741	1063.7
2.742	1073.41
2.743	1071.77
2.744	1058.83
2.745	1035.01
2.746	1001.05
2.747	958.001
2.748	907.138
2.749	849.929
2.75	787.946
2.751	722.801
2.752	656.076
2.753	589.26
2.754	523.701
2.755	460.565
2.756	400.807
2.757	345.165
2.758	294.155
2.759	248.083
2.76	207.063
2.761	171.045
2.762	139.845
2.763	113.173
2.764	90.6647
2.765	71.912
2.766	56.4849
2.767	43.9539
2.768	33.9065
2.769	25.959
2.77	19.7652
2.771	15.0209
2.772	11.4657
2.773	8.88304
2.774	7.09762
2.775	5.97273
2.776	5.40621
2.777	5.32639
2.778	5.68783
2.779	6.46703
2.78	7.65838
2.781	9.27007
2.782	11.3202
2.783	13.8329
2.784	16.8344
2.785	20.3496
2.786	24.3981
2.787	28.9909
2.788	34.1273
2.789	39.7923
2.79	45.9549
2.791	52.5666
2.792	59.5623
2.793	66.8607
2.794	74.3676
2.795	81.9794
2.796	89.5882
2.797	97.0877
2.798	104.38
2.799	111.383
2.8	118.035
2.801	124.302
2.802	130.185
2.803	135.716
2.804	140.968
2.805	146.043
2.806	151.08
2.807	156.24
2.808	161.701
2.809	167.649
2.81	174.269
2.811	181.728
2.812	190.17
2.813	199.702
2.814	210.389
2.815	222.242
2.816	235.219
2.817	249.217
2.818	264.082
2.819	279.605
2.82	295.531
2.821	311.572
2.822	327.414
2.823	342.731
2.824	357.201
2.825	370.516
2.826	382.405
2.827	392.638
2.828	401.045
2.829	407.528
2.83	412.064
2.831	414.716
2.832	415.631
2.833	415.044
2.834	413.273
2.835	410.708
2.836	407.804
2.837	405.064
2.838	403.025
2.839	402.237
2.84	403.243
2.841	406.559
2.842	412.648
2.843	421.907
2.844	434.639
2.845	451.045
2.846	471.203
2.847	495.069
2.848	522.467
2.849	553.097
2.85	586.545
2.851	622.3
2.852	659.779
2.853	698.359
2.854	737.413
2.855	776.346
2.856	814.639
2.857	851.887
2.858	887.835
2.859	922.404
2.86	955.708
2.861	988.065
2.862	1019.98
2.863	1052.14
2.864	1085.33
2.865	1120.47
2.866	1158.43
2.867	1200.07
2.868	1246.11
2.869	1297.05
2.87	1353.14
2.871	1414.26
2.872	1479.98
2.873	1549.43
2.874	1621.39
2.875	1694.28
2.876	1766.2
2.877	1835.06
2.878	1898.6
2.879	1954.56
2.88	2000.76
2.881	2035.21
2.882	2056.22
2.883	2062.52
2.884	2053.25
2.885	2028.12
2.886	1987.31
2.887	1931.55
2.888	1862.05
2.889	1780.43
2.89	1688.67
2.891	1588.99
2.892	1483.8
2.893	1375.52
2.894	1266.56
2.895	1159.19
2.896	1055.5
2.897	957.307
2.898	866.131
2.899	783.178
2.9	709.325
2.901	645.126
2.902	590.832
2.903	546.416
2.904	511.602
2.905	485.903
2.906	468.653
2.907	459.044
2.908	456.159
2.909	459.002
2.91	466.529
2.911	477.672
2.912	491.369
2.913	506.581
2.914	522.323
2.915	537.675
2.916	551.806
2.917	563.989
2.918	573.616
2.919	580.204
2.92	583.402
2.921	582.995
2.922	578.894
2.923	571.134
2.924	559.862
2.925	545.316
2.926	527.813
2.927	507.728
2.928	485.475
2.929	461.489
2.93	436.208
2.931	410.063
2.932	383.462
2.933	356.787
2.934	330.384
2.935	304.566
2.936	279.612
2.937	255.768
2.938	233.253
2.939	212.259
2.94	192.961
2.941	175.515
2.942	160.068
2.943	146.752
2.944	135.692
2.945	127.002
2.946	120.785
2.947	117.132
2.948	116.116
2.949	117.792
2.95	122.191
2.951	129.313
2.952	139.129
2.953	151.573
2.954	166.538
2.955	183.874
2.956	203.389
2.957	224.844
2.958	247.958
2.959	272.406
2.96	297.825
2.961	323.821
2.962	349.971
2.963	375.833
2.964	400.957
2.965	424.888
2.966	447.184
2.967	467.42
2.968	485.202
2.969	500.173
2.97	512.028
2.971	520.516
2.972	525.451
2.973	526.715
2.974	524.263
2.975	518.125
2.976	508.407
2.977	495.284
2.978	479
2.979	459.86
2.98	438.218
2.981	414.474
2.982	389.054
2.983	362.403
2.984	334.97
2.985	307.197
2.986	279.504
2.987	252.282
2.988	225.881
2.989	200.603
2.99	176.702
2.991	154.374
2.992	133.762
2.993	114.956
2.994	97.9971
2.995	82.8824
2.996	69.571
2.997	57.9917
2.998	48.0496
2.999	39.6341
3	32.6253
3.001	26.9008
3.002	22.3418
3.003	18.8378
3.004	16.2914
3.005	14.6217
3.006	13.7681
3.007	13.6929
3.008	14.3834
3.009	15.8552
3.01	18.1535
3.011	21.3558
3.012	25.5737
3.013	30.9545
3.014	37.6823
3.015	45.9785
3.016	56.1007
3.017	68.3403
3.018	83.0181
3.019	100.477
3.02	121.074
3.021	145.164
3.022	173.088
3.023	205.153
3.024	241.611
3.025	282.637
3.026	328.306
3.027	378.569
3.028	433.234
3.029	491.949
3.03	554.189
3.031	619.25
3.032	686.257
3.033	754.17
3.034	821.807
3.035	887.879
3.036	951.022
3.037	1009.85
3.038	1062.99
3.039	1109.18
3.04	1147.25
3.041	1176.24
3.042	1195.41
3.043	1204.28
3.044	1202.66
3.045	1190.66
3.046	1168.68
3.047	1137.4
3.048	1097.75
3.049	1050.89
3.05	998.132
3.051	940.891
3.052	880.651
3.053	818.891
3.054	757.03
3.055	696.387
3.056	638.132
3.057	583.257
3.058	532.554
3.059	486.598
3.06	445.752
3.061	410.167
3.062	379.799
3.063	354.43
3.064	333.693
3.065	317.106
3.066	304.099
3.067	294.045
3.068	286.296
3.069	280.208
3.07	275.169
3.071	270.616
3.072	266.057
3.073	261.084
3.074	255.375
3.075	248.705
3.076	240.938
3.077	232.028
3.078	222.006
3.079	210.975
3.08	199.094
3.081	186.566
3.082	173.625
3.083	160.524
3.084	147.524
3.085	134.883
3.086	122.85
3.087	111.657
3.088	101.519
3.089	92.629
3.09	85.1598
3.091	79.2662
3.092	75.0871
3.093	72.748
3.094	72.3643
3.095	74.044
3.096	77.8887
3.097	83.9942
3.098	92.4499
3.099	103.336
3.1	116.72
3.101	132.651
3.102	151.157
3.103	172.236
3.104	195.849
3.105	221.919
3.106	250.324
3.107	280.893
3.108	313.407
3.109	347.601
3.11	383.167
3.111	419.759
3.112	457.002
3.113	494.501
3.114	531.854
3.115	568.66
3.116	604.532
3.117	639.107
3.118	672.051
3.119	703.072
3.12	731.914
3.121	758.367
3.122	782.259
3.123	803.451
3.124	821.837
3.125	837.328
3.126	849.853
3.127	859.345
3.128	865.739
3.129	868.969
3.13	868.963
3.131	865.651
3.132	858.962
3.133	848.842
3.134	835.25
3.135	818.181
3.136	797.667
3.137	773.792
3.138	746.696
3.139	716.582
3.14	683.721
3.141	648.441
3.142	611.133
3.143	572.233
3.144	532.214
3.145	491.572
3.146	450.811
3.147	410.424
3.148	370.882
3.149	332.616
3.15	296.009
3.151	261.385
3.152	229.006
3.153	199.064
3.154	171.687
3.155	146.941
3.156	124.835
3.157	105.33
3.158	88.3502
3.159	73.7883
3.16	61.5217
3.161	51.4203
3.162	43.3576
3.163	37.2193
3.164	32.9121
3.165	30.37
3.166	29.5601
3.167	30.4865
3.168	33.1924
3.169	37.7613
3.17	44.3157
3.171	53.0147
3.172	64.0497
3.173	77.638
3.174	94.0157
3.175	113.428
3.176	136.117
3.177	162.311
3.178	192.213
3.179	225.981
3.18	263.721
3.181	305.468
3.182	351.176
3.183	400.71
3.184	453.833
3.185	510.202
3.186	569.37
3.187	630.784
3.188	693.793
3.189	757.66
3.19	821.574
3.191	884.67
3.192	946.048
3.193	1004.8
3.194	1060.03
3.195	1110.87
3.196	1156.54
3.197	1196.32
3.198	1229.61
3.199	1255.91
3.2	1274.87
3.201	1286.27
3.202	1290.05
3.203	1286.27
3.204	1275.14
3.205	1256.98
3.206	1232.24
3.207	1201.46
3.208	1165.27
3.209	1124.35
3.21	1079.44
3.211	1031.28
3.212	980.652
3.213	928.3
3.214	874.959
3.215	821.326
3.216	768.049
3.217	715.72
3.218	664.869
3.219	615.957
3.22	569.371
3.221	525.428
3.222	484.368
3.223	446.36
3.224	411.504
3.225	379.834
3.226	351.326
3.227	325.904
3.228	303.447
3.229	283.804
3.23	266.8
3.231	252.249
3.232	239.967
3.233	229.788
3.234	221.568
3.235	215.207
3.236	210.655
3.237	207.921
3.238	207.084
3.239	208.296
3.24	211.787
3.241	217.863
3.242	226.901
3.243	239.345
3.244	255.69
3.245	276.469
3.246	302.234
3.247	333.534
3.248	370.888
3.249	414.756
3.25	465.513
3.251	523.419
3.252	588.587
3.253	660.961
3.254	740.289
3.255	826.109
3.256	917.737
3.257	1014.26
3.258	1114.55
3.259	1217.27
3.26	1320.9
3.261	1423.77
3.262	1524.11
3.263	1620.09
3.264	1709.88
3.265	1791.7
3.266	1863.89
3.267	1924.94
3.268	1973.6
3.269	2008.86
3.27	2030.04
3.271	2036.76
3.272	2029.01
3.273	2007.14
3.274	1971.79
3.275	1923.97
3.276	1864.93
3.277	1796.17
3.278	1719.38
3.279	1636.36
3.28	1549.02
3.281	1459.24
3.282	1368.91
3.283	1279.78
3.284	1193.51
3.285	1111.54
3.286	1035.14
3.287	965.354
3.288	902.962
3.289	848.52
3.29	802.339
3.291	764.501
3.292	734.876
3.293	713.147
3.294	698.833
3.295	691.324
3.296	689.912
3.297	693.822
3.298	702.252
3.299	714.399
3.3	729.494
3.301	746.824
3.302	765.753
3.303	785.744
3.304	806.363
3.305	827.29
3.306	848.311
3.307	869.317
3.308	890.286
3.309	911.271
3.31	932.378
3.311	953.743
3.312	975.512
3.313	997.817
3.314	1020.76
3.315	1044.38
3.316	1068.67
3.317	1093.55
3.318	1118.85
3.319	1144.35
3.32	1169.74
3.321	1194.68
3.322	1218.8
3.323	1241.67
3.324	1262.89
3.325	1282.09
3.326	1298.91
3.327	1313.07
3.328	1324.33
3.329	1332.56
3.33	1337.69
3.331	1339.74
3.332	1338.83
3.333	1335.13
3.334	1328.86
3.335	1320.3
3.336	1309.75
3.337	1297.52
3.338	1283.89
3.339	1269.11
3.34	1253.4
3.341	1236.9
3.342	1219.72
3.343	1201.85
3.344	1183.27
3.345	1163.87
3.346	1143.5
3.347	1121.98
3.348	1099.11
3.349	1074.7
3.35	1048.57
3.351	1020.57
3.352	990.606
3.353	958.653
3.354	924.741
3.355	888.979
3.356	851.55
3.357	812.707
3.358	772.771
3.359	732.119
3.36	691.177
3.361	650.403
3.362	610.278
3.363	571.293
3.364	533.931
3.365	498.658
3.366	465.909
3.367	436.079
3.368	409.509
3.369	386.478
3.37	367.199
3.371	351.807
3.372	340.359
3.373	332.83
3.374	329.109
3.375	329.004
3.376	332.242
3.377	338.477
3.378	347.295
3.379	358.226
3.38	370.754
3.381	384.336
3.382	398.412
3.383	412.427
3.384	425.847
3.385	438.177
3.386	448.98
3.387	457.889
3.388	464.625
3.389	469.004
3.39	470.948
3.391	470.485
3.392	467.751
3.393	462.983
3.394	456.512
3.395	448.746
3.396	440.16
3.397	431.274
3.398	422.63
3.399	414.773
3.4	408.228
3.401	403.48
3.402	400.949
3.403	400.977
3.404	403.815
3.405	409.606
3.406	418.383
3.407	430.065
3.408	444.464
3.409	461.284
3.41	480.143
3.411	500.581
3.412	522.085
3.413	544.11
3.414	566.105
3.415	587.538
3.416	607.922
3.417	626.843
3.418	643.982
3.419	659.132
3.42	672.219
3.421	683.307
3.422	692.61
3.423	700.483
3.424	707.418
3.425	714.029
3.426	721.031
3.427	729.215
3.428	739.414
3.429	752.47
3.43	769.194
3.431	790.334
3.432	816.53
3.433	848.28
3.434	885.913
3.435	929.558
3.436	979.125
3.437	1034.29
3.438	1094.51
3.439	1159.01
3.44	1226.78
3.441	1296.68
3.442	1367.38
3.443	1437.45
3.444	1505.4
3.445	1569.76
3.446	1629.06
3.447	1681.96
3.448	1727.27
3.449	1763.96
3.45	1791.27
3.451	1808.67
3.452	1815.9
3.453	1813.01
3.454	1800.28
3.455	1778.29
3.456	1747.82
3.457	1709.88
3.458	1665.62
3.459	1616.29
3.46	1563.24
3.461	1507.81
3.462	1451.34
3.463	1395.1
3.464	1340.25
3.465	1287.83
3.466	1238.73
3.467	1193.69
3.468	1153.25
3.469	1117.81
3.47	1087.57
3.471	1062.59
3.472	1042.78
3.473	1027.9
3.474	1017.6
3.475	1011.44
3.476	1008.89
3.477	1009.35
3.478	1012.19
3.479	1016.75
3.48	1022.35
3.481	1028.33
3.482	1034.06
3.483	1038.94
3.484	1042.42
3.485	1044.04
3.486	1043.39
3.487	1040.16
3.488	1034.13
3.489	1025.14
3.49	1013.16
3.491	998.212
3.492	980.416
3.493	959.948
3.494	937.043
3.495	911.981
3.496	885.073
3.497	856.646
3.498	827.036
3.499	796.572
3.5	765.566
3.501	734.311
3.502	703.071
3.503	672.078
3.504	641.53
3.505	611.595
3.506	582.406
3.507	554.068
3.508	526.658
3.509	500.23
3.51	474.818
3.511	450.436
3.512	427.085
3.513	404.751
3.514	383.411
3.515	363.033
3.516	343.578
3.517	324.999
3.518	307.25
3.519	290.281
3.52	274.044
3.521	258.494
3.522	243.595
3.523	229.316
3.524	215.641
3.525	202.568
3.526	190.112
3.527	178.307
3.528	167.208
3.529	156.892
3.53	147.459
3.531	139.03
3.532	131.752
3.533	125.788
3.534	121.324
3.535	118.562
3.536	117.717
3.537	119.015
3.538	122.686
3.539	128.961
3.54	138.066
3.541	150.211
3.542	165.587
3.543	184.356
3.544	206.639
3.545	232.513
3.546	261.994
3.547	295.034
3.548	331.512
3.549	371.225
3.55	413.885
3.551	459.119
3.552	506.464
3.553	555.375
3.554	605.233
3.555	655.35
3.556	704.99
3.557	753.381
3.558	799.736
3.559	843.276
3.56	883.251
3.561	918.962
3.562	949.785
3.563	975.187
3.564	994.748
3.565	1008.17
3.566	1015.29
3.567	1016.08
3.568	1010.64
3.569	999.216
3.57	982.161
3.571	959.937
3.572	933.09
3.573	902.235
3.574	868.031
3.575	831.159
3.576	792.303
3.577	752.128
3.578	711.263
3.579	670.288
3.58	629.723
3.581	590.02
3.582	551.557
3.583	514.644
3.584	479.516
3.585	446.347
3.586	415.25
3.587	386.288
3.588	359.482
3.589	334.816
3.59	312.252
3.591	291.728
3.592	273.174
3.593	256.507
3.594	241.644
3.595	228.495
3.596	216.974
3.597	206.992
3.598	198.459
3.599	191.285
3.6	185.379
3.601	180.644
3.602	176.981
3.603	174.287
3.604	172.453
3.605	171.367
3.606	170.912
3.607	170.969
3.608	171.421
3.609	172.148
3.61	173.035
3.611	173.974
3.612	174.862
3.613	175.608
3.614	176.134
3.615	176.376
3.616	176.284
3.617	175.828
3.618	174.992
3.619	173.782
3.62	172.215
3.621	170.329
3.622	168.173
3.623	165.809
3.624	163.308
3.625	160.746
3.626	158.207
3.627	155.77
3.628	153.518
3.629	151.525
3.63	149.863
3.631	148.593
3.632	147.772
3.633	147.446
3.634	147.654
3.635	148.429
3.636	149.799
3.637	151.788
3.638	154.421
3.639	157.721
3.64	161.716
3.641	166.439
3.642	171.927
3.643	178.227
3.644	185.391
3.645	193.481
3.646	202.565
3.647	212.72
3.648	224.025
3.649	236.566
3.65	250.431
3.651	265.709
3.652	282.488
3.653	300.852
3.654	320.885
3.655	342.659
3.656	366.241
3.657	391.685
3.658	419.033
3.659	448.306
3.66	479.508
3.661	512.613
3.662	547.568
3.663	584.283
3.664	622.628
3.665	662.428
3.666	703.46
3.667	745.445
3.668	788.054
3.669	830.901
3.67	873.548
3.671	915.509
3.672	956.26
3.673	995.243
3.674	1031.88
3.675	1065.6
3.676	1095.82
3.677	1122.01
3.678	1143.67
3.679	1160.37
3.68	1171.76
3.681	1177.58
3.682	1177.67
3.683	1172
3.684	1160.64
3.685	1143.79
3.686	1121.75
3.687	1094.94
3.688	1063.87
3.689	1029.14
3.69	991.416
3.691	951.397
3.692	909.823
3.693	867.439
3.694	824.978
3.695	783.145
3.696	742.6
3.697	703.943
3.698	667.699
3.699	634.314
3.7	604.144
3.701	577.451
3.702	554.403
3.703	535.07
3.704	519.431
3.705	507.375
3.706	498.709
3.707	493.165
3.708	490.407
3.709	490.045
3.71	491.642
3.711	494.73
3.712	498.819
3.713	503.411
3.714	508.015
3.715	512.155
3.716	515.389
3.717	517.314
3.718	517.58
3.719	515.895
3.72	512.038
3.721	505.855
3.722	497.269
3.723	486.276
3.724	472.945
3.725	457.411
3.726	439.872
3.727	420.58
3.728	399.832
3.729	377.958
3.73	355.315
3.731	332.273
3.732	309.206
3.733	286.484
3.734	264.462
3.735	243.476
3.736	223.832
3.737	205.809
3.738	189.649
3.739	175.559
3.74	163.706
3.741	154.223
3.742	147.202
3.743	142.702
3.744	140.744
3.745	141.317
3.746	144.376
3.747	149.845
3.748	157.62
3.749	167.564
3.75	179.516
3.751	193.288
3.752	208.667
3.753	225.421
3.754	243.299
3.755	262.038
3.756	281.364
3.757	301.005
3.758	320.691
3.759	340.167
3.76	359.199
3.761	377.582
3.762	395.15
3.763	411.784
3.764	427.418
3.765	442.044
3.766	455.717
3.767	468.557
3.768	480.747
3.769	492.527
3.77	504.192
3.771	516.082
3.772	528.566
3.773	542.032
3.774	556.869
3.775	573.45
3.776	592.114
3.777	613.152
3.778	636.784
3.779	663.149
3.78	692.293
3.781	724.155
3.782	758.569
3.783	795.259
3.784	833.841
3.785	873.837
3.786	914.681
3.787	955.739
3.788	996.326
3.789	1035.73
3.79	1073.24
3.791	1108.14
3.792	1139.8
3.793	1167.62
3.794	1191.09
3.795	1209.81
3.796	1223.48
3.797	1231.94
3.798	1235.12
3.799	1233.1
3.8	1226.05
3.801	1214.28
3.802	1198.15
3.803	1178.12
3.804	1154.71
3.805	1128.46
3.806	1099.95
3.807	1069.78
3.808	1038.5
3.809	1006.68
3.81	974.839
3.811	943.465
3.812	912.999
3.813	883.841
3.814	856.342
3.815	830.811
3.816	807.515
3.817	786.678
3.818	768.489
3.819	753.101
3.82	740.631
3.821	731.16
3.822	724.735
3.823	721.362
3.824	721.006
3.825	723.587
3.826	728.977
3.827	736.994
3.828	747.406
3.829	759.923
3.83	774.207
3.831	789.868
3.832	806.473
3.833	823.555
3.834	840.625
3.835	857.178
3.836	872.713
3.837	886.747
3.838	898.827
3.839	908.546
3.84	915.558
3.841	919.588
3.842	920.438
3.843	918
3.844	912.251
3.845	903.259
3.846	891.172
3.847	876.218
3.848	858.688
3.849	838.926
3.85	817.315
3.851	794.262
3.852	770.179
3.853	745.471
3.854	720.523
3.855	695.684
3.856	671.26
3.857	647.505
3.858	624.62
3.859	602.749
3.86	581.981
3.861	562.354
3.862	543.861
3.863	526.457
3.864	510.069
3.865	494.603
3.866	479.957
3.867	466.023
3.868	452.7
3.869	439.9
3.87	427.549
3.871	415.594
3.872	404.001
3.873	392.758
3.874	381.872
3.875	371.369
3.876	361.286
3.877	351.672
3.878	342.581
3.879	334.071
3.88	326.199
3.881	319.017
3.882	312.573
3.883	306.909
3.884	302.058
3.885	298.05
3.886	294.906
3.887	292.646
3.888	291.289
3.889	290.852
3.89	291.357
3.891	292.829
3.892	295.299
3.893	298.802
3.894	303.38
3.895	309.078
3.896	315.945
3.897	324.027
3.898	333.366
3.899	343.996
3.9	355.938
3.901	369.196
3.902	383.752
3.903	399.563
3.904	416.556
3.905	434.63
3.906	453.652
3.907	473.455
3.908	493.848
3.909	514.61
3.91	535.499
3.911	556.26
3.912	576.628
3.913	596.335
3.914	615.122
3.915	632.744
3.916	648.978
3.917	663.631
3.918	676.543
3.919	687.596
3.92	696.714
3.921	703.864
3.922	709.057
3.923	712.347
3.924	713.822
3.925	713.606
3.926	711.846
3.927	708.709
3.928	704.374
3.929	699.021
3.93	692.828
3.931	685.963
3.932	678.577
3.933	670.8
3.934	662.741
3.935	654.48
3.936	646.075
3.937	637.557
3.938	628.938
3.939	620.21
3.94	611.349
3.941	602.325
3.942	593.099
3.943	583.635
3.944	573.897
3.945	563.859
3.946	553.504
3.947	542.826
3.948	531.832
3.949	520.543
3.95	508.99
3.951	497.214
3.952	485.267
3.953	473.202
3.954	461.078
3.955	448.953
3.956	436.88
3.957	424.909
3.958	413.084
3.959	401.437
3.96	389.996
3.961	378.778
3.962	367.794
3.963	357.048
3.964	346.543
3.965	336.279
3.966	326.255
3.967	316.48
3.968	306.963
3.969	297.728
3.97	288.806
3.971	280.241
3.972	272.093
3.973	264.433
3.974	257.345
3.975	250.925
3.976	245.282
3.977	240.528
3.978	236.785
3.979	234.175
3.98	232.816
3.981	232.827
3.982	234.313
3.983	237.37
3.984	242.077
3.985	248.496
3.986	256.667
3.987	266.605
3.988	278.302
3.989	291.719
3.99	306.792
3.991	323.426
3.992	341.498
3.993	360.857
3.994	381.326
3.995	402.702
3.996	424.761
3.997	447.257
3.998	469.932
3.999	492.515
4	514.727
4.001	536.289
4.002	556.925
4.003	576.366
4.004	594.359
4.005	610.67
4.006	625.088
4.007	637.433
4.008	647.556
4.009	655.345
4.01	660.726
4.011	663.668
4.012	664.178
4.013	662.306
4.014	658.142
4.015	651.811
4.016	643.476
4.017	633.327
4.018	621.581
4.019	608.475
4.02	594.261
4.021	579.196
4.022	563.542
4.023	547.553
4.024	531.474
4.025	515.532
4.026	499.934
4.027	484.858
4.028	470.454
4.029	456.838
4.03	444.094
4.031	432.269
4.032	421.378
4.033	411.403
4.034	402.297
4.035	393.986
4.036	386.374
4.037	379.352
4.038	372.794
4.039	366.572
4.04	360.554
4.041	354.616
4.042	348.64
4.043	342.521
4.044	336.172
4.045	329.522
4.046	322.523
4.047	315.146
4.048	307.383
4.049	299.244
4.05	290.759
4.051	281.972
4.052	272.937
4.053	263.721
4.054	254.394
4.055	245.029
4.056	235.698
4.057	226.469
4.058	217.405
4.059	208.56
4.06	199.98
4.061	191.698
4.062	183.739
4.063	176.116
4.064	168.83
4.065	161.878
4.066	155.244
4.067	148.908
4.068	142.847
4.069	137.032
4.07	131.435
4.071	126.028
4.072	120.784
4.073	115.68
4.074	110.698
4.075	105.824
4.076	101.05
4.077	96.3731
4.078	91.798
4.079	87.3341
4.08	82.997
4.081	78.8077
4.082	74.7917
4.083	70.9791
4.084	67.4037
4.085	64.1029
4.086	61.1167
4.087	58.4879
4.088	56.2615
4.089	54.4849
4.09	53.2073
4.091	52.4803
4.092	52.3574
4.093	52.8945
4.094	54.1497
4.095	56.1832
4.096	59.0572
4.097	62.8352
4.098	67.5817
4.099	73.3611
4.1	80.2361
4.101	88.2666
4.102	97.5069
4.103	108.004
4.104	119.795
4.105	132.904
4.106	147.339
4.107	163.089
4.108	180.122
4.109	198.38
4.11	217.781
4.111	238.215
4.112	259.542
4.113	281.595
4.114	304.182
4.115	327.083
4.116	350.06
4.117	372.857
4.118	395.208
4.119	416.842
4.12	437.49
4.121	456.895
4.122	474.816
4.123	491.038
4.124	505.379
4.125	517.696
4.126	527.892
4.127	535.916
4.128	541.772
4.129	545.516
4.13	547.256
4.131	547.153
4.132	545.412
4.133	542.282
4.134	538.047
4.135	533.017
4.136	527.52
4.137	521.895
4.138	516.478
4.139	511.598
4.14	507.562
4.141	504.649
4.142	503.104
4.143	503.128
4.144	504.872
4.145	508.436
4.146	513.865
4.147	521.147
4.148	530.21
4.149	540.931
4.15	553.133
4.151	566.59
4.152	581.033
4.153	596.16
4.154	611.634
4.155	627.103
4.156	642.197
4.157	656.544
4.158	669.779
4.159	681.546
4.16	691.515
4.161	699.385
4.162	704.89
4.163	707.811
4.164	707.976
4.165	705.266
4.166	699.619
4.167	691.029
4.168	679.549
4.169	665.286
4.17	648.399
4.171	629.099
4.172	607.638
4.173	584.305
4.174	559.42
4.175	533.324
4.176	506.371
4.177	478.925
4.178	451.341
4.179	423.969
4.18	397.138
4.181	371.154
4.182	346.291
4.183	322.792
4.184	300.857
4.185	280.647
4.186	262.282
4.187	245.838
4.188	231.351
4.189	218.816
4.19	208.194
4.191	199.413
4.192	192.373
4.193	186.953
4.194	183.013
4.195	180.405
4.196	178.975
4.197	178.568
4.198	179.039
4.199	180.253
4.2	182.09
4.201	184.451
4.202	187.261
4.203	190.47
4.204	194.052
4.205	198.01
4.206	202.371
4.207	207.185
4.208	212.521
4.209	218.465
4.21	225.113
4.211	232.568
4.212	240.93
4.213	250.294
4.214	260.744
4.215	272.341
4.216	285.126
4.217	299.109
4.218	314.269
4.219	330.548
4.22	347.851
4.221	366.048
4.222	384.971
4.223	404.421
4.224	424.166
4.225	443.951
4.226	463.504
4.227	482.539
4.228	500.767
4.229	517.9
4.23	533.664
4.231	547.8
4.232	560.077
4.233	570.295
4.234	578.289
4.235	583.937
4.236	587.159
4.237	587.92
4.238	586.233
4.239	582.153
4.24	575.777
4.241	567.24
4.242	556.715
4.243	544.4
4.244	530.52
4.245	515.317
4.246	499.043
4.247	481.958
4.248	464.323
4.249	446.39
4.25	428.402
4.251	410.59
4.252	393.162
4.253	376.306
4.254	360.186
4.255	344.94
4.256	330.679
4.257	317.485
4.258	305.417
4.259	294.503
4.26	284.751
4.261	276.142
4.262	268.642
4.263	262.194
4.264	256.73
4.265	252.17
4.266	248.427
4.267	245.407
4.268	243.02
4.269	241.174
4.27	239.786
4.271	238.781
4.272	238.095
4.273	237.68
4.274	237.5
4.275	237.537
4.276	237.789
4.277	238.271
4.278	239.011
4.279	240.054
4.28	241.454
4.281	243.272
4.282	245.578
4.283	248.442
4.284	251.93
4.285	256.106
4.286	261.022
4.287	266.718
4.288	273.22
4.289	280.535
4.29	288.65
4.291	297.532
4.292	307.129
4.293	317.367
4.294	328.157
4.295	339.39
4.296	350.949
4.297	362.703
4.298	374.519
4.299	386.26
4.3	397.793
4.301	408.993
4.302	419.743
4.303	429.941
4.304	439.501
4.305	448.355
4.306	456.453
4.307	463.767
4.308	470.286
4.309	476.016
4.31	480.98
4.311	485.214
4.312	488.763
4.313	491.679
4.314	494.017
4.315	495.833
4.316	497.178
4.317	498.1
4.318	498.637
4.319	498.818
4.32	498.66
4.321	498.17
4.322	497.345
4.323	496.17
4.324	494.622
4.325	492.67
4.326	490.278
4.327	487.409
4.328	484.024
4.329	480.086
4.33	475.562
4.331	470.425
4.332	464.658
4.333	458.251
4.334	451.208
4.335	443.541
4.336	435.279
4.337	426.458
4.338	417.131
4.339	407.361
4.34	397.221
4.341	386.797
4.342	376.184
4.343	365.482
4.344	354.803
4.345	344.261
4.346	333.976
4.347	324.073
4.348	314.675
4.349	305.909
4.35	297.901
4.351	290.772
4.352	284.643
4.353	279.628
4.354	275.834
4.355	273.362
4.356	272.301
4.357	272.728
4.358	274.706
4.359	278.285
4.36	283.492
4.361	290.338
4.362	298.811
4.363	308.874
4.364	320.466
4.365	333.5
4.366	347.862
4.367	363.413
4.368	379.985
4.369	397.39
4.37	415.415
4.371	433.828
4.372	452.386
4.373	470.83
4.374	488.9
4.375	506.335
4.376	522.879
4.377	538.291
4.378	552.345
4.379	564.843
4.38	575.611
4.381	584.512
4.382	591.445
4.383	596.345
4.384	599.19
4.385	599.997
4.386	598.822
4.387	595.754
4.388	590.918
4.389	584.464
4.39	576.565
4.391	567.41
4.392	557.199
4.393	546.135
4.394	534.418
4.395	522.241
4.396	509.787
4.397	497.219
4.398	484.681
4.399	472.296
4.4	460.166
4.401	448.366
4.402	436.954
4.403	425.965
4.404	415.417
4.405	405.313
4.406	395.645
4.407	386.398
4.408	377.548
4.409	369.074
4.41	360.95
4.411	353.158
4.412	345.68
4.413	338.505
4.414	331.629
4.415	325.05
4.416	318.774
4.417	312.811
4.418	307.174
4.419	301.876
4.42	296.933
4.421	292.358
4.422	288.163
4.423	284.356
4.424	280.943
4.425	277.922
4.426	275.291
4.427	273.041
4.428	271.159
4.429	269.63
4.43	268.437
4.431	267.56
4.432	266.982
4.433	266.684
4.434	266.652
4.435	266.874
4.436	267.344
4.437	268.06
4.438	269.027
4.439	270.255
4.44	271.763
4.441	273.572
4.442	275.712
4.443	278.217
4.444	281.123
4.445	284.47
4.446	288.297
4.447	292.641
4.448	297.538
4.449	303.014
4.45	309.089
4.451	315.773
4.452	323.062
4.453	330.939
4.454	339.371
4.455	348.309
4.456	357.685
4.457	367.418
4.458	377.408
4.459	387.544
4.46	397.7
4.461	407.743
4.462	417.535
4.463	426.935
4.464	435.804
4.465	444.013
4.466	451.441
4.467	457.985
4.468	463.559
4.469	468.101
4.47	471.572
4.471	473.961
4.472	475.284
4.473	475.582
4.474	474.924
4.475	473.399
4.476	471.119
4.477	468.21
4.478	464.81
4.479	461.064
4.48	457.118
4.481	453.116
4.482	449.192
4.483	445.468
4.484	442.05
4.485	439.024
4.486	436.455
4.487	434.386
4.488	432.837
4.489	431.804
4.49	431.265
4.491	431.178
4.492	431.485
4.493	432.118
4.494	432.996
4.495	434.036
4.496	435.152
4.497	436.256
4.498	437.268
4.499	438.112
4.5	438.719
4.501	439.031
4.502	438.998
4.503	438.58
4.504	437.747
4.505	436.479
4.506	434.76
4.507	432.585
4.508	429.952
4.509	426.865
4.51	423.329
4.511	419.353
4.512	414.948
4.513	410.125
4.514	404.896
4.515	399.274
4.516	393.272
4.517	386.907
4.518	380.194
4.519	373.153
4.52	365.806
4.521	358.176
4.522	350.292
4.523	342.186
4.524	333.892
4.525	325.448
4.526	316.895
4.527	308.277
4.528	299.638
4.529	291.025
4.53	282.484
4.531	274.06
4.532	265.796
4.533	257.734
4.534	249.91
4.535	242.359
4.536	235.11
4.537	228.185
4.538	221.606
4.539	215.384
4.54	209.53
4.541	204.048
4.542	198.937
4.543	194.194
4.544	189.811
4.545	185.779
4.546	182.085
4.547	178.716
4.548	175.655
4.549	172.886
4.55	170.393
4.551	168.157
4.552	166.16
4.553	164.383
4.554	162.805
4.555	161.408
4.556	160.169
4.557	159.066
4.558	158.077
4.559	157.178
4.56	156.344
4.561	155.55
4.562	154.771
4.563	153.98
4.564	153.152
4.565	152.263
4.566	151.291
4.567	150.213
4.568	149.011
4.569	147.668
4.57	146.172
4.571	144.513
4.572	142.686
4.573	140.686
4.574	138.518
4.575	136.184
4.576	133.693
4.577	131.058
4.578	128.291
4.579	125.408
4.58	122.426
4.581	119.366
4.582	116.244
4.583	113.081
4.584	109.896
4.585	106.707
4.586	103.532
4.587	100.389
4.588	97.2915
4.589	94.2566
4.59	91.2986
4.591	88.432
4.592	85.6714
4.593	83.0319
4.594	80.5299
4.595	78.1833
4.596	76.0124
4.597	74.0401
4.598	72.293
4.599	70.8015
4.6	69.6004
4.601	68.7296
4.602	68.2342
4.603	68.165
4.604	68.5785
4.605	69.5371
4.606	71.1091
4.607	73.3681
4.608	76.3934
4.609	80.2683
4.61	85.0806
4.611	90.9204
4.612	97.8797
4.613	106.051
4.614	115.524
4.615	126.388
4.616	138.724
4.617	152.606
4.618	168.1
4.619	185.259
4.62	204.121
4.621	224.707
4.622	247.023
4.623	271.05
4.624	296.75
4.625	324.064
4.626	352.907
4.627	383.172
4.628	414.732
4.629	447.437
4.63	481.12
4.631	515.594
4.632	550.662
4.633	586.115
4.634	621.737
4.635	657.309
4.636	692.612
4.637	727.43
4.638	761.554
4.639	794.786
4.64	826.937
4.641	857.833
4.642	887.315
4.643	915.237
4.644	941.471
4.645	965.901
4.646	988.426
4.647	1008.96
4.648	1027.42
4.649	1043.74
4.65	1057.86
4.651	1069.74
4.652	1079.33
4.653	1086.61
4.654	1091.54
4.655	1094.13
4.656	1094.36
4.657	1092.26
4.658	1087.85
4.659	1081.19
4.66	1072.34
4.661	1061.4
4.662	1048.48
4.663	1033.72
4.664	1017.28
4.665	999.341
4.666	980.1
4.667	959.775
4.668	938.593
4.669	916.786
4.67	894.59
4.671	872.235
4.672	849.941
4.673	827.911
4.674	806.329
4.675	785.351
4.676	765.102
4.677	745.677
4.678	727.136
4.679	709.5
4.68	692.76
4.681	676.872
4.682	661.762
4.683	647.33
4.684	633.457
4.685	620.004
4.686	606.827
4.687	593.775
4.688	580.699
4.689	567.46
4.69	553.927
4.691	539.992
4.692	525.563
4.693	510.575
4.694	494.986
4.695	478.783
4.696	461.979
4.697	444.611
4.698	426.743
4.699	408.461
4.7	389.869
4.701	371.092
4.702	352.264
4.703	333.535
4.704	315.059
4.705	296.998
4.706	279.515
4.707	262.774
4.708	246.937
4.709	232.165
4.71	218.612
4.711	206.431
4.712	195.767
4.713	186.761
4.714	179.548
4.715	174.259
4.716	171.018
4.717	169.945
4.718	171.155
4.719	174.759
4.72	180.86
4.721	189.555
4.722	200.935
4.723	215.08
4.724	232.061
4.725	251.934
4.726	274.742
4.727	300.509
4.728	329.237
4.729	360.904
4.73	395.461
4.731	432.829
4.732	472.893
4.733	515.506
4.734	560.478
4.735	607.581
4.736	656.547
4.737	707.064
4.738	758.784
4.739	811.317
4.74	864.241
4.741	917.1
4.742	969.416
4.743	1020.69
4.744	1070.42
4.745	1118.08
4.746	1163.17
4.747	1205.21
4.748	1243.72
4.749	1278.29
4.75	1308.51
4.751	1334.06
4.752	1354.67
4.753	1370.13
4.754	1380.3
4.755	1385.12
4.756	1384.59
4.757	1378.82
4.758	1367.95
4.759	1352.21
4.76	1331.9
4.761	1307.36
4.762	1278.98
4.763	1247.19
4.764	1212.46
4.765	1175.25
4.766	1136.06
4.767	1095.38
4.768	1053.67
4.769	1011.4
4.77	968.988
4.771	926.845
4.772	885.328
4.773	844.761
4.774	805.423
4.775	767.548
4.776	731.328
4.777	696.912
4.778	664.406
4.779	633.881
4.78	605.37
4.781	578.877
4.782	554.377
4.783	531.825
4.784	511.155
4.785	492.291
4.786	475.144
4.787	459.623
4.788	445.635
4.789	433.089
4.79	421.901
4.791	411.994
4.792	403.302
4.793	395.773
4.794	389.366
4.795	384.056
4.796	379.832
4.797	376.696
4.798	374.659
4.799	373.747
4.8	373.99
4.801	375.423
4.802	378.082
4.803	382.002
4.804	387.211
4.805	393.727
4.806	401.555
4.807	410.683
4.808	421.079
4.809	432.693
4.81	445.447
4.811	459.243
4.812	473.959
4.813	489.45
4.814	505.553
4.815	522.087
4.816	538.858
4.817	555.665
4.818	572.301
4.819	588.564
4.82	604.258
4.821	619.201
4.822	633.229
4.823	646.2
4.824	657.999
4.825	668.542
4.826	677.775
4.827	685.676
4.828	692.256
4.829	697.557
4.83	701.646
4.831	704.618
4.832	706.584
4.833	707.671
4.834	708.014
4.835	707.752
4.836	707.019
4.837	705.942
4.838	704.634
4.839	703.19
4.84	701.683
4.841	700.163
4.842	698.656
4.843	697.16
4.844	695.652
4.845	694.083
4.846	692.388
4.847	690.484
4.848	688.28
4.849	685.674
4.85	682.566
4.851	678.858
4.852	674.46
4.853	669.296
4.854	663.305
4.855	656.446
4.856	648.7
4.857	640.069
4.858	630.582
4.859	620.29
4.86	609.265
4.861	597.601
4.862	585.411
4.863	572.82
4.864	559.966
4.865	546.995
4.866	534.056
4.867	521.299
4.868	508.87
4.869	496.907
4.87	485.539
4.871	474.88
4.872	465.031
4.873	456.072
4.874	448.069
4.875	441.065
4.876	435.085
4.877	430.135
4.878	426.202
4.879	423.254
4.88	421.247
4.881	420.117
4.882	419.793
4.883	420.189
4.884	421.214
4.885	422.767
4.886	424.745
4.887	427.042
4.888	429.551
4.889	432.166
4.89	434.783
4.891	437.302
4.892	439.628
4.893	441.671
4.894	443.351
4.895	444.593
4.896	445.333
4.897	445.518
4.898	445.104
4.899	444.062
4.9	442.372
4.901	440.033
4.902	437.057
4.903	433.47
4.904	429.318
4.905	424.662
4.906	419.581
4.907	414.17
4.908	408.544
4.909	402.831
4.91	397.176
4.911	391.738
4.912	386.687
4.913	382.203
4.914	378.473
4.915	375.687
4.916	374.037
4.917	373.711
4.918	374.891
4.919	377.747
4.92	382.435
4.921	389.094
4.922	397.838
4.923	408.756
4.924	421.91
4.925	437.327
4.926	455.001
4.927	474.89
4.928	496.912
4.929	520.949
4.93	546.845
4.931	574.405
4.932	603.399
4.933	633.564
4.934	664.607
4.935	696.21
4.936	728.033
4.937	759.719
4.938	790.904
4.939	821.217
4.94	850.291
4.941	877.767
4.942	903.303
4.943	926.575
4.944	947.291
4.945	965.186
4.946	980.036
4.947	991.657
4.948	999.908
4.949	1004.69
4.95	1005.97
4.951	1003.74
4.952	998.04
4.953	988.975
4.954	976.679
4.955	961.33
4.956	943.141
4.957	922.362
4.958	899.266
4.959	874.153
4.96	847.339
4.961	819.153
4.962	789.93
4.963	760.006
4.964	729.713
4.965	699.374
4.966	669.295
4.967	639.764
4.968	611.046
4.969	583.378
4.97	556.966
4.971	531.983
4.972	508.57
4.973	486.827
4.974	466.824
4.975	448.592
4.976	432.128
4.977	417.399
4.978	404.341
4.979	392.863
4.98	382.853
4.981	374.178
4.982	366.694
4.983	360.244
4.984	354.667
4.985	349.803
4.986	345.491
4.987	341.58
4.988	337.931
4.989	334.417
4.99	330.929
4.991	327.376
4.992	323.69
4.993	319.823
4.994	315.751
4.995	311.473
4.996	307.011
4.997	302.409
4.998	297.733
4.999	293.066
5	288.512
5.001	284.19
5.002	280.233
5.003	276.785
5.004	273.997
5.005	272.027
5.006	271.036
5.007	271.181
5.008	272.617
5.009	275.489
5.01	279.932
5.011	286.063
5.012	293.981
5.013	303.763
5.014	315.457
5.015	329.084
5.016	344.63
5.017	362.048
5.018	381.253
5.019	402.121
5.02	424.491
5.021	448.164
5.022	472.904
5.023	498.441
5.024	524.474
5.025	550.678
5.026	576.706
5.027	602.198
5.028	626.79
5.029	650.118
5.03	671.829
5.031	691.591
5.032	709.099
5.033	724.084
5.034	736.325
5.035	745.648
5.036	751.94
5.037	755.148
5.038	755.283
5.039	752.426
5.04	746.719
5.041	738.37
5.042	727.646
5.043	714.866
5.044	700.399
5.045	684.649
5.046	668.051
5.047	651.057
5.048	634.128
5.049	617.724
5.05	602.289
5.051	588.245
5.052	575.98
5.053	565.843
5.054	558.133
5.055	553.094
5.056	550.91
5.057	551.705
5.058	555.536
5.059	562.398
5.06	572.222
5.061	584.877
5.062	600.177
5.063	617.883
5.064	637.711
5.065	659.336
5.066	682.401
5.067	706.522
5.068	731.299
5.069	756.321
5.07	781.172
5.071	805.442
5.072	828.733
5.073	850.662
5.074	870.87
5.075	889.026
5.076	904.831
5.077	918.022
5.078	928.378
5.079	935.716
5.08	939.899
5.081	940.834
5.082	938.473
5.083	932.813
5.084	923.896
5.085	911.805
5.086	896.665
5.087	878.641
5.088	857.933
5.089	834.771
5.09	809.418
5.091	782.157
5.092	753.294
5.093	723.146
5.094	692.042
5.095	660.314
5.096	628.292
5.097	596.297
5.098	564.64
5.099	533.612
5.1	503.483
5.101	474.493
5.102	446.853
5.103	420.741
5.104	396.299
5.105	373.629
5.106	352.799
5.107	333.835
5.108	316.732
5.109	301.446
5.11	287.905
5.111	276.008
5.112	265.629
5.113	256.623
5.114	248.832
5.115	242.087
5.116	236.214
5.117	231.038
5.118	226.392
5.119	222.113
5.12	218.053
5.121	214.081
5.122	210.08
5.123	205.957
5.124	201.636
5.125	197.067
5.126	192.218
5.127	187.079
5.128	181.66
5.129	175.987
5.13	170.103
5.131	164.063
5.132	157.932
5.133	151.786
5.134	145.7
5.135	139.757
5.136	134.037
5.137	128.617
5.138	123.572
5.139	118.968
5.14	114.868
5.141	111.324
5.142	108.381
5.143	106.075
5.144	104.434
5.145	103.481
5.146	103.228
5.147	103.685
5.148	104.857
5.149	106.743
5.15	109.344
5.151	112.657
5.152	116.682
5.153	121.418
5.154	126.865
5.155	133.029
5.156	139.915
5.157	147.532
5.158	155.889
5.159	165
5.16	174.874
5.161	185.524
5.162	196.958
5.163	209.18
5.164	222.19
5.165	235.981
5.166	250.537
5.167	265.829
5.168	281.822
5.169	298.463
5.17	315.69
5.171	333.424
5.172	351.573
5.173	370.031
5.174	388.68
5.175	407.389
5.176	426.019
5.177	444.42
5.178	462.44
5.179	479.923
5.18	496.713
5.181	512.659
5.182	527.619
5.183	541.459
5.184	554.063
5.185	565.334
5.186	575.193
5.187	583.59
5.188	590.5
5.189	595.927
5.19	599.907
5.191	602.506
5.192	603.824
5.193	603.989
5.194	603.161
5.195	601.527
5.196	599.297
5.197	596.703
5.198	593.994
5.199	591.432
5.2	589.282
5.201	587.811
5.202	587.28
5.203	587.939
5.204	590.016
5.205	593.717
5.206	599.215
5.207	606.646
5.208	616.104
5.209	627.638
5.21	641.248
5.211	656.883
5.212	674.439
5.213	693.764
5.214	714.655
5.215	736.866
5.216	760.112
5.217	784.072
5.218	808.403
5.219	832.741
5.22	856.717
5.221	879.963
5.222	902.122
5.223	922.858
5.224	941.866
5.225	958.878
5.226	973.673
5.227	986.079
5.228	995.983
5.229	1003.32
5.23	1008.11
5.231	1010.38
5.232	1010.27
5.233	1007.94
5.234	1003.58
5.235	997.46
5.236	989.84
5.237	981.021
5.238	971.314
5.239	961.03
5.24	950.477
5.241	939.949
5.242	929.719
5.243	920.03
5.244	911.095
5.245	903.085
5.246	896.133
5.247	890.33
5.248	885.722
5.249	882.318
5.25	880.083
5.251	878.953
5.252	878.83
5.253	879.593
5.254	881.103
5.255	883.212
5.256	885.765
5.257	888.612
5.258	891.614
5.259	894.646
5.26	897.606
5.261	900.418
5.262	903.035
5.263	905.442
5.264	907.655
5.265	909.721
5.266	911.716
5.267	913.74
5.268	915.916
5.269	918.379
5.27	921.274
5.271	924.744
5.272	928.931
5.273	933.961
5.274	939.943
5.275	946.964
5.276	955.079
5.277	964.316
5.278	974.666
5.279	986.092
5.28	998.524
5.281	1011.86
5.282	1025.99
5.283	1040.76
5.284	1056.04
5.285	1071.65
5.286	1087.46
5.287	1103.32
5.288	1119.11
5.289	1134.73
5.29	1150.11
5.291	1165.2
5.292	1180
5.293	1194.54
5.294	1208.89
5.295	1223.14
5.296	1237.4
5.297	1251.82
5.298	1266.56
5.299	1281.77
5.3	1297.62
5.301	1314.25
5.302	1331.79
5.303	1350.33
5.304	1369.94
5.305	1390.62
5.306	1412.35
5.307	1435.03
5.308	1458.53
5.309	1482.64
5.31	1507.11
5.311	1531.62
5.312	1555.82
5.313	1579.32
5.314	1601.69
5.315	1622.48
5.316	1641.23
5.317	1657.49
5.318	1670.8
5.319	1680.74
5.32	1686.94
5.321	1689.05
5.322	1686.79
5.323	1679.95
5.324	1668.4
5.325	1652.05
5.326	1630.93
5.327	1605.14
5.328	1574.86
5.329	1540.33
5.33	1501.87
5.331	1459.89
5.332	1414.8
5.333	1367.11
5.334	1317.33
5.335	1265.99
5.336	1213.65
5.337	1160.85
5.338	1108.12
5.339	1055.98
5.34	1004.9
5.341	955.323
5.342	907.63
5.343	862.159
5.344	819.191
5.345	778.949
5.346	741.599
5.347	707.25
5.348	675.961
5.349	647.739
5.35	622.549
5.351	600.32
5.352	580.947
5.353	564.301
5.354	550.238
5.355	538.599
5.356	529.222
5.357	521.944
5.358	516.611
5.359	513.073
5.36	511.196
5.361	510.86
5.362	511.959
5.363	514.404
5.364	518.119
5.365	523.041
5.366	529.119
5.367	536.308
5.368	544.566
5.369	553.853
5.37	564.127
5.371	575.338
5.372	587.429
5.373	600.33
5.374	613.962
5.375	628.231
5.376	643.03
5.377	658.242
5.378	673.739
5.379	689.387
5.38	705.049
5.381	720.586
5.382	735.864
5.383	750.758
5.384	765.153
5.385	778.95
5.386	792.066
5.387	804.44
5.388	816.029
5.389	826.812
5.39	836.788
5.391	845.973
5.392	854.398
5.393	862.104
5.394	869.143
5.395	875.565
5.396	881.422
5.397	886.757
5.398	891.603
5.399	895.979
5.4	899.888
5.401	903.312
5.402	906.214
5.403	908.538
5.404	910.209
5.405	911.136
5.406	911.215
5.407	910.335
5.408	908.38
5.409	905.236
5.41	900.796
5.411	894.965
5.412	887.665
5.413	878.84
5.414	868.459
5.415	856.52
5.416	843.051
5.417	828.11
5.418	811.786
5.419	794.196
5.42	775.482
5.421	755.809
5.422	735.36
5.423	714.329
5.424	692.917
5.425	671.326
5.426	649.752
5.427	628.379
5.428	607.377
5.429	586.893
5.43	567.052
5.431	547.948
5.432	529.65
5.433	512.193
5.434	495.585
5.435	479.807
5.436	464.813
5.437	450.536
5.438	436.889
5.439	423.774
5.44	411.083
5.441	398.707
5.442	386.536
5.443	374.468
5.444	362.41
5.445	350.287
5.446	338.04
5.447	325.629
5.448	313.037
5.449	300.271
5.45	287.358
5.451	274.349
5.452	261.313
5.453	248.338
5.454	235.53
5.455	223.004
5.456	210.886
5.457	199.311
5.458	188.416
5.459	178.336
5.46	169.208
5.461	161.162
5.462	154.322
5.463	148.801
5.464	144.705
5.465	142.127
5.466	141.146
5.467	141.831
5.468	144.234
5.469	148.398
5.47	154.347
5.471	162.096
5.472	171.645
5.473	182.979
5.474	196.075
5.475	210.893
5.476	227.384
5.477	245.488
5.478	265.134
5.479	286.239
5.48	308.715
5.481	332.462
5.482	357.374
5.483	383.336
5.484	410.231
5.485	437.932
5.486	466.311
5.487	495.234
5.488	524.565
5.489	554.167
5.49	583.9
5.491	613.622
5.492	643.194
5.493	672.474
5.494	701.323
5.495	729.603
5.496	757.177
5.497	783.913
5.498	809.682
5.499	834.357
5.5	857.82
5.501	879.956
5.502	900.659
5.503	919.831
5.504	937.382
5.505	953.233
5.506	967.318
5.507	979.58
5.508	989.978
5.509	998.487
5.51	1005.09
5.511	1009.81
5.512	1012.65
5.513	1013.67
5.514	1012.92
5.515	1010.48
5.516	1006.47
5.517	1001.01
5.518	994.234
5.519	986.316
5.52	977.439
5.521	967.802
5.522	957.621
5.523	947.123
5.524	936.542
5.525	926.116
5.526	916.08
5.527	906.664
5.528	898.084
5.529	890.535
5.53	884.193
5.531	879.2
5.532	875.665
5.533	873.661
5.534	873.22
5.535	874.33
5.536	876.939
5.537	880.953
5.538	886.241
5.539	892.635
5.54	899.94
5.541	907.934
5.542	916.382
5.543	925.033
5.544	933.637
5.545	941.944
5.546	949.712
5.547	956.717
5.548	962.75
5.549	967.626
5.55	971.184
5.551	973.29
5.552	973.837
5.553	972.742
5.554	969.951
5.555	965.432
5.556	959.177
5.557	951.197
5.558	941.527
5.559	930.215
5.56	917.331
5.561	902.959
5.562	887.199
5.563	870.17
5.564	852.002
5.565	832.841
5.566	812.85
5.567	792.201
5.568	771.08
5.569	749.678
5.57	728.195
5.571	706.832
5.572	685.786
5.573	665.247
5.574	645.393
5.575	626.384
5.576	608.357
5.577	591.423
5.578	575.661
5.579	561.115
5.58	547.795
5.581	535.675
5.582	524.691
5.583	514.75
5.584	505.725
5.585	497.469
5.586	489.812
5.587	482.574
5.588	475.568
5.589	468.612
5.59	461.531
5.591	454.167
5.592	446.384
5.593	438.075
5.594	429.164
5.595	419.611
5.596	409.41
5.597	398.596
5.598	387.236
5.599	375.433
5.6	363.319
5.601	351.053
5.602	338.813
5.603	326.794
5.604	315.201
5.605	304.241
5.606	294.12
5.607	285.037
5.608	277.176
5.609	270.705
5.61	265.772
5.611	262.496
5.612	260.974
5.613	261.269
5.614	263.414
5.615	267.414
5.616	273.237
5.617	280.824
5.618	290.086
5.619	300.906
5.62	313.141
5.621	326.629
5.622	341.186
5.623	356.62
5.624	372.727
5.625	389.301
5.626	406.141
5.627	423.058
5.628	439.878
5.629	456.453
5.63	472.669
5.631	488.451
5.632	503.768
5.633	518.643
5.634	533.155
5.635	547.443
5.636	561.708
5.637	576.211
5.638	591.275
5.639	607.278
5.64	624.643
5.641	643.837
5.642	665.352
5.643	689.696
5.644	717.376
5.645	748.884
5.646	784.674
5.647	825.151
5.648	870.649
5.649	921.416
5.65	977.598
5.651	1039.23
5.652	1106.21
5.653	1178.32
5.654	1255.21
5.655	1336.38
5.656	1421.23
5.657	1509.02
5.658	1598.93
5.659	1690.05
5.66	1781.4
5.661	1872
5.662	1960.83
5.663	2046.9
5.664	2129.26
5.665	2207.04
5.666	2279.45
5.667	2345.83
5.668	2405.62
5.669	2458.41
5.67	2503.93
5.671	2542.03
5.672	2572.73
5.673	2596.12
5.674	2612.46
5.675	2622.04
5.676	2625.26
5.677	2622.57
5.678	2614.44
5.679	2601.36
5.68	2583.81
5.681	2562.27
5.682	2537.17
5.683	2508.94
5.684	2477.94
5.685	2444.51
5.686	2408.95
5.687	2371.55
5.688	2332.55
5.689	2292.22
5.69	2250.78
5.691	2208.47
5.692	2165.56
5.693	2122.3
5.694	2078.97
5.695	2035.85
5.696	1993.24
5.697	1951.43
5.698	1910.71
5.699	1871.34
5.7	1833.57
5.701	1797.59
5.702	1763.57
5.703	1731.6
5.704	1701.7
5.705	1673.86
5.706	1647.95
5.707	1623.8
5.708	1601.17
5.709	1579.75
5.71	1559.18
5.711	1539.09
5.712	1519.04
5.713	1498.6
5.714	1477.34
5.715	1454.85
5.716	1430.74
5.717	1404.69
5.718	1376.41
5.719	1345.68
5.72	1312.37
5.721	1276.42
5.722	1237.84
5.723	1196.73
5.724	1153.28
5.725	1107.73
5.726	1060.4
5.727	1011.66
5.728	961.941
5.729	911.686
5.73	861.38
5.731	811.514
5.732	762.582
5.733	715.065
5.734	669.425
5.735	626.094
5.736	585.466
5.737	547.894
5.738	513.68
5.739	483.074
5.74	456.275
5.741	433.426
5.742	414.618
5.743	399.888
5.744	389.228
5.745	382.581
5.746	379.852
5.747	380.909
5.748	385.586
5.749	393.692
5.75	405.013
5.751	419.317
5.752	436.358
5.753	455.879
5.754	477.617
5.755	501.305
5.756	526.671
5.757	553.446
5.758	581.359
5.759	610.142
5.76	639.527
5.761	669.249
5.762	699.045
5.763	728.654
5.764	757.818
5.765	786.282
5.766	813.794
5.767	840.111
5.768	864.996
5.769	888.221
5.77	909.576
5.771	928.865
5.772	945.915
5.773	960.581
5.774	972.745
5.775	982.327
5.776	989.283
5.777	993.612
5.778	995.354
5.779	994.596
5.78	991.468
5.781	986.141
5.782	978.827
5.783	969.77
5.784	959.242
5.785	947.538
5.786	934.964
5.787	921.83
5.788	908.439
5.789	895.082
5.79	882.024
5.791	869.502
5.792	857.713
5.793	846.812
5.794	836.905
5.795	828.053
5.796	820.265
5.797	813.508
5.798	807.703
5.799	802.734
5.8	798.457
5.801	794.704
5.802	791.293
5.803	788.038
5.804	784.757
5.805	781.279
5.806	777.455
5.807	773.16
5.808	768.302
5.809	762.824
5.81	756.707
5.811	749.967
5.812	742.657
5.813	734.865
5.814	726.704
5.815	718.312
5.816	709.842
5.817	701.457
5.818	693.321
5.819	685.595
5.82	678.424
5.821	671.935
5.822	666.233
5.823	661.39
5.824	657.45
5.825	654.419
5.826	652.272
5.827	650.951
5.828	650.363
5.829	650.393
5.83	650.899
5.831	651.724
5.832	652.699
5.833	653.65
5.834	654.407
5.835	654.803
5.836	654.69
5.837	653.935
5.838	652.431
5.839	650.096
5.84	646.878
5.841	642.755
5.842	637.733
5.843	631.851
5.844	625.169
5.845	617.775
5.846	609.775
5.847	601.289
5.848	592.45
5.849	583.394
5.85	574.261
5.851	565.185
5.852	556.295
5.853	547.705
5.854	539.518
5.855	531.821
5.856	524.681
5.857	518.146
5.858	512.246
5.859	506.994
5.86	502.381
5.861	498.384
5.862	494.966
5.863	492.075
5.864	489.65
5.865	487.621
5.866	485.912
5.867	484.443
5.868	483.134
5.869	481.905
5.87	480.679
5.871	479.385
5.872	477.96
5.873	476.348
5.874	474.505
5.875	472.399
5.876	470.011
5.877	467.333
5.878	464.376
5.879	461.16
5.88	457.722
5.881	454.11
5.882	450.385
5.883	446.617
5.884	442.884
5.885	439.272
5.886	435.867
5.887	432.757
5.888	430.029
5.889	427.764
5.89	426.035
5.891	424.904
5.892	424.424
5.893	424.629
5.894	425.542
5.895	427.164
5.896	429.484
5.897	432.469
5.898	436.071
5.899	440.226
5.9	444.853
5.901	449.86
5.902	455.139
5.903	460.578
5.904	466.053
5.905	471.437
5.906	476.601
5.907	481.416
5.908	485.756
5.909	489.502
5.91	492.541
5.911	494.772
5.912	496.109
5.913	496.479
5.914	495.828
5.915	494.123
5.916	491.348
5.917	487.512
5.918	482.644
5.919	476.798
5.92	470.046
5.921	462.482
5.922	454.22
5.923	445.387
5.924	436.124
5.925	426.583
5.926	416.92
5.927	407.291
5.928	397.851
5.929	388.745
5.93	380.109
5.931	372.061
5.932	364.699
5.933	358.101
5.934	352.32
5.935	347.383
5.936	343.292
5.937	340.025
5.938	337.537
5.939	335.762
5.94	334.618
5.941	334.01
5.942	333.836
5.943	333.99
5.944	334.37
5.945	334.88
5.946	335.437
5.947	335.971
5.948	336.434
5.949	336.798
5.95	337.054
5.951	337.219
5.952	337.328
5.953	337.434
5.954	337.604
5.955	337.917
5.956	338.455
5.957	339.3
5.958	340.528
5.959	342.206
5.96	344.382
5.961	347.085
5.962	350.32
5.963	354.067
5.964	358.279
5.965	362.884
5.966	367.784
5.967	372.861
5.968	377.978
5.969	382.987
5.97	387.732
5.971	392.056
5.972	395.808
5.973	398.848
5.974	401.049
5.975	402.309
5.976	402.549
5.977	401.717
5.978	399.79
5.979	396.778
5.98	392.717
5.981	387.674
5.982	381.741
5.983	375.034
5.984	367.688
5.985	359.856
5.986	351.704
5.987	343.407
5.988	335.146
5.989	327.105
5.99	319.469
5.991	312.422
5.992	306.142
5.993	300.801
5.994	296.567
5.995	293.595
5.996	292.032
5.997	292.011
5.998	293.654
5.999	297.065
6	302.328
6.001	309.509
6.002	318.651
6.003	329.768
6.004	342.85
6.005	357.855
6.006	374.709
6.007	393.308
6.008	413.515
6.009	435.163
6.01	458.059
6.011	481.983
6.012	506.695
6.013	531.945
6.014	557.471
6.015	583.012
6.016	608.316
6.017	633.144
6.018	657.277
6.019	680.529
6.02	702.744
6.021	723.807
6.022	743.645
6.023	762.229
6.024	779.571
6.025	795.725
6.026	810.785
6.027	824.874
6.028	838.144
6.029	850.764
6.03	862.914
6.031	874.776
6.032	886.526
6.033	898.324
6.034	910.309
6.035	922.594
6.036	935.256
6.037	948.337
6.038	961.84
6.039	975.729
6.04	989.931
6.041	1004.34
6.042	1018.8
6.043	1033.16
6.044	1047.22
6.045	1060.78
6.046	1073.63
6.047	1085.54
6.048	1096.3
6.049	1105.71
6.05	1113.58
6.051	1119.72
6.052	1124
6.053	1126.29
6.054	1126.48
6.055	1124.52
6.056	1120.37
6.057	1114.04
6.058	1105.55
6.059	1094.96
6.06	1082.39
6.061	1067.97
6.062	1051.85
6.063	1034.23
6.064	1015.34
6.065	995.436
6.066	974.781
6.067	953.673
6.068	932.423
6.069	911.352
6.07	890.788
6.071	871.059
6.072	852.485
6.073	835.375
6.074	820.017
6.075	806.673
6.076	795.571
6.077	786.899
6.078	780.798
6.079	777.361
6.08	776.625
6.081	778.569
6.082	783.114
6.083	790.123
6.084	799.401
6.085	810.7
6.086	823.72
6.087	838.12
6.088	853.524
6.089	869.526
6.09	885.703
6.091	901.625
6.092	916.86
6.093	930.994
6.094	943.632
6.095	954.414
6.096	963.017
6.097	969.173
6.098	972.665
6.099	973.338
6.1	971.103
6.101	965.934
6.102	957.874
6.103	947.03
6.104	933.572
6.105	917.728
6.106	899.778
6.107	880.046
6.108	858.896
6.109	836.72
6.11	813.931
6.111	790.953
6.112	768.212
6.113	746.127
6.114	725.102
6.115	705.516
6.116	687.719
6.117	672.022
6.118	658.693
6.119	647.955
6.12	639.979
6.121	634.885
6.122	632.741
6.123	633.561
6.124	637.31
6.125	643.907
6.126	653.224
6.127	665.096
6.128	679.324
6.129	695.68
6.13	713.917
6.131	733.77
6.132	754.966
6.133	777.229
6.134	800.286
6.135	823.872
6.136	847.735
6.137	871.639
6.138	895.369
6.139	918.728
6.14	941.543
6.141	963.662
6.142	984.955
6.143	1005.31
6.144	1024.64
6.145	1042.86
6.146	1059.9
6.147	1075.71
6.148	1090.23
6.149	1103.43
6.15	1115.24
6.151	1125.64
6.152	1134.57
6.153	1141.99
6.154	1147.86
6.155	1152.13
6.156	1154.77
6.157	1155.75
6.158	1155.05
6.159	1152.65
6.16	1148.57
6.161	1142.83
6.162	1135.48
6.163	1126.58
6.164	1116.24
6.165	1104.56
6.166	1091.69
6.167	1077.78
6.168	1063.01
6.169	1047.57
6.17	1031.68
6.171	1015.55
6.172	999.382
6.173	983.399
6.174	967.8
6.175	952.772
6.176	938.484
6.177	925.079
6.178	912.671
6.179	901.344
6.18	891.144
6.181	882.086
6.182	874.145
6.183	867.265
6.184	861.353
6.185	856.29
6.186	851.93
6.187	848.107
6.188	844.64
6.189	841.341
6.19	838.02
6.191	834.492
6.192	830.582
6.193	826.132
6.194	821.007
6.195	815.098
6.196	808.322
6.197	800.629
6.198	791.998
6.199	782.44
6.2	771.992
6.201	760.718
6.202	748.702
6.203	736.047
6.204	722.867
6.205	709.284
6.206	695.425
6.207	681.416
6.208	667.379
6.209	653.431
6.21	639.679
6.211	626.223
6.212	613.153
6.213	600.552
6.214	588.492
6.215	577.045
6.216	566.273
6.217	556.239
6.218	547.002
6.219	538.621
6.22	531.155
6.221	524.66
6.222	519.191
6.223	514.798
6.224	511.524
6.225	509.406
6.226	508.465
6.227	508.709
6.228	510.127
6.229	512.691
6.23	516.346
6.231	521.018
6.232	526.605
6.233	532.985
6.234	540.013
6.235	547.522
6.236	555.332
6.237	563.246
6.238	571.06
6.239	578.567
6.24	585.559
6.241	591.835
6.242	597.206
6.243	601.496
6.244	604.552
6.245	606.243
6.246	606.466
6.247	605.144
6.248	602.233
6.249	597.719
6.25	591.619
6.251	583.977
6.252	574.866
6.253	564.384
6.254	552.65
6.255	539.801
6.256	525.988
6.257	511.372
6.258	496.122
6.259	480.406
6.26	464.393
6.261	448.247
6.262	432.123
6.263	416.168
6.264	400.514
6.265	385.284
6.266	370.585
6.267	356.511
6.268	343.142
6.269	330.546
6.27	318.782
6.271	307.899
6.272	297.938
6.273	288.935
6.274	280.926
6.275	273.943
6.276	268.018
6.277	263.188
6.278	259.492
6.279	256.97
6.28	255.67
6.281	255.639
6.282	256.928
6.283	259.585
6.284	263.658
6.285	269.187
6.286	276.206
6.287	284.734
6.288	294.775
6.289	306.312
6.29	319.308
6.291	333.696
6.292	349.385
6.293	366.25
6.294	384.14
6.295	402.869
6.296	422.229
6.297	441.981
6.298	461.868
6.299	481.617
6.3	500.943
6.301	519.559
6.302	537.182
6.303	553.542
6.304	568.387
6.305	581.493
6.306	592.67
6.307	601.767
6.308	608.678
6.309	613.345
6.31	615.761
6.311	615.967
6.312	614.056
6.313	610.168
6.314	604.487
6.315	597.234
6.316	588.667
6.317	579.069
6.318	568.746
6.319	558.016
6.32	547.209
6.321	536.654
6.322	526.679
6.323	517.604
6.324	509.736
6.325	503.367
6.326	498.77
6.327	496.198
6.328	495.881
6.329	498.023
6.33	502.805
6.331	510.378
6.332	520.863
6.333	534.353
6.334	550.907
6.335	570.547
6.336	593.26
6.337	618.992
6.338	647.646
6.339	679.081
6.34	713.109
6.341	749.493
6.342	787.95
6.343	828.146
6.344	869.702
6.345	912.197
6.346	955.169
6.347	998.124
6.348	1040.55
6.349	1081.9
6.35	1121.65
6.351	1159.26
6.352	1194.23
6.353	1226.06
6.354	1254.33
6.355	1278.66
6.356	1298.73
6.357	1314.31
6.358	1325.25
6.359	1331.49
6.36	1333.07
6.361	1330.09
6.362	1322.78
6.363	1311.41
6.364	1296.37
6.365	1278.07
6.366	1256.99
6.367	1233.63
6.368	1208.52
6.369	1182.2
6.37	1155.18
6.371	1127.96
6.372	1100.99
6.373	1074.69
6.374	1049.38
6.375	1025.36
6.376	1002.83
6.377	981.931
6.378	962.73
6.379	945.223
6.38	929.344
6.381	914.968
6.382	901.923
6.383	889.996
6.384	878.945
6.385	868.506
6.386	858.407
6.387	848.379
6.388	838.161
6.389	827.512
6.39	816.218
6.391	804.098
6.392	791.009
6.393	776.85
6.394	761.563
6.395	745.134
6.396	727.59
6.397	708.998
6.398	689.462
6.399	669.113
6.4	648.109
6.401	626.625
6.402	604.848
6.403	582.966
6.404	561.17
6.405	539.638
6.406	518.539
6.407	498.02
6.408	478.21
6.409	459.213
6.41	441.109
6.411	423.952
6.412	407.773
6.413	392.58
6.414	378.36
6.415	365.083
6.416	352.704
6.417	341.166
6.418	330.405
6.419	320.35
6.42	310.929
6.421	302.07
6.422	293.703
6.423	285.761
6.424	278.186
6.425	270.923
6.426	263.93
6.427	257.169
6.428	250.614
6.429	244.25
6.43	238.069
6.431	232.076
6.432	226.287
6.433	220.725
6.434	215.426
6.435	210.436
6.436	205.807
6.437	201.602
6.438	197.889
6.439	194.741
6.44	192.234
6.441	190.447
6.442	189.453
6.443	189.326
6.444	190.131
6.445	191.923
6.446	194.747
6.447	198.634
6.448	203.598
6.449	209.638
6.45	216.732
6.451	224.843
6.452	233.913
6.453	243.865
6.454	254.609
6.455	266.037
6.456	278.031
6.457	290.459
6.458	303.187
6.459	316.073
6.46	328.975
6.461	341.755
6.462	354.277
6.463	366.416
6.464	378.058
6.465	389.099
6.466	399.453
6.467	409.049
6.468	417.833
6.469	425.772
6.47	432.848
6.471	439.064
6.472	444.438
6.473	449.006
6.474	452.822
6.475	455.951
6.476	458.472
6.477	460.477
6.478	462.066
6.479	463.346
6.48	464.432
6.481	465.44
6.482	466.492
6.483	467.706
6.484	469.203
6.485	471.095
6.486	473.493
6.487	476.499
6.488	480.204
6.489	484.688
6.49	490.017
6.491	496.24
6.492	503.387
6.493	511.471
6.494	520.478
6.495	530.375
6.496	541.101
6.497	552.572
6.498	564.681
6.499	577.297
6.5	590.267
6.501	603.421
6.502	616.574
6.503	629.53
6.504	642.087
6.505	654.044
6.506	665.203
6.507	675.376
6.508	684.392
6.509	692.1
6.51	698.372
6.511	703.109
6.512	706.241
6.513	707.73
6.514	707.569
6.515	705.782
6.516	702.423
6.517	697.57
6.518	691.327
6.519	683.814
6.52	675.168
6.521	665.536
6.522	655.071
6.523	643.925
6.524	632.251
6.525	620.197
6.526	607.899
6.527	595.485
6.528	583.07
6.529	570.756
6.53	558.63
6.531	546.766
6.532	535.222
6.533	524.046
6.534	513.271
6.535	502.921
6.536	493.006
6.537	483.532
6.538	474.492
6.539	465.876
6.54	457.667
6.541	449.843
6.542	442.379
6.543	435.247
6.544	428.417
6.545	421.859
6.546	415.543
6.547	409.437
6.548	403.513
6.549	397.744
6.55	392.104
6.551	386.572
6.552	381.129
6.553	375.759
6.554	370.451
6.555	365.197
6.556	359.992
6.557	354.837
6.558	349.735
6.559	344.692
6.56	339.719
6.561	334.828
6.562	330.035
6.563	325.358
6.564	320.816
6.565	316.432
6.566	312.23
6.567	308.235
6.568	304.476
6.569	300.981
6.57	297.783
6.571	294.915
6.572	292.415
6.573	290.319
6.574	288.67
6.575	287.51
6.576	286.886
6.577	286.843
6.578	287.429
6.579	288.692
6.58	290.677
6.581	293.427
6.582	296.979
6.583	301.364
6.584	306.603
6.585	312.707
6.586	319.674
6.587	327.483
6.588	336.101
6.589	345.471
6.59	355.521
6.591	366.156
6.592	377.262
6.593	388.709
6.594	400.347
6.595	412.015
6.596	423.54
6.597	434.743
6.598	445.446
6.599	455.47
6.6	464.649
6.601	472.83
6.602	479.879
6.603	485.688
6.604	490.176
6.605	493.297
6.606	495.039
6.607	495.425
6.608	494.519
6.609	492.42
6.61	489.26
6.611	485.205
6.612	480.447
6.613	475.202
6.614	469.701
6.615	464.184
6.616	458.897
6.617	454.077
6.618	449.952
6.619	446.732
6.62	444.599
6.621	443.706
6.622	444.171
6.623	446.07
6.624	449.439
6.625	454.271
6.626	460.514
6.627	468.076
6.628	476.826
6.629	486.6
6.63	497.204
6.631	508.421
6.632	520.02
6.633	531.762
6.634	543.407
6.635	554.727
6.636	565.504
6.637	575.546
6.638	584.69
6.639	592.804
6.64	599.793
6.641	605.602
6.642	610.213
6.643	613.648
6.644	615.962
6.645	617.242
6.646	617.604
6.647	617.179
6.648	616.115
6.649	614.566
6.65	612.684
6.651	610.615
6.652	608.491
6.653	606.427
6.654	604.513
6.655	602.815
6.656	601.372
6.657	600.197
6.658	599.275
6.659	598.57
6.66	598.025
6.661	597.566
6.662	597.11
6.663	596.567
6.664	595.848
6.665	594.865
6.666	593.541
6.667	591.811
6.668	589.625
6.669	586.952
6.67	583.777
6.671	580.107
6.672	575.963
6.673	571.388
6.674	566.433
6.675	561.165
6.676	555.656
6.677	549.985
6.678	544.229
6.679	538.465
6.68	532.762
6.681	527.182
6.682	521.775
6.683	516.579
6.684	511.618
6.685	506.904
6.686	502.432
6.687	498.189
6.688	494.149
6.689	490.277
6.69	486.536
6.691	482.883
6.692	479.279
6.693	475.688
6.694	472.079
6.695	468.436
6.696	464.751
6.697	461.031
6.698	457.3
6.699	453.595
6.7	449.966
6.701	446.477
6.702	443.201
6.703	440.216
6.704	437.605
6.705	435.444
6.706	433.807
6.707	432.752
6.708	432.325
6.709	432.551
6.71	433.43
6.711	434.943
6.712	437.041
6.713	439.655
6.714	442.689
6.715	446.031
6.716	449.552
6.717	453.115
6.718	456.574
6.719	459.791
6.72	462.633
6.721	464.982
6.722	466.742
6.723	467.841
6.724	468.237
6.725	467.921
6.726	466.916
6.727	465.278
6.728	463.095
6.729	460.483
6.73	457.582
6.731	454.549
6.732	451.557
6.733	448.78
6.734	446.395
6.735	444.571
6.736	443.461
6.737	443.199
6.738	443.896
6.739	445.634
6.74	448.463
6.741	452.401
6.742	457.434
6.743	463.513
6.744	470.562
6.745	478.474
6.746	487.118
6.747	496.344
6.748	505.984
6.749	515.861
6.75	525.79
6.751	535.583
6.752	545.058
6.753	554.038
6.754	562.356
6.755	569.861
6.756	576.418
6.757	581.911
6.758	586.244
6.759	589.341
6.76	591.15
6.761	591.638
6.762	590.792
6.763	588.619
6.764	585.143
6.765	580.404
6.766	574.453
6.767	567.356
6.768	559.185
6.769	550.021
6.77	539.951
6.771	529.063
6.772	517.452
6.773	505.21
6.774	492.432
6.775	479.213
6.776	465.647
6.777	451.828
6.778	437.85
6.779	423.806
6.78	409.79
6.781	395.893
6.782	382.21
6.783	368.833
6.784	355.852
6.785	343.36
6.786	331.444
6.787	320.191
6.788	309.685
6.789	300.003
6.79	291.222
6.791	283.41
6.792	276.63
6.793	270.941
6.794	266.395
6.795	263.039
6.796	260.915
6.797	260.064
6.798	260.523
6.799	262.328
6.8	265.518
6.801	270.131
6.802	276.213
6.803	283.812
6.804	292.982
6.805	303.784
6.806	316.283
6.807	330.549
6.808	346.655
6.809	364.673
6.81	384.673
6.811	406.718
6.812	430.859
6.813	457.132
6.814	485.551
6.815	516.106
6.816	548.754
6.817	583.419
6.818	619.985
6.819	658.297
6.82	698.153
6.821	739.312
6.822	781.487
6.823	824.351
6.824	867.543
6.825	910.668
6.826	953.307
6.827	995.027
6.828	1035.38
6.829	1073.94
6.83	1110.25
6.831	1143.93
6.832	1174.6
6.833	1201.91
6.834	1225.59
6.835	1245.4
6.836	1261.18
6.837	1272.84
6.838	1280.33
6.839	1283.69
6.84	1283.03
6.841	1278.49
6.842	1270.31
6.843	1258.73
6.844	1244.08
6.845	1226.67
6.846	1206.86
6.847	1185.03
6.848	1161.53
6.849	1136.72
6.85	1110.95
6.851	1084.54
6.852	1057.78
6.853	1030.94
6.854	1004.24
6.855	977.896
6.856	952.064
6.857	926.885
6.858	902.47
6.859	878.904
6.86	856.254
6.861	834.571
6.862	813.89
6.863	794.238
6.864	775.636
6.865	758.095
6.866	741.627
6.867	726.235
6.868	711.92
6.869	698.68
6.87	686.506
6.871	675.382
6.872	665.286
6.873	656.186
6.874	648.045
6.875	640.813
6.876	634.432
6.877	628.837
6.878	623.955
6.879	619.706
6.88	616.007
6.881	612.772
6.882	609.913
6.883	607.346
6.884	604.989
6.885	602.765
6.886	600.605
6.887	598.448
6.888	596.243
6.889	593.948
6.89	591.533
6.891	588.978
6.892	586.276
6.893	583.428
6.894	580.448
6.895	577.357
6.896	574.184
6.897	570.968
6.898	567.75
6.899	564.575
6.9	561.492
6.901	558.55
6.902	555.793
6.903	553.264
6.904	550.999
6.905	549.028
6.906	547.37
6.907	546.034
6.908	545.019
6.909	544.312
6.91	543.886
6.911	543.708
6.912	543.73
6.913	543.899
6.914	544.158
6.915	544.444
6.916	544.697
6.917	544.86
6.918	544.885
6.919	544.735
6.92	544.386
6.921	543.832
6.922	543.087
6.923	542.185
6.924	541.181
6.925	540.149
6.926	539.182
6.927	538.39
6.928	537.89
6.929	537.809
6.93	538.273
6.931	539.404
6.932	541.311
6.933	544.085
6.934	547.795
6.935	552.479
6.936	558.143
6.937	564.758
6.938	572.258
6.939	580.539
6.94	589.464
6.941	598.862
6.942	608.538
6.943	618.278
6.944	627.853
6.945	637.031
6.946	645.585
6.947	653.299
6.948	659.978
6.949	665.455
6.95	669.595
6.951	672.302
6.952	673.521
6.953	673.237
6.954	671.478
6.955	668.308
6.956	663.827
6.957	658.164
6.958	651.47
6.959	643.912
6.96	635.665
6.961	626.906
6.962	617.803
6.963	608.517
6.964	599.186
6.965	589.931
6.966	580.844
6.967	571.996
6.968	563.427
6.969	555.154
6.97	547.17
6.971	539.448
6.972	531.942
6.973	524.594
6.974	517.338
6.975	510.1
6.976	502.808
6.977	495.39
6.978	487.783
6.979	479.928
6.98	471.781
6.981	463.306
6.982	454.483
6.983	445.303
6.984	435.772
6.985	425.908
6.986	415.742
6.987	405.314
6.988	394.677
6.989	383.893
6.99	373.03
6.991	362.166
6.992	351.383
6.993	340.769
6.994	330.415
6.995	320.416
6.996	310.87
6.997	301.877
6.998	293.536
6.999	285.948
7	279.214
7.001	273.434
7.002	268.705
7.003	265.124
7.004	262.783
7.005	261.77
7.006	262.169
7.007	264.057
7.008	267.503
7.009	272.568
7.01	279.302
7.011	287.741
7.012	297.911
7.013	309.817
7.014	323.451
7.015	338.783
7.016	355.763
7.017	374.319
7.018	394.356
7.019	415.755
7.02	438.373
7.021	462.046
7.022	486.585
7.023	511.783
7.024	537.414
7.025	563.237
7.026	588.998
7.027	614.436
7.028	639.286
7.029	663.283
7.03	686.166
7.031	707.685
7.032	727.602
7.033	745.697
7.034	761.772
7.035	775.655
7.036	787.197
7.037	796.283
7.038	802.828
7.039	806.778
7.04	808.113
7.041	806.845
7.042	803.018
7.043	796.706
7.044	788.014
7.045	777.071
7.046	764.032
7.047	749.074
7.048	732.39
7.049	714.192
7.05	694.701
7.051	674.146
7.052	652.763
7.053	630.786
7.054	608.447
7.055	585.973
7.056	563.58
7.057	541.471
7.058	519.836
7.059	498.845
7.06	478.648
7.061	459.377
7.062	441.138
7.063	424.019
7.064	408.082
7.065	393.368
7.066	379.899
7.067	367.675
7.068	356.68
7.069	346.88
7.07	338.228
7.071	330.666
7.072	324.125
7.073	318.53
7.074	313.8
7.075	309.851
7.076	306.598
7.077	303.957
7.078	301.846
7.079	300.185
7.08	298.903
7.081	297.93
7.082	297.207
7.083	296.683
7.084	296.314
7.085	296.069
7.086	295.925
7.087	295.873
7.088	295.917
7.089	296.074
7.09	296.375
7.091	296.867
7.092	297.613
7.093	298.69
7.094	300.193
7.095	302.231
7.096	304.928
7.097	308.419
7.098	312.854
7.099	318.387
7.1	325.178
7.101	333.386
7.102	343.167
7.103	354.667
7.104	368.014
7.105	383.316
7.106	400.653
7.107	420.069
7.108	441.569
7.109	465.114
7.11	490.613
7.111	517.928
7.112	546.865
7.113	577.178
7.114	608.573
7.115	640.707
7.116	673.2
7.117	705.641
7.118	737.595
7.119	768.618
7.12	798.268
7.121	826.119
7.122	851.771
7.123	874.867
7.124	895.104
7.125	912.242
7.126	926.116
7.127	936.641
7.128	943.82
7.129	947.739
7.13	948.574
7.131	946.581
7.132	942.092
7.133	935.504
7.134	927.269
7.135	917.877
7.136	907.847
7.137	897.704
7.138	887.966
7.139	879.131
7.14	871.655
7.141	865.944
7.142	862.34
7.143	861.109
7.144	862.436
7.145	866.421
7.146	873.07
7.147	882.305
7.148	893.96
7.149	907.787
7.15	923.467
7.151	940.617
7.152	958.8
7.153	977.541
7.154	996.337
7.155	1014.67
7.156	1032.02
7.157	1047.89
7.158	1061.8
7.159	1073.31
7.16	1082.03
7.161	1087.63
7.162	1089.84
7.163	1088.46
7.164	1083.38
7.165	1074.56
7.166	1062.03
7.167	1045.93
7.168	1026.42
7.169	1003.79
7.17	978.352
7.171	950.491
7.172	920.639
7.173	889.263
7.174	856.862
7.175	823.952
7.176	791.058
7.177	758.703
7.178	727.401
7.179	697.644
7.18	669.897
7.181	644.593
7.182	622.119
7.183	602.82
7.184	586.99
7.185	574.867
7.186	566.634
7.187	562.418
7.188	562.284
7.189	566.239
7.19	574.23
7.191	586.147
7.192	601.819
7.193	621.023
7.194	643.479
7.195	668.858
7.196	696.783
7.197	726.833
7.198	758.55
7.199	791.445
7.2	825.004
7.201	858.697
7.202	891.985
7.203	924.331
7.204	955.212
7.205	984.125
7.206	1010.6
7.207	1034.21
7.208	1054.58
7.209	1071.4
7.21	1084.41
7.211	1093.44
7.212	1098.39
7.213	1099.23
7.214	1096.02
7.215	1088.88
7.216	1078.02
7.217	1063.68
7.218	1046.18
7.219	1025.88
7.22	1003.18
7.221	978.493
7.222	952.267
7.223	924.941
7.224	896.955
7.225	868.733
7.226	840.681
7.227	813.178
7.228	786.568
7.229	761.162
7.23	737.228
7.231	714.997
7.232	694.653
7.233	676.345
7.234	660.175
7.235	646.21
7.236	634.476
7.237	624.968
7.238	617.641
7.239	612.425
7.24	609.218
7.241	607.892
7.242	608.297
7.243	610.261
7.244	613.598
7.245	618.104
7.246	623.571
7.247	629.781
7.248	636.517
7.249	643.567
7.25	650.726
7.251	657.804
7.252	664.627
7.253	671.044
7.254	676.931
7.255	682.192
7.256	686.76
7.257	690.6
7.258	693.711
7.259	696.119
7.26	697.878
7.261	699.067
7.262	699.782
7.263	700.135
7.264	700.246
7.265	700.234
7.266	700.216
7.267	700.299
7.268	700.571
7.269	701.101
7.27	701.934
7.271	703.088
7.272	704.551
7.273	706.285
7.274	708.226
7.275	710.285
7.276	712.355
7.277	714.314
7.278	716.032
7.279	717.376
7.28	718.216
7.281	718.432
7.282	717.919
7.283	716.594
7.284	714.394
7.285	711.287
7.286	707.265
7.287	702.352
7.288	696.596
7.289	690.072
7.29	682.875
7.291	675.118
7.292	666.927
7.293	658.433
7.294	649.769
7.295	641.066
7.296	632.444
7.297	624.012
7.298	615.861
7.299	608.063
7.3	600.671
7.301	593.715
7.302	587.206
7.303	581.135
7.304	575.478
7.305	570.196
7.306	565.242
7.307	560.563
7.308	556.104
7.309	551.813
7.31	547.647
7.311	543.57
7.312	539.561
7.313	535.614
7.314	531.739
7.315	527.963
7.316	524.331
7.317	520.901
7.318	517.748
7.319	514.956
7.32	512.618
7.321	510.83
7.322	509.691
7.323	509.296
7.324	509.735
7.325	511.087
7.326	513.419
7.327	516.783
7.328	521.213
7.329	526.729
7.33	533.329
7.331	540.996
7.332	549.695
7.333	559.376
7.334	569.976
7.335	581.422
7.336	593.632
7.337	606.517
7.338	619.987
7.339	633.949
7.34	648.31
7.341	662.979
7.342	677.867
7.343	692.888
7.344	707.956
7.345	722.986
7.346	737.893
7.347	752.59
7.348	766.985
7.349	780.981
7.35	794.474
7.351	807.352
7.352	819.494
7.353	830.773
7.354	841.053
7.355	850.191
7.356	858.045
7.357	864.471
7.358	869.328
7.359	872.486
7.36	873.827
7.361	873.251
7.362	870.68
7.363	866.064
7.364	859.381
7.365	850.644
7.366	839.9
7.367	827.233
7.368	812.761
7.369	796.637
7.37	779.043
7.371	760.192
7.372	740.317
7.373	719.668
7.374	698.506
7.375	677.099
7.376	655.709
7.377	634.59
7.378	613.984
7.379	594.108
7.38	575.155
7.381	557.291
7.382	540.645
7.383	525.315
7.384	511.361
7.385	498.809
7.386	487.651
7.387	477.846
7.388	469.326
7.389	461.993
7.39	455.732
7.391	450.409
7.392	445.874
7.393	441.974
7.394	438.548
7.395	435.437
7.396	432.486
7.397	429.549
7.398	426.491
7.399	423.191
7.4	419.543
7.401	415.463
7.402	410.885
7.403	405.765
7.404	400.079
7.405	393.827
7.406	387.03
7.407	379.728
7.408	371.985
7.409	363.879
7.41	355.508
7.411	346.982
7.412	338.426
7.413	329.971
7.414	321.755
7.415	313.922
7.416	306.612
7.417	299.965
7.418	294.11
7.419	289.17
7.42	285.254
7.421	282.456
7.422	280.851
7.423	280.496
7.424	281.426
7.425	283.658
7.426	287.183
7.427	291.973
7.428	297.98
7.429	305.136
7.43	313.355
7.431	322.54
7.432	332.579
7.433	343.352
7.434	354.731
7.435	366.587
7.436	378.792
7.437	391.219
7.438	403.748
7.439	416.266
7.44	428.672
7.441	440.876
7.442	452.802
7.443	464.388
7.444	475.585
7.445	486.361
7.446	496.693
7.447	506.574
7.448	516.007
7.449	525.004
7.45	533.583
7.451	541.769
7.452	549.59
7.453	557.074
7.454	564.25
7.455	571.144
7.456	577.779
7.457	584.173
7.458	590.341
7.459	596.291
7.46	602.026
7.461	607.549
7.462	612.854
7.463	617.937
7.464	622.791
7.465	627.411
7.466	631.79
7.467	635.926
7.468	639.82
7.469	643.476
7.47	646.899
7.471	650.102
7.472	653.095
7.473	655.892
7.474	658.507
7.475	660.951
7.476	663.233
7.477	665.353
7.478	667.308
7.479	669.084
7.48	670.659
7.481	671.999
7.482	673.063
7.483	673.797
7.484	674.142
7.485	674.031
7.486	673.394
7.487	672.159
7.488	670.259
7.489	667.632
7.49	664.225
7.491	660.001
7.492	654.94
7.493	649.042
7.494	642.332
7.495	634.86
7.496	626.703
7.497	617.969
7.498	608.791
7.499	599.331
