0.5	0
0.501	0
0.502	0
0.503	0
0.504	0
0.505	0
0.506	0
0.507	0
0.508	0
0.509	0
0.51	0
0.511	0
0.512	0
0.513	0
0.514	0
0.515	0
0.516	0
0.517	0
0.518	0
0.519	0
0.52	0
0.521	0
0.522	0
0.523	0
0.524	0
0.525	0
0.526	0
0.527	0
0.528	0
0.529	0
0.53	0
0.531	0
0.532	0
0.533	0
0.534	0
0.535	0
0.536	0
0.537	0
0.538	0
0.539	0
0.54	0
0.541	0
0.542	0
0.543	0
0.544	0
0.545	0
0.546	1.95205e-320
0.547	3.34321e-317
0.548	5.54451e-314
0.549	8.85512e-311
0.55	1.36194e-307
0.551	2.01723e-304
0.552	2.87731e-301
0.553	3.9523e-298
0.554	5.22814e-295
0.555	6.66004e-292
0.556	8.17034e-289
0.557	9.65242e-286
0.558	1.09816e-282
0.559	1.20317e-279
0.56	1.26947e-276
0.561	1.28989e-273
0.562	1.26216e-270
0.563	1.18934e-267
0.564	1.07928e-264
0.565	9.43184e-262
0.566	7.93763e-259
0.567	6.43306e-256
0.568	5.02086e-253
0.569	3.77374e-250
0.57	2.73148e-247
0.571	1.90396e-244
0.572	1.27806e-241
0.573	8.26183e-239
0.574	5.14322e-236
0.575	3.08338e-233
0.576	1.78013e-230
0.577	9.89715e-228
0.578	5.29909e-225
0.579	2.73229e-222
0.58	1.3567e-219
0.581	6.48745e-217
0.582	2.98743e-214
0.583	1.32481e-211
0.584	5.65777e-209
0.585	2.32685e-206
0.586	9.21561e-204
0.587	3.5149e-201
0.588	1.29103e-198
0.589	4.56658e-196
0.59	1.55554e-193
0.591	5.10272e-191
0.592	1.61197e-188
0.593	4.90393e-186
0.594	1.4367e-183
0.595	4.0534e-181
0.596	1.1013e-178
0.597	2.88156e-176
0.598	7.26074e-174
0.599	1.76184e-171
0.6	4.11706e-169
0.601	9.26489e-167
0.602	2.00783e-164
0.603	4.1903e-162
0.604	8.42165e-160
0.605	1.62998e-157
0.606	3.03809e-155
0.607	5.45321e-153
0.608	9.4262e-151
0.609	1.56911e-148
0.61	2.51539e-146
0.611	3.88319e-144
0.612	5.77306e-142
0.613	8.26525e-140
0.614	1.13957e-137
0.615	1.51306e-135
0.616	1.93466e-133
0.617	2.38225e-131
0.618	2.8249e-129
0.619	3.22591e-127
0.62	3.54759e-125
0.621	3.75707e-123
0.622	3.83175e-121
0.623	3.76338e-119
0.624	3.55953e-117
0.625	3.2422e-115
0.626	2.84394e-113
0.627	2.40234e-111
0.628	1.95425e-109
0.629	1.53095e-107
0.63	1.15498e-105
0.631	8.3911e-104
0.632	5.87081e-102
0.633	3.95558e-100
0.634	2.56659e-98
0.635	1.60374e-96
0.636	9.65041e-95
0.637	5.5923e-93
0.638	3.12082e-91
0.639	1.67718e-89
0.64	8.68007e-88
0.641	4.32614e-86
0.642	2.0764e-84
0.643	9.5974e-83
0.644	4.27199e-81
0.645	1.83122e-79
0.646	7.55931e-78
0.647	3.00509e-76
0.648	1.15045e-74
0.649	4.2414e-73
0.65	1.50586e-71
0.651	5.14863e-70
0.652	1.69525e-68
0.653	5.37536e-67
0.654	1.6414e-65
0.655	4.82676e-64
0.656	1.36688e-62
0.657	3.72766e-61
0.658	9.78986e-60
0.659	2.47599e-58
0.66	6.03053e-57
0.661	1.41447e-55
0.662	3.19497e-54
0.663	6.9498e-53
0.664	1.45583e-51
0.665	2.93686e-50
0.666	5.70542e-49
0.667	1.0674e-47
0.668	1.92308e-46
0.669	3.33657e-45
0.67	5.57491e-44
0.671	8.97032e-43
0.672	1.38999e-41
0.673	2.07419e-40
0.674	2.98069e-39
0.675	4.12496e-38
0.676	5.49738e-37
0.677	7.05546e-36
0.678	8.72021e-35
0.679	1.03792e-33
0.68	1.18968e-32
0.681	1.3132e-31
0.682	1.39594e-30
0.683	1.42901e-29
0.684	1.40875e-28
0.685	1.33742e-27
0.686	1.22274e-26
0.687	1.07655e-25
0.688	9.12785e-25
0.689	7.45306e-24
0.69	5.86049e-23
0.691	4.43779e-22
0.692	3.23618e-21
0.693	2.27264e-20
0.694	1.53696e-19
0.695	1.00098e-18
0.696	6.27806e-18
0.697	3.7919e-17
0.698	2.20557e-16
0.699	1.23543e-15
0.7	6.66421e-15
0.701	3.46188e-14
0.702	1.73184e-13
0.703	8.34331e-13
0.704	3.87081e-12
0.705	1.72941e-11
0.706	7.44091e-11
0.707	3.08311e-10
0.708	1.23022e-09
0.709	4.72729e-09
0.71	1.74934e-08
0.711	6.23402e-08
0.712	2.13942e-07
0.713	7.07061e-07
0.714	2.25035e-06
0.715	6.89728e-06
0.716	2.03581e-05
0.717	5.7867e-05
0.718	0.000158401
0.719	0.000417558
0.72	0.00106001
0.721	0.0025914
0.722	0.0061009
0.723	0.013832
0.724	0.0302003
0.725	0.0634993
0.726	0.128576
0.727	0.250717
0.728	0.470806
0.729	0.851397
0.73	1.48271
0.731	2.48664
0.732	4.01608
0.733	6.24634
0.734	9.35581
0.735	13.4949
0.736	18.7453
0.737	25.0754
0.738	32.3026
0.739	40.0736
0.74	47.8755
0.741	55.0809
0.742	61.027
0.743	65.1142
0.744	66.9057
0.745	66.2039
0.746	63.0865
0.747	57.8926
0.748	51.1614
0.749	43.5407
0.75	35.6846
0.751	28.1644
0.752	21.4068
0.753	15.6689
0.754	11.0447
0.755	7.49733
0.756	4.90107
0.757	3.08538
0.758	1.87051
0.759	1.09205
0.76	0.613988
0.761	0.332437
0.762	0.173338
0.763	0.087038
0.764	0.042088
0.765	0.0195993
0.766	0.00878934
0.767	0.00379581
0.768	0.00157865
0.769	0.000632268
0.77	0.000243865
0.771	9.05796e-05
0.772	3.24e-05
0.773	1.11607e-05
0.774	3.7023e-06
0.775	1.18273e-06
0.776	3.63858e-07
0.777	1.07798e-07
0.778	3.07556e-08
0.779	8.45027e-09
0.78	2.23588e-09
0.781	5.6972e-10
0.782	1.398e-10
0.783	3.30358e-11
0.784	7.5179e-12
0.785	1.64756e-12
0.786	3.47711e-13
0.787	7.06691e-14
0.788	1.38316e-14
0.789	2.60706e-15
0.79	4.73217e-16
0.791	8.27187e-17
0.792	1.39245e-17
0.793	2.2573e-18
0.794	3.52397e-19
0.795	5.29794e-20
0.796	7.67036e-21
0.797	1.06944e-21
0.798	1.43593e-22
0.799	1.8567e-23
0.8	2.31197e-24
0.801	2.7724e-25
0.802	3.20157e-26
0.803	3.56044e-27
0.804	3.81309e-28
0.805	3.93264e-29
0.806	3.90593e-30
0.807	3.73591e-31
0.808	3.44114e-32
0.809	3.0524e-33
0.81	2.60744e-34
0.811	2.14496e-35
0.812	1.69925e-36
0.813	1.29637e-37
0.814	9.52432e-39
0.815	6.73863e-40
0.816	4.59137e-41
0.817	3.01264e-42
0.818	1.90364e-43
0.819	1.15839e-44
0.82	6.78824e-46
0.821	3.83084e-47
0.822	2.08192e-48
0.823	1.0896e-49
0.824	5.49163e-51
0.825	2.66545e-52
0.826	1.24587e-53
0.827	5.60799e-55
0.828	2.43095e-56
0.829	1.01479e-57
0.83	4.07954e-59
0.831	1.57935e-60
0.832	5.88815e-62
0.833	2.11404e-63
0.834	7.30936e-65
0.835	2.43377e-66
0.836	7.80391e-68
0.837	2.40979e-69
0.838	7.16601e-71
0.839	2.05215e-72
0.84	5.65946e-74
0.841	1.50305e-75
0.842	3.8442e-77
0.843	9.46826e-79
0.844	2.24578e-80
0.845	5.12978e-82
0.846	1.1284e-83
0.847	2.39034e-85
0.848	4.8763e-87
0.849	9.57975e-89
0.85	1.81239e-90
0.851	3.30202e-92
0.852	5.79352e-94
0.853	9.78901e-96
0.854	1.59294e-97
0.855	2.73971e-99
0.856	5.24663e-99
0.857	1.09082e-97
0.858	2.23887e-96
0.859	4.50388e-95
0.86	8.88021e-94
0.861	1.71609e-92
0.862	3.25038e-91
0.863	6.03404e-90
0.864	1.0979e-88
0.865	1.95791e-87
0.866	3.42219e-86
0.867	5.86266e-85
0.868	9.84384e-84
0.869	1.61999e-82
0.87	2.61301e-81
0.871	4.13093e-80
0.872	6.40079e-79
0.873	9.72072e-78
0.874	1.44691e-76
0.875	2.11089e-75
0.876	3.01834e-74
0.877	4.23008e-73
0.878	5.81045e-72
0.879	7.82256e-71
0.88	1.03221e-69
0.881	1.33495e-68
0.882	1.69216e-67
0.883	2.10232e-66
0.884	2.55996e-65
0.885	3.05525e-64
0.886	3.57388e-63
0.887	4.09744e-62
0.888	4.60431e-61
0.889	5.07101e-60
0.89	5.47399e-59
0.891	5.79152e-58
0.892	6.00566e-57
0.893	6.1039e-56
0.894	6.08042e-55
0.895	5.93661e-54
0.896	5.68097e-53
0.897	5.32827e-52
0.898	4.89811e-51
0.899	4.41316e-50
0.9	3.89718e-49
0.901	3.37311e-48
0.902	2.86147e-47
0.903	2.37918e-46
0.904	1.93885e-45
0.905	1.5486e-44
0.906	1.21231e-43
0.907	9.30184e-43
0.908	6.99523e-42
0.909	5.15602e-41
0.91	3.72483e-40
0.911	2.6374e-39
0.912	1.83032e-38
0.913	1.24496e-37
0.914	8.29971e-37
0.915	5.42313e-36
0.916	3.47309e-35
0.917	2.18002e-34
0.918	1.34118e-33
0.919	8.08703e-33
0.92	4.77938e-32
0.921	2.76843e-31
0.922	1.57171e-30
0.923	8.74568e-30
0.924	4.76971e-29
0.925	2.54959e-28
0.926	1.33576e-27
0.927	6.85904e-27
0.928	3.45206e-26
0.929	1.70284e-25
0.93	8.23278e-25
0.931	3.90121e-24
0.932	1.81189e-23
0.933	8.24786e-23
0.934	3.67986e-22
0.935	1.60916e-21
0.936	6.89681e-21
0.937	2.89718e-20
0.938	1.19284e-19
0.939	4.81356e-19
0.94	1.90384e-18
0.941	7.38031e-18
0.942	2.80412e-17
0.943	1.04424e-16
0.944	3.81136e-16
0.945	1.36345e-15
0.946	4.78056e-15
0.947	1.64284e-14
0.948	5.53342e-14
0.949	1.82671e-13
0.95	5.91052e-13
0.951	1.87439e-12
0.952	5.82604e-12
0.953	1.77487e-11
0.954	5.29953e-11
0.955	1.55092e-10
0.956	4.44855e-10
0.957	1.25063e-09
0.958	3.446e-09
0.959	9.30642e-09
0.96	2.46337e-08
0.961	6.39079e-08
0.962	1.62502e-07
0.963	4.04989e-07
0.964	9.89249e-07
0.965	2.36836e-06
0.966	5.55735e-06
0.967	1.27811e-05
0.968	2.88103e-05
0.969	6.3651e-05
0.97	0.00013783
0.971	0.000292522
0.972	0.000608491
0.973	0.00124059
0.974	0.00247904
0.975	0.00485529
0.976	0.00932025
0.977	0.0175355
0.978	0.0323362
0.979	0.0584437
0.98	0.10353
0.981	0.179752
0.982	0.305886
0.983	0.510183
0.984	0.834009
0.985	1.33627
0.986	2.09845
0.987	3.22985
0.988	4.87242
0.989	7.20423
0.99	10.4403
0.991	14.8292
0.992	20.6445
0.993	28.1694
0.994	37.6736
0.995	49.3845
0.996	63.4517
0.997	79.9111
0.998	98.6505
0.999	119.384
1	141.642
1.001	164.779
1.002	188.006
1.003	210.457
1.004	231.267
1.005	249.685
1.006	265.195
1.007	277.64
1.008	287.342
1.009	295.204
1.01	302.78
1.011	312.308
1.012	326.696
1.013	349.447
1.014	384.526
1.015	436.162
1.016	508.574
1.017	605.646
1.018	730.535
1.019	885.262
1.02	1070.29
1.021	1284.18
1.022	1523.28
1.023	1781.63
1.024	2051.04
1.025	2321.38
1.026	2581.11
1.027	2818.02
1.028	3020.14
1.029	3176.62
1.03	3278.74
1.031	3320.6
1.032	3299.68
1.033	3217.06
1.034	3077.3
1.035	2888.02
1.036	2659.15
1.037	2402.14
1.038	2128.95
1.039	1851.15
1.04	1579.17
1.041	1321.67
1.042	1085.24
1.043	874.26
1.044	690.975
1.045	535.788
1.046	407.598
1.047	304.214
1.048	222.759
1.049	160.03
1.05	112.792
1.051	77.9946
1.052	52.9143
1.053	35.2226
1.054	23.0074
1.055	14.7528
1.056	9.2961
1.057	5.77333
1.058	3.56285
1.059	2.23266
1.06	1.49531
1.061	1.17183
1.062	1.16478
1.063	1.43945
1.064	2.01211
1.065	2.94364
1.066	4.33724
1.067	6.33834
1.068	9.13542
1.069	12.9601
1.07	18.0846
1.071	24.8156
1.072	33.4829
1.073	44.4209
1.074	57.9448
1.075	74.3195
1.076	93.7242
1.077	116.215
1.078	141.688
1.079	169.849
1.08	200.195
1.081	232.01
1.082	264.374
1.083	296.204
1.084	326.306
1.085	353.442
1.086	376.42
1.087	394.174
1.088	405.848
1.089	410.865
1.09	408.974
1.091	400.269
1.092	385.185
1.093	364.458
1.094	339.067
1.095	310.159
1.096	278.962
1.097	246.697
1.098	214.509
1.099	183.394
1.1	154.165
1.101	127.423
1.102	103.555
1.103	82.7474
1.104	65.0126
1.105	50.2229
1.106	38.1475
1.107	28.4899
1.108	20.9207
1.109	15.105
1.11	10.7233
1.111	7.48506
1.112	5.13716
1.113	3.46666
1.114	2.30017
1.115	1.50061
1.116	0.962582
1.117	0.60711
1.118	0.376494
1.119	0.229567
1.12	0.137632
1.121	0.081132
1.122	0.0470245
1.123	0.0267989
1.124	0.0150166
1.125	0.00827342
1.126	0.00448187
1.127	0.00238723
1.128	0.00125023
1.129	0.000643792
1.13	0.000325959
1.131	0.000162271
1.132	7.94312e-05
1.133	3.82339e-05
1.134	1.81052e-05
1.135	8.45285e-06
1.136	3.93331e-06
1.137	1.91956e-06
1.138	1.18525e-06
1.139	1.25747e-06
1.14	2.15251e-06
1.141	4.37059e-06
1.142	9.14158e-06
1.143	1.9025e-05
1.144	3.91153e-05
1.145	7.93366e-05
1.146	0.000158703
1.147	0.000313084
1.148	0.000609104
1.149	0.00116864
1.15	0.00221117
1.151	0.00412594
1.152	0.00759238
1.153	0.0137781
1.154	0.024658
1.155	0.0435193
1.156	0.0757464
1.157	0.130016
1.158	0.220085
1.159	0.3674
1.16	0.604844
1.161	0.981983
1.162	1.57225
1.163	2.48252
1.164	3.86564
1.165	5.93617
1.166	8.98975
1.167	13.4259
1.168	19.7741
1.169	28.7215
1.17	41.1407
1.171	58.1157
1.172	80.96
1.173	111.225
1.174	150.693
1.175	201.344
1.176	265.302
1.177	344.745
1.178	441.786
1.179	558.318
1.18	695.838
1.181	855.244
1.182	1036.64
1.183	1239.15
1.184	1460.74
1.185	1698.16
1.186	1946.89
1.187	2201.2
1.188	2454.34
1.189	2698.76
1.19	2926.52
1.191	3129.64
1.192	3300.6
1.193	3432.8
1.194	3520.94
1.195	3561.45
1.196	3552.63
1.197	3494.85
1.198	3390.5
1.199	3243.81
1.2	3060.57
1.201	2847.78
1.202	2613.16
1.203	2364.73
1.204	2110.35
1.205	1857.3
1.206	1612
1.207	1379.77
1.208	1164.67
1.209	969.513
1.21	795.906
1.211	644.356
1.212	514.454
1.213	405.063
1.214	314.525
1.215	240.849
1.216	181.882
1.217	135.453
1.218	99.4825
1.219	72.0542
1.22	51.467
1.221	36.2538
1.222	25.1846
1.223	17.2533
1.224	11.6564
1.225	7.76631
1.226	5.10294
1.227	3.3066
1.228	2.113
1.229	1.3316
1.23	0.827566
1.231	0.507211
1.232	0.306571
1.233	0.182738
1.234	0.107419
1.235	0.062272
1.236	0.0356007
1.237	0.0200716
1.238	0.0111599
1.239	0.00611919
1.24	0.00330891
1.241	0.00176454
1.242	0.00092797
1.243	0.000481274
1.244	0.000246154
1.245	0.000124159
1.246	6.17597e-05
1.247	3.02962e-05
1.248	1.46564e-05
1.249	6.99237e-06
1.25	3.2899e-06
1.251	1.5266e-06
1.252	6.98808e-07
1.253	3.15937e-07
1.254	1.41897e-07
1.255	6.50653e-08
1.256	3.40872e-08
1.257	2.6985e-08
1.258	3.71474e-08
1.259	6.82752e-08
1.26	1.35015e-07
1.261	2.68851e-07
1.262	5.31148e-07
1.263	1.03792e-06
1.264	2.00485e-06
1.265	3.82754e-06
1.266	7.2221e-06
1.267	1.34683e-05
1.268	2.48237e-05
1.269	4.52193e-05
1.27	8.14115e-05
1.271	0.000144861
1.272	0.000254755
1.273	0.000442789
1.274	0.000760634
1.275	0.00129139
1.276	0.00216694
1.277	0.00359367
1.278	0.00589025
1.279	0.00954188
1.28	0.015277
1.281	0.0241739
1.282	0.0378059
1.283	0.0584355
1.284	0.0892685
1.285	0.13478
1.286	0.201119
1.287	0.296612
1.288	0.432341
1.289	0.622829
1.29	0.88678
1.291	1.24786
1.292	1.73549
1.293	2.38551
1.294	3.24075
1.295	4.35125
1.296	5.77412
1.297	7.5729
1.298	9.81619
1.299	12.5756
1.3	15.9227
1.301	19.9256
1.302	24.6439
1.303	30.1239
1.304	36.3929
1.305	43.4538
1.306	51.2793
1.307	59.8083
1.308	68.9421
1.309	78.5438
1.31	88.4389
1.311	98.4191
1.312	108.248
1.313	117.67
1.314	126.419
1.315	134.235
1.316	140.871
1.317	146.111
1.318	149.779
1.319	151.747
1.32	151.948
1.321	150.374
1.322	147.081
1.323	142.181
1.324	135.842
1.325	128.271
1.326	119.709
1.327	110.416
1.328	100.656
1.329	90.6886
1.33	80.7549
1.331	71.0706
1.332	61.818
1.333	53.1428
1.334	45.1521
1.335	37.9154
1.336	31.4672
1.337	25.811
1.338	20.9245
1.339	16.7652
1.34	13.276
1.341	10.3904
1.342	8.0371
1.343	6.14428
1.344	4.64245
1.345	3.46679
1.346	2.55866
1.347	1.86638
1.348	1.34553
1.349	0.958718
1.35	0.675138
1.351	0.469892
1.352	0.323228
1.353	0.219747
1.354	0.147654
1.355	0.0980565
1.356	0.0643617
1.357	0.0417569
1.358	0.0267833
1.359	0.0169933
1.36	0.0106826
1.361	0.00668443
1.362	0.00421737
1.363	0.00277448
1.364	0.00204718
1.365	0.00187649
1.366	0.00222784
1.367	0.00318692
1.368	0.00497718
1.369	0.00800152
1.37	0.0129139
1.371	0.02073
1.372	0.0329889
1.373	0.0519841
1.374	0.0810841
1.375	0.125172
1.376	0.191233
1.377	0.289133
1.378	0.432622
1.379	0.640614
1.38	0.938771
1.381	1.36144
1.382	1.95395
1.383	2.77526
1.384	3.90095
1.385	5.42643
1.386	7.47023
1.387	10.1773
1.388	13.7216
1.389	18.3087
1.39	24.1763
1.391	31.5937
1.392	40.8593
1.393	52.2953
1.394	66.2394
1.395	83.0335
1.396	103.009
1.397	126.469
1.398	153.668
1.399	184.787
1.4	219.916
1.401	259.025
1.402	301.945
1.403	348.357
1.404	397.773
1.405	449.541
1.406	502.847
1.407	556.731
1.408	610.114
1.409	661.835
1.41	710.691
1.411	755.485
1.412	795.086
1.413	828.474
1.414	854.79
1.415	873.383
1.416	883.839
1.417	886.002
1.418	879.979
1.419	866.139
1.42	845.084
1.421	817.621
1.422	784.717
1.423	747.447
1.424	706.946
1.425	664.351
1.426	620.752
1.427	577.15
1.428	534.421
1.429	493.292
1.43	454.326
1.431	417.919
1.432	384.303
1.433	353.566
1.434	325.665
1.435	300.455
1.436	277.715
1.437	257.171
1.438	238.525
1.439	221.476
1.44	205.737
1.441	191.052
1.442	177.202
1.443	164.016
1.444	151.367
1.445	139.175
1.446	127.399
1.447	116.036
1.448	105.111
1.449	94.6725
1.45	84.7827
1.451	75.5157
1.452	66.9514
1.453	59.1726
1.454	52.264
1.455	46.312
1.456	41.4067
1.457	37.644
1.458	35.1294
1.459	33.9815
1.46	34.3357
1.461	36.3471
1.462	40.1929
1.463	46.0719
1.464	54.2035
1.465	64.8229
1.466	78.1744
1.467	94.5016
1.468	114.034
1.469	136.974
1.47	163.476
1.471	193.631
1.472	227.447
1.473	264.829
1.474	305.567
1.475	349.318
1.476	395.604
1.477	443.807
1.478	493.178
1.479	542.845
1.48	591.84
1.481	639.122
1.482	683.615
1.483	724.246
1.484	759.987
1.485	789.899
1.486	813.169
1.487	829.153
1.488	837.4
1.489	837.674
1.49	829.968
1.491	814.501
1.492	791.71
1.493	762.228
1.494	726.854
1.495	686.522
1.496	642.252
1.497	595.115
1.498	546.186
1.499	496.507
1.5	447.048
1.501	398.683
1.502	352.165
1.503	308.114
1.504	267.007
1.505	229.184
1.506	194.848
1.507	164.083
1.508	136.867
1.509	113.088
1.51	92.5637
1.511	75.0622
1.512	60.3171
1.513	48.044
1.514	37.9547
1.515	29.7677
1.516	23.2171
1.517	18.0589
1.518	14.0746
1.519	11.0737
1.52	8.89397
1.521	7.40045
1.522	6.48403
1.523	6.05892
1.524	6.05978
1.525	6.43874
1.526	7.16216
1.527	8.20753
1.528	9.56039
1.529	11.2114
1.53	13.1536
1.531	15.3799
1.532	17.8808
1.533	20.6423
1.534	23.6445
1.535	26.8602
1.536	30.254
1.537	33.7824
1.538	37.3934
1.539	41.0275
1.54	44.619
1.541	48.0976
1.542	51.3902
1.543	54.424
1.544	57.1284
1.545	59.4381
1.546	61.2956
1.547	62.6537
1.548	63.4771
1.549	63.7447
1.55	63.4501
1.551	62.6021
1.552	61.2245
1.553	59.3555
1.554	57.0463
1.555	54.3595
1.556	51.3676
1.557	48.1509
1.558	44.7965
1.559	41.3967
1.56	38.0493
1.561	34.8583
1.562	31.9357
1.563	29.4055
1.564	27.4086
1.565	26.1106
1.566	25.7112
1.567	26.456
1.568	28.6515
1.569	32.6813
1.57	39.0258
1.571	48.2838
1.572	61.1956
1.573	78.6671
1.574	101.794
1.575	131.885
1.576	170.481
1.577	219.372
1.578	280.6
1.579	356.464
1.58	449.498
1.581	562.446
1.582	698.211
1.583	859.789
1.584	1050.18
1.585	1272.29
1.586	1528.77
1.587	1821.91
1.588	2153.45
1.589	2524.45
1.59	2935.07
1.591	3384.45
1.592	3870.6
1.593	4390.21
1.594	4938.68
1.595	5510.04
1.596	6097
1.597	6691.07
1.598	7282.71
1.599	7861.55
1.6	8416.68
1.601	8937
1.602	9411.53
1.603	9829.84
1.604	10182.4
1.605	10461
1.606	10658.9
1.607	10771.3
1.608	10795.6
1.609	10731
1.61	10579.1
1.611	10343.8
1.612	10030.5
1.613	9646.93
1.614	9201.76
1.615	8705.05
1.616	8167.49
1.617	7600.19
1.618	7014.19
1.619	6420.21
1.62	5828.25
1.621	5247.41
1.622	4685.64
1.623	4149.65
1.624	3644.78
1.625	3175.04
1.626	2743.13
1.627	2350.49
1.628	1997.52
1.629	1683.6
1.63	1407.37
1.631	1166.79
1.632	959.388
1.633	782.376
1.634	632.783
1.635	507.591
1.636	403.828
1.637	318.648
1.638	249.389
1.639	193.619
1.64	149.155
1.641	114.082
1.642	86.7562
1.643	65.7987
1.644	50.092
1.645	38.7688
1.646	31.2022
1.647	26.9927
1.648	25.9536
1.649	28.0925
1.65	33.586
1.651	42.7461
1.652	55.9758
1.653	73.7118
1.654	96.3547
1.655	124.186
1.656	157.275
1.657	195.382
1.658	237.872
1.659	283.638
1.66	331.076
1.661	378.108
1.662	422.281
1.663	460.935
1.664	491.448
1.665	511.515
1.666	519.436
1.667	514.345
1.668	496.364
1.669	466.617
1.67	427.114
1.671	380.524
1.672	329.855
1.673	278.124
1.674	228.041
1.675	181.781
1.676	140.851
1.677	106.066
1.678	77.6134
1.679	55.181
1.68	38.1146
1.681	25.5744
1.682	16.6687
1.683	10.5525
1.684	6.48844
1.685	3.87475
1.686	2.24723
1.687	1.26573
1.688	0.692332
1.689	0.367753
1.69	0.189698
1.691	0.0950219
1.692	0.0462208
1.693	0.0218323
1.694	0.0100139
1.695	0.00446018
1.696	0.00192903
1.697	0.000810144
1.698	0.000330386
1.699	0.000130832
1.7	5.03085e-05
1.701	1.87845e-05
1.702	6.81067e-06
1.703	2.39779e-06
1.704	8.19714e-07
1.705	2.72109e-07
1.706	8.77109e-08
1.707	2.74532e-08
1.708	8.34377e-09
1.709	2.46241e-09
1.71	7.05645e-10
1.711	1.96355e-10
1.712	5.30549e-11
1.713	1.392e-11
1.714	3.54634e-12
1.715	8.77312e-13
1.716	2.10749e-13
1.717	4.91726e-14
1.718	1.11946e-14
1.719	2.69792e-15
1.72	1.53183e-15
1.721	4.09583e-15
1.722	1.53865e-14
1.723	5.77176e-14
1.724	2.11321e-13
1.725	7.5425e-13
1.726	2.62422e-12
1.727	8.90012e-12
1.728	2.9424e-11
1.729	9.48239e-11
1.73	2.97882e-10
1.731	9.1218e-10
1.732	2.72287e-09
1.733	7.9229e-09
1.734	2.24725e-08
1.735	6.2134e-08
1.736	1.67462e-07
1.737	4.39962e-07
1.738	1.12674e-06
1.739	2.81283e-06
1.74	6.84498e-06
1.741	1.62372e-05
1.742	3.75458e-05
1.743	8.46294e-05
1.744	0.000185948
1.745	0.000398265
1.746	0.000831501
1.747	0.00169225
1.748	0.00335718
1.749	0.00649227
1.75	0.0122385
1.751	0.022489
1.752	0.0402831
1.753	0.0703374
1.754	0.119718
1.755	0.198629
1.756	0.321245
1.757	0.506454
1.758	0.778313
1.759	1.16595
1.76	1.7026
1.761	2.42359
1.762	3.3629
1.763	4.54862
1.764	5.9973
1.765	7.708
1.766	9.65691
1.767	11.7936
1.768	14.0398
1.769	16.2926
1.77	18.4301
1.771	20.3224
1.772	21.844
1.773	22.8877
1.774	23.3765
1.775	23.2739
1.776	22.5875
1.777	21.3687
1.778	19.706
1.779	17.7145
1.78	15.5227
1.781	13.2593
1.782	11.0403
1.783	8.9609
1.784	7.08979
1.785	5.46796
1.786	4.11081
1.787	3.01259
1.788	2.1521
1.789	1.49863
1.79	1.01728
1.791	0.67312
1.792	0.434166
1.793	0.27298
1.794	0.167307
1.795	0.0999561
1.796	0.0582122
1.797	0.0330468
1.798	0.0182875
1.799	0.00986489
1.8	0.00518732
1.801	0.00265902
1.802	0.00132889
1.803	0.000647962
1.804	0.000309252
1.805	0.000146671
1.806	7.37708e-05
1.807	4.8354e-05
1.808	5.3258e-05
1.809	8.72049e-05
1.81	0.000162179
1.811	0.000305626
1.812	0.000567027
1.813	0.0010292
1.814	0.00182515
1.815	0.00316142
1.816	0.00534843
1.817	0.0088374
1.818	0.0142619
1.819	0.0224792
1.82	0.0346049
1.821	0.0520293
1.822	0.0764032
1.823	0.109579
1.824	0.153496
1.825	0.21
1.826	0.280605
1.827	0.366204
1.828	0.466772
1.829	0.581084
1.83	0.706522
1.831	0.839008
1.832	0.973104
1.833	1.10231
1.834	1.21956
1.835	1.31782
1.836	1.39079
1.837	1.43357
1.838	1.44321
1.839	1.41904
1.84	1.36274
1.841	1.27815
1.842	1.17086
1.843	1.04756
1.844	0.915397
1.845	0.781252
1.846	0.651218
1.847	0.530169
1.848	0.421555
1.849	0.327377
1.85	0.248311
1.851	0.183948
1.852	0.133091
1.853	0.0940489
1.854	0.0649101
1.855	0.0437547
1.856	0.0288067
1.857	0.0185235
1.858	0.0116345
1.859	0.00713968
1.86	0.00428521
1.861	0.0025259
1.862	0.00148555
1.863	0.000922272
1.864	0.000704292
1.865	0.000801618
1.866	0.00130038
1.867	0.00245044
1.868	0.00476318
1.869	0.0091862
1.87	0.0173939
1.871	0.032249
1.872	0.0585058
1.873	0.103842
1.874	0.180308
1.875	0.306286
1.876	0.508985
1.877	0.827461
1.878	1.316
1.879	2.04753
1.88	3.11653
1.881	4.64063
1.882	6.76003
1.883	9.63354
1.884	13.4304
1.885	18.3171
1.886	24.4394
1.887	31.9
1.888	40.7339
1.889	50.8847
1.89	62.1848
1.891	74.3442
1.892	86.9511
1.893	99.4876
1.894	111.36
1.895	121.942
1.896	130.63
1.897	136.899
1.898	140.353
1.899	140.77
1.9	138.122
1.901	132.582
1.902	124.5
1.903	114.372
1.904	102.786
1.905	90.3683
1.906	77.7255
1.907	65.3998
1.908	53.8339
1.909	43.3511
1.91	34.1515
1.911	26.32
1.912	19.8439
1.913	14.6364
1.914	10.561
1.915	7.45496
1.916	5.14813
1.917	3.47792
1.918	2.29855
1.919	1.48613
1.92	0.939988
1.921	0.581641
1.922	0.352089
1.923	0.208505
1.924	0.120794
1.925	0.0684606
1.926	0.0379579
1.927	0.0205887
1.928	0.010925
1.929	0.00567124
1.93	0.00288006
1.931	0.00143084
1.932	0.000695416
1.933	0.000330648
1.934	0.000153798
1.935	6.99847e-05
1.936	3.11545e-05
1.937	1.35676e-05
1.938	5.78032e-06
1.939	2.40916e-06
1.94	9.82305e-07
1.941	3.91825e-07
1.942	1.52899e-07
1.943	5.83687e-08
1.944	2.17983e-08
1.945	7.96403e-09
1.946	2.84654e-09
1.947	9.95546e-10
1.948	3.41288e-10
1.949	1.16519e-10
1.95	4.51439e-11
1.951	3.52358e-11
1.952	7.15287e-11
1.953	1.94614e-10
1.954	5.41834e-10
1.955	1.48635e-09
1.956	4.00052e-09
1.957	1.05598e-08
1.958	2.73347e-08
1.959	6.93895e-08
1.96	1.7274e-07
1.961	4.21711e-07
1.962	1.00962e-06
1.963	2.37039e-06
1.964	5.45763e-06
1.965	1.23229e-05
1.966	2.72862e-05
1.967	5.92514e-05
1.968	0.000126177
1.969	0.000263505
1.97	0.000539669
1.971	0.00108392
1.972	0.00213501
1.973	0.00412421
1.974	0.00781308
1.975	0.0145161
1.976	0.02645
1.977	0.0472673
1.978	0.0828439
1.979	0.142408
1.98	0.240102
1.981	0.39706
1.982	0.644069
1.983	1.02481
1.984	1.59962
1.985	2.44949
1.986	3.68008
1.987	5.42503
1.988	7.84797
1.989	11.1425
1.99	15.529
1.991	21.2484
1.992	28.551
1.993	37.6831
1.994	48.8688
1.995	62.2916
1.996	78.0757
1.997	96.2702
1.998	116.838
1.999	139.649
2	164.487
2.001	191.053
2.002	218.982
2.003	247.856
2.004	277.223
2.005	306.598
2.006	335.479
2.007	363.335
2.008	389.609
2.009	413.706
2.01	435.002
2.011	452.847
2.012	466.59
2.013	475.616
2.014	479.39
2.015	477.516
2.016	469.781
2.017	456.204
2.018	437.056
2.019	412.864
2.02	384.387
2.021	352.574
2.022	318.498
2.023	283.281
2.024	248.026
2.025	213.74
2.026	181.286
2.027	151.346
2.028	124.406
2.029	100.761
2.03	80.5352
2.031	63.717
2.032	50.2007
2.033	39.8313
2.034	32.4472
2.035	27.9198
2.036	26.1839
2.037	27.2603
2.038	31.2666
2.039	38.4162
2.04	49.0056
2.041	63.388
2.042	81.935
2.043	104.988
2.044	132.801
2.045	165.48
2.046	202.921
2.047	244.762
2.048	290.341
2.049	338.682
2.05	388.506
2.051	438.267
2.052	486.222
2.053	530.527
2.054	569.349
2.055	600.989
2.056	624.007
2.057	637.324
2.058	640.311
2.059	632.831
2.06	615.256
2.061	588.429
2.062	553.604
2.063	512.348
2.064	466.423
2.065	417.668
2.066	367.876
2.067	318.693
2.068	271.533
2.069	227.524
2.07	187.483
2.071	151.916
2.072	121.039
2.073	94.822
2.074	73.0375
2.075	55.3159
2.076	41.1991
2.077	30.1884
2.078	21.7837
2.079	15.5138
2.08	10.9562
2.081	7.74901
2.082	5.595
2.083	4.26051
2.084	3.57034
2.085	3.40023
2.086	3.66803
2.087	4.32451
2.088	5.34412
2.089	6.71625
2.09	8.43716
2.091	10.5028
2.092	12.9026
2.093	15.615
2.094	18.6045
2.095	21.8205
2.096	25.1987
2.097	28.6643
2.098	32.1373
2.099	35.5391
2.1	38.7994
2.101	41.8635
2.102	44.6975
2.103	47.2921
2.104	49.6632
2.105	51.8502
2.106	53.9111
2.107	55.9163
2.108	57.941
2.109	60.0581
2.11	62.3324
2.111	64.8165
2.112	67.5494
2.113	70.5571
2.114	73.855
2.115	77.4498
2.116	81.3413
2.117	85.5224
2.118	89.9763
2.119	94.6709
2.12	99.5528
2.121	104.539
2.122	109.513
2.123	114.32
2.124	118.768
2.125	122.639
2.126	125.7
2.127	127.717
2.128	128.484
2.129	127.832
2.13	125.66
2.131	121.937
2.132	116.715
2.133	110.128
2.134	102.38
2.135	93.7324
2.136	84.4819
2.137	74.9403
2.138	65.4115
2.139	56.1719
2.14	47.4555
2.141	39.4444
2.142	32.2637
2.143	25.9837
2.144	20.6244
2.145	16.1647
2.146	12.5522
2.147	9.71437
2.148	7.56912
2.149	6.03394
2.15	5.03418
2.151	4.50959
2.152	4.41981
2.153	4.74887
2.154	5.50901
2.155	6.74409
2.156	8.53247
2.157	10.9891
2.158	14.2665
2.159	18.5535
2.16	24.0711
2.161	31.065
2.162	39.7931
2.163	50.5088
2.164	63.4391
2.165	78.7598
2.166	96.5688
2.167	116.859
2.168	139.496
2.169	164.201
2.17	190.547
2.171	217.961
2.172	245.747
2.173	273.116
2.174	299.228
2.175	323.248
2.176	344.396
2.177	362.002
2.178	375.546
2.179	384.697
2.18	389.325
2.181	389.501
2.182	385.49
2.183	377.714
2.184	366.719
2.185	353.137
2.186	337.636
2.187	320.889
2.188	303.536
2.189	286.161
2.19	269.272
2.191	253.287
2.192	238.529
2.193	225.22
2.194	213.483
2.195	203.338
2.196	194.713
2.197	187.447
2.198	181.305
2.199	175.995
2.2	171.188
2.201	166.541
2.202	161.726
2.203	156.453
2.204	150.495
2.205	143.702
2.206	136.015
2.207	127.466
2.208	118.176
2.209	108.343
2.21	98.2257
2.211	88.1263
2.212	78.3701
2.213	69.2889
2.214	61.2074
2.215	54.4322
2.216	49.2459
2.217	45.9038
2.218	44.6322
2.219	45.6272
2.22	49.0522
2.221	55.0324
2.222	63.6463
2.223	74.9127
2.224	88.7767
2.225	105.093
2.226	123.611
2.227	143.965
2.228	165.668
2.229	188.119
2.23	210.615
2.231	232.378
2.232	252.595
2.233	270.456
2.234	285.208
2.235	296.203
2.236	302.94
2.237	305.106
2.238	302.593
2.239	295.511
2.24	284.176
2.241	269.088
2.242	250.893
2.243	230.339
2.244	208.222
2.245	185.336
2.246	162.43
2.247	140.165
2.248	119.092
2.249	99.629
2.25	82.0643
2.251	66.5563
2.252	53.1497
2.253	41.7939
2.254	32.3653
2.255	24.6901
2.256	18.5656
2.257	13.7791
2.258	10.123
2.259	7.40656
2.26	5.46422
2.261	4.16039
2.262	3.39232
2.263	3.09088
2.264	3.22013
2.265	3.77596
2.266	4.78409
2.267	6.2974
2.268	8.39246
2.269	11.1651
2.27	14.7244
2.271	19.1857
2.272	24.6612
2.273	31.2495
2.274	39.0235
2.275	48.0183
2.276	58.2189
2.277	69.5496
2.278	81.8665
2.279	94.9546
2.28	108.529
2.281	122.246
2.282	135.712
2.283	148.514
2.284	160.234
2.285	170.488
2.286	178.948
2.287	185.375
2.288	189.637
2.289	191.73
2.29	191.78
2.291	190.044
2.292	186.897
2.293	182.808
2.294	178.318
2.295	174.002
2.296	170.439
2.297	168.173
2.298	167.686
2.299	169.372
2.3	173.514
2.301	180.272
2.302	189.676
2.303	201.625
2.304	215.886
2.305	232.107
2.306	249.829
2.307	268.497
2.308	287.481
2.309	306.101
2.31	323.648
2.311	339.415
2.312	352.728
2.313	362.979
2.314	369.655
2.315	372.37
2.316	370.886
2.317	365.134
2.318	355.216
2.319	341.409
2.32	324.146
2.321	303.993
2.322	281.623
2.323	257.77
2.324	233.197
2.325	208.649
2.326	184.823
2.327	162.332
2.328	141.682
2.329	123.259
2.33	107.322
2.331	94.0021
2.332	83.3103
2.333	75.1513
2.334	69.3391
2.335	65.6151
2.336	63.6681
2.337	63.1535
2.338	63.712
2.339	64.9881
2.34	66.6455
2.341	68.3833
2.342	69.9481
2.343	71.1462
2.344	71.8523
2.345	72.0166
2.346	71.6696
2.347	70.924
2.348	69.9748
2.349	69.0963
2.35	68.6377
2.351	69.0153
2.352	70.7026
2.353	74.2184
2.354	80.1106
2.355	88.9371
2.356	101.243
2.357	117.533
2.358	138.24
2.359	163.692
2.36	194.074
2.361	229.395
2.362	269.451
2.363	313.808
2.364	361.777
2.365	412.423
2.366	464.572
2.367	516.85
2.368	567.733
2.369	615.617
2.37	658.895
2.371	696.05
2.372	725.739
2.373	746.876
2.374	758.701
2.375	760.827
2.376	753.261
2.377	736.405
2.378	711.022
2.379	678.185
2.38	639.203
2.381	595.535
2.382	548.705
2.383	500.211
2.384	451.452
2.385	403.663
2.386	357.876
2.387	314.891
2.388	275.278
2.389	239.387
2.39	207.379
2.391	179.26
2.392	154.926
2.393	134.205
2.394	116.901
2.395	102.827
2.396	91.8377
2.397	83.8452
2.398	78.8349
2.399	76.8672
2.4	78.0731
2.401	82.6427
2.402	90.8063
2.403	102.811
2.404	118.894
2.405	139.249
2.406	163.997
2.407	193.153
2.408	226.602
2.409	264.072
2.41	305.124
2.411	349.145
2.412	395.359
2.413	442.847
2.414	490.579
2.415	537.457
2.416	582.369
2.417	624.238
2.418	662.083
2.419	695.06
2.42	722.507
2.421	743.962
2.422	759.18
2.423	768.125
2.424	770.948
2.425	767.961
2.426	759.596
2.427	746.364
2.428	728.819
2.429	707.519
2.43	683.01
2.431	655.802
2.432	626.371
2.433	595.156
2.434	562.569
2.435	529.009
2.436	494.864
2.437	460.527
2.438	426.391
2.439	392.847
2.44	360.273
2.441	329.024
2.442	299.414
2.443	271.699
2.444	246.068
2.445	222.632
2.446	201.422
2.447	182.392
2.448	165.431
2.449	150.373
2.45	137.017
2.451	125.147
2.452	114.547
2.453	105.024
2.454	96.4159
2.455	88.6051
2.456	81.5233
2.457	75.1519
2.458	69.5194
2.459	64.6953
2.46	60.7807
2.461	57.8977
2.462	56.1776
2.463	55.7482
2.464	56.7218
2.465	59.1836
2.466	63.1809
2.467	68.7144
2.468	75.73
2.469	84.1147
2.47	93.6938
2.471	104.232
2.472	115.437
2.473	126.97
2.474	138.454
2.475	149.491
2.476	159.678
2.477	168.63
2.478	175.994
2.479	181.471
2.48	184.831
2.481	185.927
2.482	184.701
2.483	181.187
2.484	175.508
2.485	167.868
2.486	158.536
2.487	147.833
2.488	136.112
2.489	123.737
2.49	111.065
2.491	98.4304
2.492	86.1303
2.493	74.4143
2.494	63.4792
2.495	53.4666
2.496	44.4645
2.497	36.5117
2.498	29.6044
2.499	23.7042
2.5	18.7463
2.501	14.6485
2.502	11.3187
2.503	8.66257
2.504	6.58888
2.505	5.01484
2.506	3.86992
2.507	3.09892
2.508	2.66456
2.509	2.54968
2.51	2.75935
2.511	3.32305
2.512	4.29696
2.513	5.76637
2.514	7.848
2.515	10.6921
2.516	14.4838
2.517	19.4429
2.518	25.8227
2.519	33.9051
2.52	43.9941
2.521	56.4043
2.522	71.4468
2.523	89.4107
2.524	110.541
2.525	135.016
2.526	162.917
2.527	194.209
2.528	228.716
2.529	266.099
2.53	305.854
2.531	347.302
2.532	389.604
2.533	431.783
2.534	472.751
2.535	511.361
2.536	546.455
2.537	576.919
2.538	601.75
2.539	620.102
2.54	631.347
2.541	635.101
2.542	631.258
2.543	619.991
2.544	601.747
2.545	577.219
2.546	547.308
2.547	513.072
2.548	475.668
2.549	436.293
2.55	396.122
2.551	356.257
2.552	317.682
2.553	281.225
2.554	247.538
2.555	217.088
2.556	190.154
2.557	166.84
2.558	147.092
2.559	130.724
2.56	117.447
2.561	106.894
2.562	98.6536
2.563	92.2927
2.564	87.3841
2.565	83.5242
2.566	80.3496
2.567	77.5474
2.568	74.8631
2.569	72.1031
2.57	69.134
2.571	65.8795
2.572	62.3143
2.573	58.4569
2.574	54.3611
2.575	50.1076
2.576	45.7957
2.577	41.5357
2.578	37.4427
2.579	33.6319
2.58	30.2155
2.581	27.3006
2.582	24.9895
2.583	23.3805
2.584	22.5693
2.585	22.6513
2.586	23.7236
2.587	25.8863
2.588	29.2433
2.589	33.901
2.59	39.9665
2.591	47.5433
2.592	56.7258
2.593	67.5925
2.594	80.198
2.595	94.5643
2.596	110.673
2.597	128.457
2.598	147.797
2.599	168.516
2.6	190.38
2.601	213.106
2.602	236.362
2.603	259.785
2.604	282.996
2.605	305.614
2.606	327.277
2.607	347.663
2.608	366.51
2.609	383.626
2.61	398.906
2.611	412.339
2.612	424.007
2.613	434.083
2.614	442.817
2.615	450.524
2.616	457.565
2.617	464.323
2.618	471.18
2.619	478.497
2.62	486.59
2.621	495.713
2.622	506.043
2.623	517.67
2.624	530.594
2.625	544.716
2.626	559.85
2.627	575.72
2.628	591.98
2.629	608.219
2.63	623.982
2.631	638.786
2.632	652.143
2.633	663.58
2.634	672.662
2.635	679.013
2.636	682.336
2.637	682.426
2.638	679.185
2.639	672.629
2.64	662.879
2.641	650.162
2.642	634.791
2.643	617.149
2.644	597.66
2.645	576.763
2.646	554.892
2.647	532.44
2.648	509.749
2.649	487.089
2.65	464.651
2.651	442.55
2.652	420.827
2.653	399.465
2.654	378.4
2.655	357.547
2.656	336.815
2.657	316.124
2.658	295.422
2.659	274.697
2.66	253.977
2.661	233.337
2.662	212.89
2.663	192.781
2.664	173.176
2.665	154.253
2.666	136.184
2.667	119.128
2.668	103.221
2.669	88.5693
2.67	75.242
2.671	63.2736
2.672	52.6631
2.673	43.3767
2.674	35.3533
2.675	28.5096
2.676	22.7465
2.677	17.9546
2.678	14.0205
2.679	10.8309
2.68	8.277
2.681	6.25733
2.682	4.67965
2.683	3.46221
2.684	2.53405
2.685	1.83491
2.686	1.31452
2.687	0.93173
2.688	0.653455
2.689	0.453507
2.69	0.311506
2.691	0.211837
2.692	0.142726
2.693	0.0954359
2.694	0.0635961
2.695	0.0426603
2.696	0.0294803
2.697	0.0219871
2.698	0.018968
2.699	0.0199296
2.7	0.0250399
2.701	0.035148
2.702	0.0518801
2.703	0.0778186
2.704	0.116771
2.705	0.174138
2.706	0.257397
2.707	0.37671
2.708	0.545656
2.709	0.782108
2.71	1.10924
2.711	1.55661
2.712	2.16138
2.713	2.96946
2.714	4.03665
2.715	5.42955
2.716	7.22617
2.717	9.51605
2.718	12.3998
2.719	15.9876
2.72	20.3971
2.721	25.7501
2.722	32.1675
2.723	39.7641
2.724	48.642
2.725	58.8823
2.726	70.5383
2.727	83.6263
2.728	98.1191
2.729	113.94
2.73	130.956
2.731	148.979
2.732	167.766
2.733	187.019
2.734	206.398
2.735	225.528
2.736	244.012
2.737	261.449
2.738	277.447
2.739	291.641
2.74	303.713
2.741	313.397
2.742	320.5
2.743	324.901
2.744	326.558
2.745	325.51
2.746	321.864
2.747	315.796
2.748	307.529
2.749	297.332
2.75	285.494
2.751	272.319
2.752	258.11
2.753	243.159
2.754	227.735
2.755	212.085
2.756	196.424
2.757	180.937
2.758	165.78
2.759	151.08
2.76	136.938
2.761	123.435
2.762	110.632
2.763	98.5758
2.764	87.2987
2.765	76.8223
2.766	67.1584
2.767	58.3097
2.768	50.2704
2.769	43.0269
2.77	36.558
2.771	30.8358
2.772	25.8264
2.773	21.4909
2.774	17.7867
2.775	14.6687
2.776	12.091
2.777	10.0081
2.778	8.37617
2.779	7.15436
2.78	6.30535
2.781	5.796
2.782	5.59758
2.783	5.68563
2.784	6.03958
2.785	6.64224
2.786	7.47902
2.787	8.53722
2.788	9.80524
2.789	11.2721
2.79	12.9268
2.791	14.7587
2.792	16.7576
2.793	18.9142
2.794	21.2217
2.795	23.677
2.796	26.2827
2.797	29.0491
2.798	31.9965
2.799	35.1567
2.8	38.5757
2.801	42.3142
2.802	46.4486
2.803	51.0711
2.804	56.2877
2.805	62.217
2.806	68.986
2.807	76.7263
2.808	85.568
2.809	95.6345
2.81	107.035
2.811	119.856
2.812	134.158
2.813	149.965
2.814	167.261
2.815	185.982
2.816	206.015
2.817	227.198
2.818	249.314
2.819	272.1
2.82	295.249
2.821	318.417
2.822	341.231
2.823	363.303
2.824	384.244
2.825	403.676
2.826	421.246
2.827	436.645
2.828	449.622
2.829	459.994
2.83	467.66
2.831	472.605
2.832	474.909
2.833	474.744
2.834	472.371
2.835	468.13
2.836	462.433
2.837	455.74
2.838	448.549
2.839	441.37
2.84	434.704
2.841	429.024
2.842	424.751
2.843	422.238
2.844	421.752
2.845	423.462
2.846	427.43
2.847	433.612
2.848	441.853
2.849	451.9
2.85	463.409
2.851	475.964
2.852	489.096
2.853	502.31
2.854	515.106
2.855	527.01
2.856	537.601
2.857	546.531
2.858	553.554
2.859	558.537
2.86	561.474
2.861	562.488
2.862	561.829
2.863	559.861
2.864	557.045
2.865	553.91
2.866	551.024
2.867	548.959
2.868	548.251
2.869	549.368
2.87	552.673
2.871	558.397
2.872	566.616
2.873	577.242
2.874	590.015
2.875	604.513
2.876	620.172
2.877	636.307
2.878	652.15
2.879	666.892
2.88	679.723
2.881	689.876
2.882	696.671
2.883	699.553
2.884	698.119
2.885	692.142
2.886	681.583
2.887	666.59
2.888	647.491
2.889	624.779
2.89	599.082
2.891	571.134
2.892	541.739
2.893	511.739
2.894	481.973
2.895	453.247
2.896	426.304
2.897	401.802
2.898	380.293
2.899	362.215
2.9	347.882
2.901	337.483
2.902	331.088
2.903	328.65
2.904	330.016
2.905	334.938
2.906	343.084
2.907	354.05
2.908	367.376
2.909	382.555
2.91	399.05
2.911	416.304
2.912	433.759
2.913	450.866
2.914	467.099
2.915	481.97
2.916	495.04
2.917	505.929
2.918	514.329
2.919	520.003
2.92	522.795
2.921	522.628
2.922	519.502
2.923	513.486
2.924	504.717
2.925	493.381
2.926	479.71
2.927	463.966
2.928	446.434
2.929	427.405
2.93	407.176
2.931	386.033
2.932	364.257
2.933	342.11
2.934	319.843
2.935	297.687
2.936	275.863
2.937	254.578
2.938	234.027
2.939	214.399
2.94	195.874
2.941	178.626
2.942	162.824
2.943	148.629
2.944	136.198
2.945	125.675
2.946	117.197
2.947	110.888
2.948	106.854
2.949	105.188
2.95	105.961
2.951	109.223
2.952	114.997
2.953	123.281
2.954	134.043
2.955	147.218
2.956	162.707
2.957	180.375
2.958	200.045
2.959	221.503
2.96	244.495
2.961	268.724
2.962	293.854
2.963	319.516
2.964	345.305
2.965	370.791
2.966	395.525
2.967	419.046
2.968	440.895
2.969	460.623
2.97	477.804
2.971	492.051
2.972	503.025
2.973	510.447
2.974	514.113
2.975	513.898
2.976	509.763
2.977	501.76
2.978	490.032
2.979	474.806
2.98	456.389
2.981	435.158
2.982	411.545
2.983	386.023
2.984	359.091
2.985	331.255
2.986	303.014
2.987	274.841
2.988	247.175
2.989	220.406
2.99	194.869
2.991	170.836
2.992	148.518
2.993	128.064
2.994	109.561
2.995	93.0452
2.996	78.5055
2.997	65.8909
2.998	55.1205
2.999	46.0908
3	38.6841
3.001	32.7755
3.002	28.2391
3.003	24.9531
3.004	22.8039
3.005	21.6888
3.006	21.5183
3.007	22.217
3.008	23.7245
3.009	25.9954
3.01	28.9997
3.011	32.7224
3.012	37.1637
3.013	42.3394
3.014	48.2803
3.015	55.0332
3.016	62.6601
3.017	71.238
3.018	80.8577
3.019	91.6215
3.02	103.64
3.021	117.029
3.022	131.901
3.023	148.359
3.024	166.487
3.025	186.344
3.026	207.947
3.027	231.266
3.028	256.213
3.029	282.633
3.03	310.297
3.031	338.901
3.032	368.065
3.033	397.34
3.034	426.213
3.035	454.124
3.036	480.479
3.037	504.675
3.038	526.12
3.039	544.258
3.04	558.59
3.041	568.7
3.042	574.273
3.043	575.109
3.044	571.135
3.045	562.409
3.046	549.118
3.047	531.571
3.048	510.188
3.049	485.478
3.05	458.022
3.051	428.448
3.052	397.407
3.053	365.546
3.054	333.49
3.055	301.818
3.056	271.049
3.057	241.629
3.058	213.92
3.059	188.203
3.06	164.67
3.061	143.434
3.062	124.531
3.063	107.936
3.064	93.5646
3.065	81.2923
3.066	70.9617
3.067	62.3955
3.068	55.4063
3.069	49.8058
3.07	45.4124
3.071	42.0577
3.072	39.5902
3.073	37.8788
3.074	36.8138
3.075	36.3074
3.076	36.2921
3.077	36.7196
3.078	37.5578
3.079	38.7881
3.08	40.4026
3.081	42.401
3.082	44.7878
3.083	47.5708
3.084	50.7587
3.085	54.361
3.086	58.3873
3.087	62.848
3.088	67.7559
3.089	73.1274
3.09	78.9845
3.091	85.3572
3.092	92.2852
3.093	99.8189
3.094	108.02
3.095	116.963
3.096	126.728
3.097	137.406
3.098	149.086
3.099	161.855
3.1	175.791
3.101	190.952
3.102	207.374
3.103	225.057
3.104	243.967
3.105	264.022
3.106	285.097
3.107	307.016
3.108	329.561
3.109	352.468
3.11	375.443
3.111	398.164
3.112	420.296
3.113	441.503
3.114	461.461
3.115	479.87
3.116	496.467
3.117	511.033
3.118	523.404
3.119	533.474
3.12	541.193
3.121	546.569
3.122	549.659
3.123	550.564
3.124	549.416
3.125	546.369
3.126	541.588
3.127	535.235
3.128	527.462
3.129	518.403
3.13	508.17
3.131	496.848
3.132	484.499
3.133	471.162
3.134	456.861
3.135	441.61
3.136	425.422
3.137	408.316
3.138	390.325
3.139	371.502
3.14	351.923
3.141	331.691
3.142	310.936
3.143	289.813
3.144	268.497
3.145	247.177
3.146	226.052
3.147	205.321
3.148	185.177
3.149	165.8
3.15	147.35
3.151	129.963
3.152	113.747
3.153	98.7821
3.154	85.1171
3.155	72.7726
3.156	61.7427
3.157	51.9988
3.158	43.4933
3.159	36.1643
3.16	29.9404
3.161	24.7457
3.162	20.5037
3.163	17.1423
3.164	14.5966
3.165	12.8127
3.166	11.7495
3.167	11.3814
3.168	11.6989
3.169	12.7095
3.17	14.4381
3.171	16.9264
3.172	20.2322
3.173	24.428
3.174	29.5995
3.175	35.8434
3.176	43.2648
3.177	51.975
3.178	62.0884
3.179	73.7198
3.18	86.9814
3.181	101.98
3.182	118.816
3.183	137.579
3.184	158.348
3.185	181.189
3.186	206.158
3.187	233.293
3.188	262.624
3.189	294.164
3.19	327.914
3.191	363.86
3.192	401.973
3.193	442.205
3.194	484.485
3.195	528.715
3.196	574.764
3.197	622.461
3.198	671.583
3.199	721.853
3.2	772.931
3.201	824.406
3.202	875.792
3.203	926.533
3.204	976.001
3.205	1023.5
3.206	1068.3
3.207	1109.62
3.208	1146.68
3.209	1178.69
3.21	1204.94
3.211	1224.74
3.212	1237.55
3.213	1242.91
3.214	1240.53
3.215	1230.27
3.216	1212.18
3.217	1186.47
3.218	1153.57
3.219	1114.01
3.22	1068.53
3.221	1017.96
3.222	963.227
3.223	905.335
3.224	845.306
3.225	784.163
3.226	722.892
3.227	662.415
3.228	603.57
3.229	547.087
3.23	493.584
3.231	443.556
3.232	397.378
3.233	355.309
3.234	317.504
3.235	284.028
3.236	254.869
3.237	229.959
3.238	209.19
3.239	192.431
3.24	179.542
3.241	170.391
3.242	164.858
3.243	162.846
3.244	164.283
3.245	169.122
3.246	177.337
3.247	188.916
3.248	203.853
3.249	222.136
3.25	243.735
3.251	268.586
3.252	296.583
3.253	327.559
3.254	361.281
3.255	397.439
3.256	435.642
3.257	475.417
3.258	516.211
3.259	557.403
3.26	598.309
3.261	638.203
3.262	676.336
3.263	711.954
3.264	744.327
3.265	772.77
3.266	796.668
3.267	815.497
3.268	828.846
3.269	836.427
3.27	838.092
3.271	833.833
3.272	823.786
3.273	808.225
3.274	787.551
3.275	762.275
3.276	733.007
3.277	700.427
3.278	665.266
3.279	628.284
3.28	590.241
3.281	551.884
3.282	513.92
3.283	477
3.284	441.709
3.285	408.55
3.286	377.939
3.287	350.202
3.288	325.573
3.289	304.195
3.29	286.127
3.291	271.346
3.292	259.763
3.293	251.226
3.294	245.533
3.295	242.446
3.296	241.698
3.297	243.009
3.298	246.095
3.299	250.679
3.3	256.5
3.301	263.321
3.302	270.936
3.303	279.174
3.304	287.901
3.305	297.023
3.306	306.481
3.307	316.25
3.308	326.332
3.309	336.753
3.31	347.55
3.311	358.769
3.312	370.449
3.313	382.622
3.314	395.299
3.315	408.468
3.316	422.087
3.317	436.084
3.318	450.352
3.319	464.755
3.32	479.126
3.321	493.278
3.322	507.003
3.323	520.086
3.324	532.313
3.325	543.473
3.326	553.375
3.327	561.85
3.328	568.758
3.329	573.999
3.33	577.507
3.331	579.257
3.332	579.267
3.333	577.586
3.334	574.3
3.335	569.518
3.336	563.368
3.337	555.991
3.338	547.529
3.339	538.12
3.34	527.89
3.341	516.95
3.342	505.388
3.343	493.272
3.344	480.647
3.345	467.535
3.346	453.946
3.347	439.872
3.348	425.303
3.349	410.227
3.35	394.638
3.351	378.542
3.352	361.961
3.353	344.939
3.354	327.542
3.355	309.859
3.356	292.003
3.357	274.109
3.358	256.329
3.359	238.83
3.36	221.789
3.361	205.387
3.362	189.803
3.363	175.213
3.364	161.779
3.365	149.652
3.366	138.961
3.367	129.814
3.368	122.294
3.369	116.458
3.37	112.334
3.371	109.92
3.372	109.183
3.373	110.06
3.374	112.458
3.375	116.255
3.376	121.299
3.377	127.416
3.378	134.408
3.379	142.057
3.38	150.133
3.381	158.397
3.382	166.607
3.383	174.527
3.384	181.929
3.385	188.605
3.386	194.37
3.387	199.07
3.388	202.586
3.389	204.841
3.39	205.797
3.391	205.463
3.392	203.89
3.393	201.17
3.394	197.433
3.395	192.843
3.396	187.59
3.397	181.881
3.398	175.938
3.399	169.982
3.4	164.233
3.401	158.894
3.402	154.15
3.403	150.16
3.404	147.051
3.405	144.914
3.406	143.806
3.407	143.745
3.408	144.715
3.409	146.667
3.41	149.523
3.411	153.185
3.412	157.537
3.413	162.457
3.414	167.825
3.415	173.529
3.416	179.476
3.417	185.599
3.418	191.865
3.419	198.282
3.42	204.901
3.421	211.821
3.422	219.191
3.423	227.206
3.424	236.101
3.425	246.152
3.426	257.659
3.427	270.94
3.428	286.317
3.429	304.098
3.43	324.565
3.431	347.958
3.432	374.455
3.433	404.16
3.434	437.086
3.435	473.149
3.436	512.156
3.437	553.799
3.438	597.661
3.439	643.216
3.44	689.839
3.441	736.821
3.442	783.387
3.443	828.72
3.444	871.986
3.445	912.358
3.446	949.051
3.447	981.344
3.448	1008.61
3.449	1030.34
3.45	1046.17
3.451	1055.87
3.452	1059.38
3.453	1056.82
3.454	1048.44
3.455	1034.67
3.456	1016.07
3.457	993.318
3.458	967.191
3.459	938.538
3.46	908.252
3.461	877.243
3.462	846.41
3.463	816.62
3.464	788.679
3.465	763.315
3.466	741.16
3.467	722.738
3.468	708.451
3.469	698.578
3.47	693.264
3.471	692.528
3.472	696.257
3.473	704.217
3.474	716.059
3.475	731.327
3.476	749.471
3.477	769.863
3.478	791.811
3.479	814.58
3.48	837.408
3.481	859.528
3.482	880.19
3.483	898.683
3.484	914.35
3.485	926.612
3.486	934.982
3.487	939.079
3.488	938.633
3.489	933.498
3.49	923.647
3.491	909.17
3.492	890.266
3.493	867.235
3.494	840.456
3.495	810.378
3.496	777.498
3.497	742.342
3.498	705.445
3.499	667.339
3.5	628.533
3.501	589.5
3.502	550.67
3.503	512.421
3.504	475.077
3.505	438.903
3.506	404.111
3.507	370.86
3.508	339.26
3.509	309.382
3.51	281.261
3.511	254.902
3.512	230.29
3.513	207.389
3.514	186.153
3.515	166.528
3.516	148.454
3.517	131.869
3.518	116.708
3.519	102.907
3.52	90.4058
3.521	79.1416
3.522	69.056
3.523	60.0928
3.524	52.199
3.525	45.3257
3.526	39.4289
3.527	34.471
3.528	30.4219
3.529	27.2601
3.53	24.9748
3.531	23.5667
3.532	23.0497
3.533	23.4514
3.534	24.8145
3.535	27.1965
3.536	30.6698
3.537	35.3208
3.538	41.2483
3.539	48.5614
3.54	57.3761
3.541	67.8117
3.542	79.986
3.543	94.0099
3.544	109.981
3.545	127.978
3.546	148.051
3.547	170.219
3.548	194.46
3.549	220.705
3.55	248.834
3.551	278.67
3.552	309.982
3.553	342.476
3.554	375.805
3.555	409.569
3.556	443.321
3.557	476.579
3.558	508.833
3.559	539.562
3.56	568.242
3.561	594.37
3.562	617.47
3.563	637.115
3.564	652.936
3.565	664.638
3.566	672.007
3.567	674.92
3.568	673.347
3.569	667.351
3.57	657.091
3.571	642.807
3.572	624.822
3.573	603.522
3.574	579.348
3.575	552.78
3.576	524.322
3.577	494.487
3.578	463.784
3.579	432.701
3.58	401.697
3.581	371.191
3.582	341.555
3.583	313.107
3.584	286.112
3.585	260.777
3.586	237.253
3.587	215.64
3.588	195.991
3.589	178.312
3.59	162.576
3.591	148.719
3.592	136.655
3.593	126.275
3.594	117.457
3.595	110.069
3.596	103.971
3.597	99.0218
3.598	95.0817
3.599	92.0139
3.6	89.687
3.601	87.9766
3.602	86.7666
3.603	85.9502
3.604	85.4301
3.605	85.1196
3.606	84.9421
3.607	84.8321
3.608	84.7341
3.609	84.6036
3.61	84.406
3.611	84.1168
3.612	83.7208
3.613	83.212
3.614	82.5926
3.615	81.8726
3.616	81.0691
3.617	80.2049
3.618	79.308
3.619	78.4105
3.62	77.5473
3.621	76.755
3.622	76.0707
3.623	75.5311
3.624	75.1709
3.625	75.0222
3.626	75.1134
3.627	75.4689
3.628	76.1086
3.629	77.0479
3.63	78.298
3.631	79.867
3.632	81.7606
3.633	83.9837
3.634	86.5425
3.635	89.4462
3.636	92.7094
3.637	96.3543
3.638	100.413
3.639	104.929
3.64	109.961
3.641	115.579
3.642	121.87
3.643	128.938
3.644	136.897
3.645	145.875
3.646	156.01
3.647	167.447
3.648	180.331
3.649	194.806
3.65	211.007
3.651	229.057
3.652	249.059
3.653	271.091
3.654	295.201
3.655	321.403
3.656	349.671
3.657	379.934
3.658	412.08
3.659	445.944
3.66	481.32
3.661	517.95
3.662	555.536
3.663	593.736
3.664	632.174
3.665	670.441
3.666	708.106
3.667	744.719
3.668	779.823
3.669	812.962
3.67	843.689
3.671	871.574
3.672	896.217
3.673	917.256
3.674	934.372
3.675	947.301
3.676	955.839
3.677	959.848
3.678	959.259
3.679	954.078
3.68	944.383
3.681	930.326
3.682	912.133
3.683	890.092
3.684	864.555
3.685	835.926
3.686	804.655
3.687	771.223
3.688	736.137
3.689	699.916
3.69	663.079
3.691	626.135
3.692	589.569
3.693	553.839
3.694	519.359
3.695	486.499
3.696	455.573
3.697	426.842
3.698	400.503
3.699	376.694
3.7	355.495
3.701	336.924
3.702	320.948
3.703	307.479
3.704	296.388
3.705	287.501
3.706	280.613
3.707	275.492
3.708	271.882
3.709	269.516
3.71	268.117
3.711	267.409
3.712	267.119
3.713	266.988
3.714	266.771
3.715	266.244
3.716	265.21
3.717	263.5
3.718	260.98
3.719	257.546
3.72	253.131
3.721	247.706
3.722	241.273
3.723	233.869
3.724	225.563
3.725	216.452
3.726	206.655
3.727	196.315
3.728	185.589
3.729	174.645
3.73	163.659
3.731	152.81
3.732	142.274
3.733	132.223
3.734	122.819
3.735	114.213
3.736	106.543
3.737	99.9302
3.738	94.4792
3.739	90.2762
3.74	87.3889
3.741	85.8657
3.742	85.7354
3.743	87.0075
3.744	89.6718
3.745	93.6989
3.746	99.0399
3.747	105.627
3.748	113.374
3.749	122.177
3.75	131.914
3.751	142.449
3.752	153.632
3.753	165.302
3.754	177.287
3.755	189.414
3.756	201.505
3.757	213.389
3.758	224.899
3.759	235.887
3.76	246.218
3.761	255.786
3.762	264.51
3.763	272.344
3.764	279.28
3.765	285.345
3.766	290.612
3.767	295.191
3.768	299.232
3.769	302.922
3.77	306.478
3.771	310.142
3.772	314.177
3.773	318.853
3.774	324.439
3.775	331.196
3.776	339.365
3.777	349.153
3.778	360.733
3.779	374.226
3.78	389.701
3.781	407.167
3.782	426.573
3.783	447.802
3.784	470.681
3.785	494.977
3.786	520.41
3.787	546.659
3.788	573.372
3.789	600.177
3.79	626.698
3.791	652.563
3.792	677.418
3.793	700.94
3.794	722.843
3.795	742.889
3.796	760.893
3.797	776.725
3.798	790.311
3.799	801.631
3.8	810.717
3.801	817.643
3.802	822.521
3.803	825.49
3.804	826.707
3.805	826.34
3.806	824.554
3.807	821.511
3.808	817.359
3.809	812.227
3.81	806.226
3.811	799.444
3.812	791.952
3.813	783.803
3.814	775.034
3.815	765.676
3.816	755.756
3.817	745.301
3.818	734.345
3.819	722.929
3.82	711.11
3.821	698.956
3.822	686.55
3.823	673.985
3.824	661.369
3.825	648.811
3.826	636.427
3.827	624.327
3.828	612.614
3.829	601.381
3.83	590.701
3.831	580.63
3.832	571.201
3.833	562.423
3.834	554.283
3.835	546.747
3.836	539.761
3.837	533.259
3.838	527.161
3.839	521.384
3.84	515.843
3.841	510.459
3.842	505.159
3.843	499.884
3.844	494.59
3.845	489.246
3.846	483.839
3.847	478.372
3.848	472.857
3.849	467.318
3.85	461.784
3.851	456.285
3.852	450.85
3.853	445.499
3.854	440.243
3.855	435.08
3.856	429.992
3.857	424.948
3.858	419.901
3.859	414.792
3.86	409.551
3.861	404.102
3.862	398.369
3.863	392.276
3.864	385.756
3.865	378.754
3.866	371.231
3.867	363.168
3.868	354.567
3.869	345.452
3.87	335.872
3.871	325.897
3.872	315.615
3.873	305.131
3.874	294.565
3.875	284.041
3.876	273.689
3.877	263.637
3.878	254.005
3.879	244.907
3.88	236.441
3.881	228.69
3.882	221.723
3.883	215.589
3.884	210.323
3.885	205.943
3.886	202.458
3.887	199.866
3.888	198.159
3.889	197.328
3.89	197.366
3.891	198.268
3.892	200.04
3.893	202.694
3.894	206.254
3.895	210.753
3.896	216.234
3.897	222.746
3.898	230.344
3.899	239.079
3.9	249
3.901	260.145
3.902	272.537
3.903	286.179
3.904	301.047
3.905	317.09
3.906	334.221
3.907	352.323
3.908	371.239
3.909	390.78
3.91	410.725
3.911	430.824
3.912	450.801
3.913	470.367
3.914	489.221
3.915	507.061
3.916	523.592
3.917	538.531
3.918	551.623
3.919	562.639
3.92	571.39
3.921	577.728
3.922	581.549
3.923	582.801
3.924	581.477
3.925	577.62
3.926	571.315
3.927	562.692
3.928	551.916
3.929	539.18
3.93	524.706
3.931	508.729
3.932	491.498
3.933	473.264
3.934	454.278
3.935	434.783
3.936	415.011
3.937	395.179
3.938	375.485
3.939	356.108
3.94	337.204
3.941	318.91
3.942	301.34
3.943	284.587
3.944	268.725
3.945	253.81
3.946	239.881
3.947	226.96
3.948	215.057
3.949	204.169
3.95	194.28
3.951	185.364
3.952	177.388
3.953	170.308
3.954	164.074
3.955	158.629
3.956	153.909
3.957	149.848
3.958	146.375
3.959	143.418
3.96	140.903
3.961	138.756
3.962	136.909
3.963	135.292
3.964	133.847
3.965	132.517
3.966	131.257
3.967	130.03
3.968	128.811
3.969	127.585
3.97	126.35
3.971	125.115
3.972	123.899
3.973	122.737
3.974	121.668
3.975	120.744
3.976	120.024
3.977	119.57
3.978	119.452
3.979	119.738
3.98	120.498
3.981	121.801
3.982	123.71
3.983	126.286
3.984	129.579
3.985	133.636
3.986	138.492
3.987	144.174
3.988	150.697
3.989	158.068
3.99	166.283
3.991	175.327
3.992	185.176
3.993	195.796
3.994	207.143
3.995	219.165
3.996	231.799
3.997	244.977
3.998	258.618
3.999	272.637
4	286.939
4.001	301.42
4.002	315.97
4.003	330.471
4.004	344.797
4.005	358.816
4.006	372.391
4.007	385.379
4.008	397.638
4.009	409.021
4.01	419.384
4.011	428.59
4.012	436.505
4.013	443.008
4.014	447.993
4.015	451.367
4.016	453.06
4.017	453.023
4.018	451.234
4.019	447.696
4.02	442.44
4.021	435.524
4.022	427.034
4.023	417.082
4.024	405.803
4.025	393.351
4.026	379.899
4.027	365.63
4.028	350.736
4.029	335.412
4.03	319.85
4.031	304.237
4.032	288.749
4.033	273.548
4.034	258.778
4.035	244.566
4.036	231.015
4.037	218.209
4.038	206.207
4.039	195.05
4.04	184.759
4.041	175.336
4.042	166.768
4.043	159.028
4.044	152.081
4.045	145.881
4.046	140.377
4.047	135.517
4.048	131.245
4.049	127.506
4.05	124.248
4.051	121.421
4.052	118.977
4.053	116.874
4.054	115.072
4.055	113.536
4.056	112.232
4.057	111.132
4.058	110.208
4.059	109.433
4.06	108.782
4.061	108.232
4.062	107.758
4.063	107.336
4.064	106.94
4.065	106.546
4.066	106.128
4.067	105.66
4.068	105.118
4.069	104.475
4.07	103.71
4.071	102.799
4.072	101.725
4.073	100.47
4.074	99.0218
4.075	97.3729
4.076	95.5197
4.077	93.4642
4.078	91.214
4.079	88.7828
4.08	86.1904
4.081	83.4625
4.082	80.6313
4.083	77.7345
4.084	74.8158
4.085	71.9244
4.086	69.1144
4.087	66.4448
4.088	63.9788
4.089	61.7837
4.09	59.9304
4.091	58.4926
4.092	57.5471
4.093	57.1726
4.094	57.4495
4.095	58.4591
4.096	60.2827
4.097	63.0011
4.098	66.6926
4.099	71.432
4.1	77.2892
4.101	84.3264
4.102	92.5967
4.103	102.141
4.104	112.987
4.105	125.143
4.106	138.6
4.107	153.325
4.108	169.261
4.109	186.326
4.11	204.41
4.111	223.373
4.112	243.051
4.113	263.25
4.114	283.755
4.115	304.327
4.116	324.714
4.117	344.651
4.118	363.866
4.119	382.091
4.12	399.067
4.121	414.549
4.122	428.319
4.123	440.187
4.124	450.002
4.125	457.655
4.126	463.087
4.127	466.286
4.128	467.296
4.129	466.211
4.13	463.178
4.131	458.39
4.132	452.085
4.133	444.535
4.134	436.045
4.135	426.938
4.136	417.552
4.137	408.225
4.138	399.291
4.139	391.066
4.14	383.842
4.141	377.879
4.142	373.395
4.143	370.564
4.144	369.509
4.145	370.3
4.146	372.95
4.147	377.42
4.148	383.615
4.149	391.391
4.15	400.553
4.151	410.871
4.152	422.074
4.153	433.867
4.154	445.932
4.155	457.943
4.156	469.568
4.157	480.48
4.158	490.367
4.159	498.936
4.16	505.925
4.161	511.101
4.162	514.276
4.163	515.301
4.164	514.075
4.165	510.545
4.166	504.704
4.167	496.593
4.168	486.298
4.169	473.948
4.17	459.706
4.171	443.77
4.172	426.366
4.173	407.739
4.174	388.15
4.175	367.868
4.176	347.166
4.177	326.311
4.178	305.563
4.179	285.166
4.18	265.347
4.181	246.312
4.182	228.238
4.183	211.28
4.184	195.559
4.185	181.173
4.186	168.186
4.187	156.637
4.188	146.538
4.189	137.875
4.19	130.615
4.191	124.704
4.192	120.075
4.193	116.646
4.194	114.33
4.195	113.034
4.196	112.666
4.197	113.137
4.198	114.364
4.199	116.275
4.2	118.811
4.201	121.93
4.202	125.605
4.203	129.829
4.204	134.616
4.205	139.997
4.206	146.024
4.207	152.763
4.208	160.298
4.209	168.724
4.21	178.144
4.211	188.666
4.212	200.397
4.213	213.439
4.214	227.883
4.215	243.805
4.216	261.261
4.217	280.281
4.218	300.866
4.219	322.985
4.22	346.568
4.221	371.513
4.222	397.676
4.223	424.876
4.224	452.896
4.225	481.484
4.226	510.359
4.227	539.215
4.228	567.722
4.229	595.54
4.23	622.32
4.231	647.711
4.232	671.373
4.233	692.978
4.234	712.22
4.235	728.822
4.236	742.54
4.237	753.174
4.238	760.564
4.239	764.6
4.24	765.223
4.241	762.425
4.242	756.25
4.243	746.792
4.244	734.193
4.245	718.641
4.246	700.362
4.247	679.62
4.248	656.706
4.249	631.934
4.25	605.636
4.251	578.148
4.252	549.813
4.253	520.966
4.254	491.931
4.255	463.015
4.256	434.503
4.257	406.652
4.258	379.69
4.259	353.813
4.26	329.181
4.261	305.921
4.262	284.127
4.263	263.858
4.264	245.143
4.265	227.984
4.266	212.358
4.267	198.222
4.268	185.515
4.269	174.164
4.27	164.087
4.271	155.197
4.272	147.406
4.273	140.626
4.274	134.776
4.275	129.78
4.276	125.57
4.277	122.087
4.278	119.281
4.279	117.114
4.28	115.553
4.281	114.574
4.282	114.161
4.283	114.298
4.284	114.977
4.285	116.187
4.286	117.919
4.287	120.157
4.288	122.886
4.289	126.083
4.29	129.718
4.291	133.758
4.292	138.16
4.293	142.877
4.294	147.858
4.295	153.045
4.296	158.378
4.297	163.799
4.298	169.247
4.299	174.664
4.3	179.999
4.301	185.203
4.302	190.235
4.303	195.062
4.304	199.658
4.305	204.005
4.306	208.095
4.307	211.924
4.308	215.496
4.309	218.819
4.31	221.904
4.311	224.764
4.312	227.412
4.313	229.858
4.314	232.11
4.315	234.17
4.316	236.037
4.317	237.705
4.318	239.16
4.319	240.385
4.32	241.359
4.321	242.058
4.322	242.457
4.323	242.533
4.324	242.262
4.325	241.628
4.326	240.617
4.327	239.225
4.328	237.457
4.329	235.324
4.33	232.85
4.331	230.067
4.332	227.017
4.333	223.751
4.334	220.328
4.335	216.813
4.336	213.277
4.337	209.793
4.338	206.44
4.339	203.296
4.34	200.44
4.341	197.952
4.342	195.911
4.343	194.394
4.344	193.481
4.345	193.251
4.346	193.783
4.347	195.16
4.348	197.468
4.349	200.795
4.35	205.235
4.351	210.886
4.352	217.85
4.353	226.231
4.354	236.136
4.355	247.67
4.356	260.935
4.357	276.026
4.358	293.025
4.359	312
4.36	332.995
4.361	356.031
4.362	381.095
4.363	408.142
4.364	437.085
4.365	467.797
4.366	500.107
4.367	533.8
4.368	568.616
4.369	604.258
4.37	640.39
4.371	676.646
4.372	712.638
4.373	747.96
4.374	782.204
4.375	814.965
4.376	845.851
4.377	874.497
4.378	900.574
4.379	923.794
4.38	943.922
4.381	960.781
4.382	974.255
4.383	984.293
4.384	990.907
4.385	994.17
4.386	994.214
4.387	991.221
4.388	985.417
4.389	977.061
4.39	966.439
4.391	953.846
4.392	939.585
4.393	923.948
4.394	907.214
4.395	889.636
4.396	871.437
4.397	852.806
4.398	833.893
4.399	814.81
4.4	795.633
4.401	776.4
4.402	757.122
4.403	737.785
4.404	718.354
4.405	698.786
4.406	679.03
4.407	659.039
4.408	638.773
4.409	618.206
4.41	597.329
4.411	576.153
4.412	554.713
4.413	533.064
4.414	511.283
4.415	489.468
4.416	467.733
4.417	446.203
4.418	425.014
4.419	404.307
4.42	384.221
4.421	364.892
4.422	346.448
4.423	329.007
4.424	312.671
4.425	297.528
4.426	283.65
4.427	271.092
4.428	259.891
4.429	250.072
4.43	241.644
4.431	234.606
4.432	228.949
4.433	224.656
4.434	221.706
4.435	220.08
4.436	219.757
4.437	220.72
4.438	222.954
4.439	226.453
4.44	231.212
4.441	237.232
4.442	244.518
4.443	253.077
4.444	262.915
4.445	274.033
4.446	286.429
4.447	300.089
4.448	314.986
4.449	331.077
4.45	348.298
4.451	366.563
4.452	385.762
4.453	405.756
4.454	426.381
4.455	447.444
4.456	468.73
4.457	489.997
4.458	510.986
4.459	531.423
4.46	551.024
4.461	569.504
4.462	586.581
4.463	601.984
4.464	615.462
4.465	626.79
4.466	635.777
4.467	642.269
4.468	646.157
4.469	647.38
4.47	645.926
4.471	641.835
4.472	635.195
4.473	626.142
4.474	614.859
4.475	601.563
4.476	586.505
4.477	569.96
4.478	552.222
4.479	533.591
4.48	514.368
4.481	494.847
4.482	475.305
4.483	456
4.484	437.16
4.485	418.983
4.486	401.632
4.487	385.234
4.488	369.877
4.489	355.616
4.49	342.469
4.491	330.426
4.492	319.447
4.493	309.47
4.494	300.415
4.495	292.189
4.496	284.688
4.497	277.805
4.498	271.434
4.499	265.47
4.5	259.817
4.501	254.386
4.502	249.1
4.503	243.892
4.504	238.709
4.505	233.509
4.506	228.263
4.507	222.951
4.508	217.563
4.509	212.099
4.51	206.564
4.511	200.971
4.512	195.334
4.513	189.674
4.514	184.012
4.515	178.37
4.516	172.771
4.517	167.238
4.518	161.793
4.519	156.459
4.52	151.256
4.521	146.204
4.522	141.321
4.523	136.627
4.524	132.137
4.525	127.868
4.526	123.836
4.527	120.056
4.528	116.543
4.529	113.31
4.53	110.373
4.531	107.744
4.532	105.437
4.533	103.467
4.534	101.846
4.535	100.59
4.536	99.7107
4.537	99.2236
4.538	99.1427
4.539	99.4821
4.54	100.256
4.541	101.477
4.542	103.158
4.543	105.311
4.544	107.944
4.545	111.064
4.546	114.676
4.547	118.778
4.548	123.367
4.549	128.432
4.55	133.957
4.551	139.92
4.552	146.289
4.553	153.028
4.554	160.091
4.555	167.424
4.556	174.965
4.557	182.644
4.558	190.387
4.559	198.11
4.56	205.726
4.561	213.142
4.562	220.266
4.563	227.002
4.564	233.256
4.565	238.938
4.566	243.96
4.567	248.243
4.568	251.714
4.569	254.312
4.57	255.985
4.571	256.695
4.572	256.416
4.573	255.139
4.574	252.866
4.575	249.617
4.576	245.422
4.577	240.328
4.578	234.393
4.579	227.686
4.58	220.289
4.581	212.287
4.582	203.776
4.583	194.854
4.584	185.622
4.585	176.184
4.586	166.639
4.587	157.087
4.588	147.62
4.589	138.328
4.59	129.292
4.591	120.586
4.592	112.274
4.593	104.415
4.594	97.0551
4.595	90.2343
4.596	83.983
4.597	78.3242
4.598	73.273
4.599	68.8386
4.6	65.0242
4.601	61.8287
4.602	59.2472
4.603	57.2725
4.604	55.8958
4.605	55.108
4.606	54.9005
4.607	55.2662
4.608	56.1999
4.609	57.6994
4.61	59.7656
4.611	62.403
4.612	65.6195
4.613	69.4267
4.614	73.8393
4.615	78.8748
4.616	84.5526
4.617	90.8931
4.618	97.917
4.619	105.644
4.62	114.091
4.621	123.272
4.622	133.195
4.623	143.863
4.624	155.272
4.625	167.408
4.626	180.25
4.627	193.766
4.628	207.915
4.629	222.645
4.63	237.895
4.631	253.597
4.632	269.672
4.633	286.035
4.634	302.597
4.635	319.261
4.636	335.93
4.637	352.504
4.638	368.885
4.639	384.974
4.64	400.675
4.641	415.895
4.642	430.546
4.643	444.544
4.644	457.809
4.645	470.268
4.646	481.851
4.647	492.495
4.648	502.14
4.649	510.732
4.65	518.224
4.651	524.573
4.652	529.741
4.653	533.701
4.654	536.431
4.655	537.918
4.656	538.16
4.657	537.169
4.658	534.967
4.659	531.591
4.66	527.095
4.661	521.545
4.662	515.028
4.663	507.641
4.664	499.499
4.665	490.731
4.666	481.473
4.667	471.873
4.668	462.083
4.669	452.257
4.67	442.547
4.671	433.099
4.672	424.049
4.673	415.519
4.674	407.616
4.675	400.425
4.676	394.009
4.677	388.406
4.678	383.63
4.679	379.67
4.68	376.489
4.681	374.027
4.682	372.202
4.683	370.916
4.684	370.055
4.685	369.491
4.686	369.093
4.687	368.724
4.688	368.251
4.689	367.543
4.69	366.483
4.691	364.962
4.692	362.89
4.693	360.196
4.694	356.828
4.695	352.756
4.696	347.976
4.697	342.503
4.698	336.381
4.699	329.673
4.7	322.465
4.701	314.866
4.702	307.002
4.703	299.019
4.704	291.076
4.705	283.348
4.706	276.021
4.707	269.29
4.708	263.357
4.709	258.428
4.71	254.711
4.711	252.412
4.712	251.734
4.713	252.871
4.714	256.01
4.715	261.321
4.716	268.959
4.717	279.058
4.718	291.732
4.719	307.064
4.72	325.113
4.721	345.903
4.722	369.425
4.723	395.637
4.724	424.458
4.725	455.772
4.726	489.425
4.727	525.23
4.728	562.961
4.729	602.364
4.73	643.155
4.731	685.022
4.732	727.633
4.733	770.638
4.734	813.675
4.735	856.371
4.736	898.354
4.737	939.251
4.738	978.697
4.739	1016.34
4.74	1051.85
4.741	1084.9
4.742	1115.21
4.743	1142.52
4.744	1166.6
4.745	1187.26
4.746	1204.34
4.747	1217.73
4.748	1227.36
4.749	1233.19
4.75	1235.23
4.751	1233.53
4.752	1228.18
4.753	1219.32
4.754	1207.11
4.755	1191.76
4.756	1173.48
4.757	1152.55
4.758	1129.23
4.759	1103.82
4.76	1076.63
4.761	1047.98
4.762	1018.17
4.763	987.518
4.764	956.322
4.765	924.869
4.766	893.431
4.767	862.256
4.768	831.571
4.769	801.576
4.77	772.447
4.771	744.333
4.772	717.355
4.773	691.612
4.774	667.178
4.775	644.106
4.776	622.429
4.777	602.164
4.778	583.313
4.779	565.866
4.78	549.802
4.781	535.093
4.782	521.705
4.783	509.594
4.784	498.717
4.785	489.022
4.786	480.455
4.787	472.959
4.788	466.472
4.789	460.927
4.79	456.257
4.791	452.387
4.792	449.244
4.793	446.75
4.794	444.828
4.795	443.401
4.796	442.394
4.797	441.738
4.798	441.368
4.799	441.231
4.8	441.279
4.801	441.48
4.802	441.814
4.803	442.275
4.804	442.87
4.805	443.623
4.806	444.57
4.807	445.757
4.808	447.244
4.809	449.094
4.81	451.378
4.811	454.165
4.812	457.525
4.813	461.519
4.814	466.199
4.815	471.607
4.816	477.768
4.817	484.689
4.818	492.36
4.819	500.748
4.82	509.804
4.821	519.456
4.822	529.616
4.823	540.178
4.824	551.025
4.825	562.026
4.826	573.044
4.827	583.937
4.828	594.565
4.829	604.786
4.83	614.469
4.831	623.488
4.832	631.731
4.833	639.096
4.834	645.5
4.835	650.871
4.836	655.155
4.837	658.314
4.838	660.323
4.839	661.174
4.84	660.869
4.841	659.423
4.842	656.858
4.843	653.205
4.844	648.504
4.845	642.795
4.846	636.126
4.847	628.543
4.848	620.098
4.849	610.841
4.85	600.824
4.851	590.099
4.852	578.721
4.853	566.743
4.854	554.221
4.855	541.214
4.856	527.782
4.857	513.989
4.858	499.901
4.859	485.587
4.86	471.123
4.861	456.586
4.862	442.057
4.863	427.62
4.864	413.365
4.865	399.38
4.866	385.757
4.867	372.591
4.868	359.973
4.869	347.996
4.87	336.751
4.871	326.325
4.872	316.803
4.873	308.262
4.874	300.776
4.875	294.41
4.876	289.221
4.877	285.257
4.878	282.554
4.879	281.138
4.88	281.023
4.881	282.206
4.882	284.674
4.883	288.397
4.884	293.329
4.885	299.41
4.886	306.561
4.887	314.69
4.888	323.689
4.889	333.434
4.89	343.787
4.891	354.601
4.892	365.714
4.893	376.961
4.894	388.168
4.895	399.159
4.896	409.763
4.897	419.808
4.898	429.136
4.899	437.599
4.9	445.065
4.901	451.424
4.902	456.588
4.903	460.497
4.904	463.122
4.905	464.463
4.906	464.554
4.907	463.464
4.908	461.292
4.909	458.173
4.91	454.269
4.911	449.771
4.912	444.893
4.913	439.868
4.914	434.946
4.915	430.382
4.916	426.438
4.917	423.371
4.918	421.433
4.919	420.859
4.92	421.865
4.921	424.645
4.922	429.361
4.923	436.145
4.924	445.094
4.925	456.266
4.926	469.682
4.927	485.321
4.928	503.129
4.929	523.01
4.93	544.836
4.931	568.446
4.932	593.65
4.933	620.234
4.934	647.961
4.935	676.578
4.936	705.819
4.937	735.411
4.938	765.072
4.939	794.522
4.94	823.481
4.941	851.676
4.942	878.84
4.943	904.715
4.944	929.056
4.945	951.632
4.946	972.224
4.947	990.633
4.948	1006.68
4.949	1020.19
4.95	1031.04
4.951	1039.1
4.952	1044.29
4.953	1046.53
4.954	1045.8
4.955	1042.09
4.956	1035.43
4.957	1025.89
4.958	1013.57
4.959	998.606
4.96	981.17
4.961	961.47
4.962	939.745
4.963	916.263
4.964	891.315
4.965	865.212
4.966	838.28
4.967	810.85
4.968	783.255
4.969	755.821
4.97	728.859
4.971	702.661
4.972	677.492
4.973	653.584
4.974	631.133
4.975	610.297
4.976	591.187
4.977	573.874
4.978	558.384
4.979	544.701
4.98	532.77
4.981	522.5
4.982	513.767
4.983	506.42
4.984	500.29
4.985	495.19
4.986	490.925
4.987	487.297
4.988	484.109
4.989	481.177
4.99	478.324
4.991	475.398
4.992	472.263
4.993	468.811
4.994	464.96
4.995	460.659
4.996	455.885
4.997	450.646
4.998	444.979
4.999	438.952
5	432.657
5.001	426.213
5.002	419.758
5.003	413.452
5.004	407.467
5.005	401.988
5.006	397.206
5.007	393.315
5.008	390.505
5.009	388.962
5.01	388.859
5.011	390.354
5.012	393.584
5.013	398.662
5.014	405.673
5.015	414.668
5.016	425.667
5.017	438.648
5.018	453.552
5.019	470.279
5.02	488.688
5.021	508.596
5.022	529.784
5.023	551.996
5.024	574.94
5.025	598.3
5.026	621.735
5.027	644.889
5.028	667.396
5.029	688.891
5.03	709.014
5.031	727.421
5.032	743.795
5.033	757.85
5.034	769.338
5.035	778.063
5.036	783.876
5.037	786.691
5.038	786.479
5.039	783.273
5.04	777.168
5.041	768.32
5.042	756.938
5.043	743.286
5.044	727.671
5.045	710.435
5.046	691.953
5.047	672.616
5.048	652.829
5.049	632.995
5.05	613.51
5.051	594.756
5.052	577.087
5.053	560.829
5.054	546.27
5.055	533.655
5.056	523.189
5.057	515.025
5.058	509.274
5.059	505.994
5.06	505.202
5.061	506.866
5.062	510.917
5.063	517.245
5.064	525.705
5.065	536.122
5.066	548.294
5.067	561.994
5.068	576.977
5.069	592.984
5.07	609.74
5.071	626.966
5.072	644.374
5.073	661.677
5.074	678.587
5.075	694.824
5.076	710.113
5.077	724.19
5.078	736.809
5.079	747.738
5.08	756.767
5.081	763.712
5.082	768.415
5.083	770.749
5.084	770.619
5.085	767.967
5.086	762.769
5.087	755.041
5.088	744.836
5.089	732.244
5.09	717.391
5.091	700.437
5.092	681.571
5.093	661.01
5.094	638.992
5.095	615.771
5.096	591.613
5.097	566.788
5.098	541.567
5.099	516.211
5.1	490.972
5.101	466.082
5.102	441.753
5.103	418.17
5.104	395.491
5.105	373.844
5.106	353.325
5.107	334
5.108	315.905
5.109	299.048
5.11	283.412
5.111	268.959
5.112	255.63
5.113	243.354
5.114	232.049
5.115	221.627
5.116	211.999
5.117	203.077
5.118	194.78
5.119	187.033
5.12	179.774
5.121	172.954
5.122	166.537
5.123	160.501
5.124	154.842
5.125	149.565
5.126	144.694
5.127	140.261
5.128	136.308
5.129	132.885
5.13	130.047
5.131	127.85
5.132	126.349
5.133	125.597
5.134	125.639
5.135	126.512
5.136	128.239
5.137	130.833
5.138	134.289
5.139	138.587
5.14	143.689
5.141	149.541
5.142	156.071
5.143	163.192
5.144	170.802
5.145	178.789
5.146	187.028
5.147	195.392
5.148	203.746
5.149	211.96
5.15	219.904
5.151	227.461
5.152	234.52
5.153	240.988
5.154	246.789
5.155	251.866
5.156	256.184
5.157	259.732
5.158	262.518
5.159	264.577
5.16	265.962
5.161	266.746
5.162	267.019
5.163	266.882
5.164	266.449
5.165	265.837
5.166	265.166
5.167	264.552
5.168	264.105
5.169	263.924
5.17	264.096
5.171	264.689
5.172	265.754
5.173	267.321
5.174	269.398
5.175	271.974
5.176	275.018
5.177	278.48
5.178	282.294
5.179	286.381
5.18	290.653
5.181	295.013
5.182	299.366
5.183	303.617
5.184	307.677
5.185	311.466
5.186	314.919
5.187	317.988
5.188	320.642
5.189	322.873
5.19	324.694
5.191	326.142
5.192	327.275
5.193	328.175
5.194	328.942
5.195	329.694
5.196	330.562
5.197	331.691
5.198	333.229
5.199	335.329
5.2	338.14
5.201	341.806
5.202	346.458
5.203	352.212
5.204	359.164
5.205	367.388
5.206	376.929
5.207	387.807
5.208	400.009
5.209	413.494
5.21	428.189
5.211	443.991
5.212	460.772
5.213	478.378
5.214	496.632
5.215	515.344
5.216	534.308
5.217	553.316
5.218	572.153
5.219	590.614
5.22	608.499
5.221	625.627
5.222	641.834
5.223	656.981
5.224	670.957
5.225	683.679
5.226	695.097
5.227	705.191
5.228	713.974
5.229	721.487
5.23	727.798
5.231	733.001
5.232	737.206
5.233	740.541
5.234	743.142
5.235	745.154
5.236	746.718
5.237	747.974
5.238	749.051
5.239	750.065
5.24	751.12
5.241	752.297
5.242	753.66
5.243	755.25
5.244	757.09
5.245	759.178
5.246	761.495
5.247	764.002
5.248	766.646
5.249	769.358
5.25	772.06
5.251	774.666
5.252	777.083
5.253	779.218
5.254	780.978
5.255	782.275
5.256	783.028
5.257	783.164
5.258	782.623
5.259	781.359
5.26	779.341
5.261	776.555
5.262	773.005
5.263	768.715
5.264	763.727
5.265	758.1
5.266	751.913
5.267	745.26
5.268	738.25
5.269	731.005
5.27	723.656
5.271	716.342
5.272	709.209
5.273	702.4
5.274	696.06
5.275	690.328
5.276	685.337
5.277	681.21
5.278	678.057
5.279	675.978
5.28	675.055
5.281	675.357
5.282	676.935
5.283	679.825
5.284	684.05
5.285	689.614
5.286	696.511
5.287	704.72
5.288	714.211
5.289	724.94
5.29	736.859
5.291	749.908
5.292	764.022
5.293	779.128
5.294	795.148
5.295	811.998
5.296	829.589
5.297	847.825
5.298	866.606
5.299	885.825
5.3	905.367
5.301	925.113
5.302	944.935
5.303	964.699
5.304	984.264
5.305	1003.48
5.306	1022.2
5.307	1040.26
5.308	1057.5
5.309	1073.75
5.31	1088.85
5.311	1102.62
5.312	1114.91
5.313	1125.54
5.314	1134.38
5.315	1141.26
5.316	1146.06
5.317	1148.66
5.318	1148.95
5.319	1146.84
5.32	1142.27
5.321	1135.2
5.322	1125.6
5.323	1113.48
5.324	1098.87
5.325	1081.84
5.326	1062.47
5.327	1040.88
5.328	1017.22
5.329	991.642
5.33	964.351
5.331	935.559
5.332	905.502
5.333	874.431
5.334	842.61
5.335	810.314
5.336	777.823
5.337	745.417
5.338	713.375
5.339	681.97
5.34	651.464
5.341	622.103
5.342	594.116
5.343	567.714
5.344	543.082
5.345	520.379
5.346	499.74
5.347	481.27
5.348	465.047
5.349	451.121
5.35	439.514
5.351	430.225
5.352	423.226
5.353	418.47
5.354	415.89
5.355	415.405
5.356	416.917
5.357	420.322
5.358	425.506
5.359	432.353
5.36	440.742
5.361	450.555
5.362	461.674
5.363	473.984
5.364	487.374
5.365	501.737
5.366	516.969
5.367	532.967
5.368	549.633
5.369	566.865
5.37	584.565
5.371	602.626
5.372	620.942
5.373	639.399
5.374	657.879
5.375	676.257
5.376	694.402
5.377	712.179
5.378	729.451
5.379	746.076
5.38	761.919
5.381	776.845
5.382	790.728
5.383	803.452
5.384	814.917
5.385	825.037
5.386	833.746
5.387	840.997
5.388	846.765
5.389	851.049
5.39	853.865
5.391	855.252
5.392	855.266
5.393	853.976
5.394	851.466
5.395	847.826
5.396	843.152
5.397	837.539
5.398	831.082
5.399	823.871
5.4	815.987
5.401	807.502
5.402	798.479
5.403	788.969
5.404	779.015
5.405	768.65
5.406	757.902
5.407	746.793
5.408	735.344
5.409	723.58
5.41	711.529
5.411	699.226
5.412	686.719
5.413	674.066
5.414	661.342
5.415	648.634
5.416	636.048
5.417	623.7
5.418	611.722
5.419	600.254
5.42	589.443
5.421	579.439
5.422	570.388
5.423	562.431
5.424	555.694
5.425	550.285
5.426	546.29
5.427	543.764
5.428	542.732
5.429	543.18
5.43	545.059
5.431	548.277
5.432	552.704
5.433	558.17
5.434	564.471
5.435	571.37
5.436	578.604
5.437	585.889
5.438	592.928
5.439	599.418
5.44	605.062
5.441	609.57
5.442	612.675
5.443	614.135
5.444	613.744
5.445	611.334
5.446	606.785
5.447	600.022
5.448	591.023
5.449	579.816
5.45	566.48
5.451	551.141
5.452	533.968
5.453	515.17
5.454	494.989
5.455	473.695
5.456	451.577
5.457	428.937
5.458	406.083
5.459	383.322
5.46	360.954
5.461	339.266
5.462	318.528
5.463	298.986
5.464	280.863
5.465	264.354
5.466	249.624
5.467	236.81
5.468	226.019
5.469	217.33
5.47	210.793
5.471	206.434
5.472	204.256
5.473	204.239
5.474	206.346
5.475	210.522
5.476	216.698
5.477	224.793
5.478	234.715
5.479	246.363
5.48	259.631
5.481	274.404
5.482	290.563
5.483	307.984
5.484	326.54
5.485	346.098
5.486	366.525
5.487	387.682
5.488	409.426
5.489	431.614
5.49	454.098
5.491	476.729
5.492	499.354
5.493	521.821
5.494	543.976
5.495	565.669
5.496	586.748
5.497	607.067
5.498	626.487
5.499	644.871
5.5	662.097
5.501	678.048
5.502	692.622
5.503	705.73
5.504	717.298
5.505	727.268
5.506	735.599
5.507	742.265
5.508	747.262
5.509	750.599
5.51	752.307
5.511	752.43
5.512	751.032
5.513	748.191
5.514	744.001
5.515	738.569
5.516	732.019
5.517	724.486
5.518	716.115
5.519	707.065
5.52	697.502
5.521	687.604
5.522	677.551
5.523	667.532
5.524	657.734
5.525	648.348
5.526	639.559
5.527	631.545
5.528	624.475
5.529	618.503
5.53	613.765
5.531	610.375
5.532	608.42
5.533	607.961
5.534	609.026
5.535	611.609
5.536	615.67
5.537	621.134
5.538	627.894
5.539	635.809
5.54	644.709
5.541	654.399
5.542	664.662
5.543	675.266
5.544	685.968
5.545	696.518
5.546	706.67
5.547	716.184
5.548	724.831
5.549	732.399
5.55	738.699
5.551	743.567
5.552	746.866
5.553	748.49
5.554	748.367
5.555	746.456
5.556	742.751
5.557	737.275
5.558	730.088
5.559	721.275
5.56	710.952
5.561	699.26
5.562	686.361
5.563	672.44
5.564	657.695
5.565	642.338
5.566	626.588
5.567	610.67
5.568	594.805
5.569	579.213
5.57	564.101
5.571	549.663
5.572	536.074
5.573	523.483
5.574	512.017
5.575	501.766
5.576	492.793
5.577	485.121
5.578	478.741
5.579	473.604
5.58	469.629
5.581	466.702
5.582	464.679
5.583	463.39
5.584	462.647
5.585	462.246
5.586	461.974
5.587	461.619
5.588	460.972
5.589	459.836
5.59	458.035
5.591	455.412
5.592	451.844
5.593	447.236
5.594	441.533
5.595	434.716
5.596	426.804
5.597	417.855
5.598	407.965
5.599	397.262
5.6	385.906
5.601	374.086
5.602	362.011
5.603	349.907
5.604	338.013
5.605	326.575
5.606	315.837
5.607	306.04
5.608	297.418
5.609	290.185
5.61	284.54
5.611	280.658
5.612	278.687
5.613	278.745
5.614	280.918
5.615	285.257
5.616	291.775
5.617	300.451
5.618	311.224
5.619	323.994
5.62	338.628
5.621	354.954
5.622	372.771
5.623	391.848
5.624	411.93
5.625	432.743
5.626	454.001
5.627	475.412
5.628	496.685
5.629	517.543
5.63	537.725
5.631	556.998
5.632	575.166
5.633	592.075
5.634	607.623
5.635	621.763
5.636	634.509
5.637	645.938
5.638	656.189
5.639	665.466
5.64	674.028
5.641	682.187
5.642	690.298
5.643	698.754
5.644	707.965
5.645	718.354
5.646	730.339
5.647	744.316
5.648	760.651
5.649	779.661
5.65	801.603
5.651	826.662
5.652	854.944
5.653	886.468
5.654	921.161
5.655	958.858
5.656	999.308
5.657	1042.17
5.658	1087.04
5.659	1133.44
5.66	1180.83
5.661	1228.66
5.662	1276.35
5.663	1323.31
5.664	1368.97
5.665	1412.78
5.666	1454.24
5.667	1492.92
5.668	1528.43
5.669	1560.47
5.67	1588.79
5.671	1613.25
5.672	1633.76
5.673	1650.29
5.674	1662.9
5.675	1671.69
5.676	1676.78
5.677	1678.35
5.678	1676.6
5.679	1671.72
5.68	1663.94
5.681	1653.45
5.682	1640.46
5.683	1625.16
5.684	1607.74
5.685	1588.36
5.686	1567.21
5.687	1544.46
5.688	1520.27
5.689	1494.82
5.69	1468.33
5.691	1440.98
5.692	1413.02
5.693	1384.68
5.694	1356.23
5.695	1327.95
5.696	1300.12
5.697	1273.02
5.698	1246.93
5.699	1222.11
5.7	1198.8
5.701	1177.21
5.702	1157.48
5.703	1139.73
5.704	1124.01
5.705	1110.31
5.706	1098.54
5.707	1088.58
5.708	1080.21
5.709	1073.19
5.71	1067.19
5.711	1061.89
5.712	1056.9
5.713	1051.82
5.714	1046.27
5.715	1039.86
5.716	1032.21
5.717	1022.99
5.718	1011.92
5.719	998.758
5.72	983.33
5.721	965.531
5.722	945.324
5.723	922.746
5.724	897.903
5.725	870.971
5.726	842.187
5.727	811.848
5.728	780.298
5.729	747.923
5.73	715.14
5.731	682.387
5.732	650.116
5.733	618.78
5.734	588.828
5.735	560.693
5.736	534.788
5.737	511.498
5.738	491.172
5.739	474.123
5.74	460.624
5.741	450.901
5.742	445.133
5.743	443.454
5.744	445.946
5.745	452.645
5.746	463.537
5.747	478.56
5.748	497.606
5.749	520.521
5.75	547.106
5.751	577.123
5.752	610.292
5.753	646.301
5.754	684.8
5.755	725.414
5.756	767.741
5.757	811.357
5.758	855.824
5.759	900.691
5.76	945.5
5.761	989.792
5.762	1033.11
5.763	1075.01
5.764	1115.06
5.765	1152.84
5.766	1187.97
5.767	1220.07
5.768	1248.83
5.769	1273.96
5.77	1295.19
5.771	1312.34
5.772	1325.25
5.773	1333.82
5.774	1338.01
5.775	1337.83
5.776	1333.35
5.777	1324.7
5.778	1312.08
5.779	1295.72
5.78	1275.93
5.781	1253.04
5.782	1227.44
5.783	1199.54
5.784	1169.78
5.785	1138.62
5.786	1106.52
5.787	1073.93
5.788	1041.29
5.789	1009.01
5.79	977.456
5.791	946.964
5.792	917.813
5.793	890.226
5.794	864.37
5.795	840.35
5.796	818.214
5.797	797.958
5.798	779.525
5.799	762.818
5.8	747.704
5.801	734.025
5.802	721.609
5.803	710.274
5.804	699.845
5.805	690.155
5.806	681.058
5.807	672.433
5.808	664.188
5.809	656.262
5.81	648.629
5.811	641.295
5.812	634.295
5.813	627.69
5.814	621.563
5.815	616.011
5.816	611.138
5.817	607.05
5.818	603.848
5.819	601.618
5.82	600.429
5.821	600.325
5.822	601.323
5.823	603.405
5.824	606.525
5.825	610.6
5.826	615.516
5.827	621.127
5.828	627.26
5.829	633.721
5.83	640.297
5.831	646.76
5.832	652.881
5.833	658.428
5.834	663.177
5.835	666.916
5.836	669.454
5.837	670.622
5.838	670.28
5.839	668.32
5.84	664.669
5.841	659.291
5.842	652.184
5.843	643.387
5.844	632.969
5.845	621.035
5.846	607.717
5.847	593.171
5.848	577.577
5.849	561.127
5.85	544.023
5.851	526.474
5.852	508.686
5.853	490.862
5.854	473.191
5.855	455.851
5.856	439.002
5.857	422.783
5.858	407.31
5.859	392.678
5.86	378.957
5.861	366.195
5.862	354.418
5.863	343.633
5.864	333.828
5.865	324.978
5.866	317.048
5.867	309.992
5.868	303.761
5.869	298.307
5.87	293.579
5.871	289.535
5.872	286.136
5.873	283.355
5.874	281.172
5.875	279.578
5.876	278.575
5.877	278.172
5.878	278.388
5.879	279.249
5.88	280.784
5.881	283.023
5.882	285.997
5.883	289.732
5.884	294.249
5.885	299.56
5.886	305.664
5.887	312.549
5.888	320.19
5.889	328.545
5.89	337.558
5.891	347.159
5.892	357.265
5.893	367.78
5.894	378.599
5.895	389.608
5.896	400.692
5.897	411.729
5.898	422.602
5.899	433.194
5.9	443.396
5.901	453.106
5.902	462.23
5.903	470.686
5.904	478.406
5.905	485.329
5.906	491.41
5.907	496.614
5.908	500.918
5.909	504.311
5.91	506.788
5.911	508.356
5.912	509.03
5.913	508.833
5.914	507.794
5.915	505.95
5.916	503.345
5.917	500.029
5.918	496.06
5.919	491.503
5.92	486.428
5.921	480.913
5.922	475.043
5.923	468.908
5.924	462.601
5.925	456.221
5.926	449.865
5.927	443.632
5.928	437.618
5.929	431.912
5.93	426.596
5.931	421.745
5.932	417.417
5.933	413.659
5.934	410.503
5.935	407.964
5.936	406.04
5.937	404.714
5.938	403.957
5.939	403.723
5.94	403.961
5.941	404.612
5.942	405.613
5.943	406.905
5.944	408.432
5.945	410.149
5.946	412.023
5.947	414.036
5.948	416.188
5.949	418.499
5.95	421.006
5.951	423.764
5.952	426.843
5.953	430.327
5.954	434.305
5.955	438.867
5.956	444.102
5.957	450.087
5.958	456.881
5.959	464.524
5.96	473.024
5.961	482.361
5.962	492.477
5.963	503.277
5.964	514.63
5.965	526.369
5.966	538.296
5.967	550.183
5.968	561.784
5.969	572.836
5.97	583.073
5.971	592.231
5.972	600.055
5.973	606.314
5.974	610.803
5.975	613.352
5.976	613.83
5.977	612.154
5.978	608.286
5.979	602.239
5.98	594.074
5.981	583.901
5.982	571.873
5.983	558.186
5.984	543.071
5.985	526.791
5.986	509.633
5.987	491.907
5.988	473.933
5.989	456.045
5.99	438.575
5.991	421.855
5.992	406.212
5.993	391.961
5.994	379.401
5.995	368.813
5.996	360.453
5.997	354.553
5.998	351.311
5.999	350.891
6	353.419
6.001	358.979
6.002	367.608
6.003	379.294
6.004	393.976
6.005	411.537
6.006	431.811
6.007	454.574
6.008	479.555
6.009	506.432
6.01	534.845
6.011	564.393
6.012	594.649
6.013	625.167
6.014	655.491
6.015	685.169
6.016	713.761
6.017	740.852
6.018	766.065
6.019	789.066
6.02	809.579
6.021	827.387
6.022	842.342
6.023	854.366
6.024	863.449
6.025	869.651
6.026	873.097
6.027	873.968
6.028	872.496
6.029	868.95
6.03	863.632
6.031	856.858
6.032	848.953
6.033	840.233
6.034	831.002
6.035	821.537
6.036	812.084
6.037	802.849
6.038	793.997
6.039	785.647
6.04	777.877
6.041	770.718
6.042	764.164
6.043	758.174
6.044	752.678
6.045	747.583
6.046	742.78
6.047	738.151
6.048	733.574
6.049	728.933
6.05	724.118
6.051	719.032
6.052	713.595
6.053	707.744
6.054	701.436
6.055	694.65
6.056	687.383
6.057	679.652
6.058	671.492
6.059	662.952
6.06	654.098
6.061	645.006
6.062	635.762
6.063	626.463
6.064	617.21
6.065	608.112
6.066	599.279
6.067	590.827
6.068	582.874
6.069	575.537
6.07	568.934
6.071	563.182
6.072	558.392
6.073	554.672
6.074	552.12
6.075	550.824
6.076	550.859
6.077	552.281
6.078	555.126
6.079	559.408
6.08	565.111
6.081	572.192
6.082	580.576
6.083	590.155
6.084	600.786
6.085	612.297
6.086	624.482
6.087	637.109
6.088	649.923
6.089	662.647
6.09	674.996
6.091	686.675
6.092	697.392
6.093	706.864
6.094	714.824
6.095	721.028
6.096	725.263
6.097	727.352
6.098	727.157
6.099	724.589
6.1	719.602
6.101	712.202
6.102	702.442
6.103	690.421
6.104	676.285
6.105	660.216
6.106	642.436
6.107	623.194
6.108	602.765
6.109	581.44
6.11	559.52
6.111	537.311
6.112	515.118
6.113	493.236
6.114	471.947
6.115	451.514
6.116	432.179
6.117	414.157
6.118	397.635
6.119	382.772
6.12	369.694
6.121	358.499
6.122	349.252
6.123	341.99
6.124	336.723
6.125	333.434
6.126	332.084
6.127	332.612
6.128	334.937
6.129	338.965
6.13	344.586
6.131	351.68
6.132	360.118
6.133	369.764
6.134	380.479
6.135	392.121
6.136	404.546
6.137	417.613
6.138	431.18
6.139	445.111
6.14	459.273
6.141	473.541
6.142	487.794
6.143	501.92
6.144	515.814
6.145	529.38
6.146	542.534
6.147	555.199
6.148	567.311
6.149	578.818
6.15	589.677
6.151	599.86
6.152	609.351
6.153	618.145
6.154	626.25
6.155	633.686
6.156	640.485
6.157	646.688
6.158	652.348
6.159	657.524
6.16	662.281
6.161	666.691
6.162	670.825
6.163	674.756
6.164	678.554
6.165	682.285
6.166	686.004
6.167	689.76
6.168	693.587
6.169	697.505
6.17	701.52
6.171	705.62
6.172	709.775
6.173	713.938
6.174	718.045
6.175	722.017
6.176	725.759
6.177	729.165
6.178	732.118
6.179	734.497
6.18	736.175
6.181	737.026
6.182	736.93
6.183	735.771
6.184	733.445
6.185	729.865
6.186	724.956
6.187	718.667
6.188	710.967
6.189	701.849
6.19	691.329
6.191	679.448
6.192	666.271
6.193	651.888
6.194	636.407
6.195	619.956
6.196	602.682
6.197	584.741
6.198	566.301
6.199	547.534
6.2	528.614
6.201	509.715
6.202	491.002
6.203	472.633
6.204	454.754
6.205	437.496
6.206	420.976
6.207	405.294
6.208	390.532
6.209	376.758
6.21	364.025
6.211	352.372
6.212	341.827
6.213	332.41
6.214	324.135
6.215	317.011
6.216	311.046
6.217	306.247
6.218	302.623
6.219	300.185
6.22	298.943
6.221	298.912
6.222	300.103
6.223	302.526
6.224	306.186
6.225	311.079
6.226	317.192
6.227	324.498
6.228	332.953
6.229	342.497
6.23	353.046
6.231	364.498
6.232	376.726
6.233	389.584
6.234	402.903
6.235	416.498
6.236	430.168
6.237	443.699
6.238	456.871
6.239	469.459
6.24	481.242
6.241	492.005
6.242	501.546
6.243	509.68
6.244	516.243
6.245	521.099
6.246	524.141
6.247	525.293
6.248	524.515
6.249	521.803
6.25	517.186
6.251	510.73
6.252	502.534
6.253	492.727
6.254	481.465
6.255	468.927
6.256	455.313
6.257	440.835
6.258	425.714
6.259	410.175
6.26	394.44
6.261	378.724
6.262	363.233
6.263	348.154
6.264	333.656
6.265	319.888
6.266	306.971
6.267	295.004
6.268	284.058
6.269	274.18
6.27	265.394
6.271	257.701
6.272	251.083
6.273	245.506
6.274	240.923
6.275	237.28
6.276	234.518
6.277	232.574
6.278	231.391
6.279	230.915
6.28	231.101
6.281	231.913
6.282	233.327
6.283	235.329
6.284	237.915
6.285	241.091
6.286	244.873
6.287	249.277
6.288	254.324
6.289	260.034
6.29	266.42
6.291	273.487
6.292	281.229
6.293	289.623
6.294	298.63
6.295	308.194
6.296	318.236
6.297	328.659
6.298	339.347
6.299	350.169
6.3	360.977
6.301	371.614
6.302	381.916
6.303	391.719
6.304	400.861
6.305	409.187
6.306	416.556
6.307	422.846
6.308	427.953
6.309	431.802
6.31	434.344
6.311	435.559
6.312	435.459
6.313	434.087
6.314	431.514
6.315	427.844
6.316	423.204
6.317	417.748
6.318	411.65
6.319	405.104
6.32	398.318
6.321	391.511
6.322	384.911
6.323	378.752
6.324	373.268
6.325	368.691
6.326	365.25
6.327	363.168
6.328	362.655
6.329	363.909
6.33	367.113
6.331	372.43
6.332	380
6.333	389.94
6.334	402.336
6.335	417.243
6.336	434.68
6.337	454.626
6.338	477.02
6.339	501.756
6.34	528.682
6.341	557.599
6.342	588.261
6.343	620.373
6.344	653.6
6.345	687.563
6.346	721.851
6.347	756.022
6.348	789.615
6.349	822.156
6.35	853.171
6.351	882.194
6.352	908.784
6.353	932.53
6.354	953.064
6.355	970.076
6.356	983.316
6.357	992.606
6.358	997.845
6.359	999.012
6.36	996.165
6.361	989.442
6.362	979.055
6.363	965.284
6.364	948.469
6.365	928.997
6.366	907.293
6.367	883.807
6.368	858.997
6.369	833.321
6.37	807.221
6.371	781.112
6.372	755.374
6.373	730.34
6.374	706.293
6.375	683.458
6.376	662.005
6.377	642.042
6.378	623.622
6.379	606.743
6.38	591.356
6.381	577.368
6.382	564.65
6.383	553.045
6.384	542.374
6.385	532.448
6.386	523.068
6.387	514.041
6.388	505.181
6.389	496.314
6.39	487.288
6.391	477.971
6.392	468.257
6.393	458.067
6.394	447.352
6.395	436.089
6.396	424.281
6.397	411.958
6.398	399.172
6.399	385.992
6.4	372.507
6.401	358.813
6.402	345.017
6.403	331.23
6.404	317.563
6.405	304.122
6.406	291.011
6.407	278.32
6.408	266.132
6.409	254.516
6.41	243.528
6.411	233.209
6.412	223.588
6.413	214.679
6.414	206.484
6.415	198.994
6.416	192.188
6.417	186.04
6.418	180.513
6.419	175.567
6.42	171.156
6.421	167.232
6.422	163.747
6.423	160.649
6.424	157.891
6.425	155.428
6.426	153.215
6.427	151.214
6.428	149.392
6.429	147.722
6.43	146.183
6.431	144.763
6.432	143.458
6.433	142.272
6.434	141.217
6.435	140.316
6.436	139.598
6.437	139.101
6.438	138.869
6.439	138.952
6.44	139.402
6.441	140.276
6.442	141.628
6.443	143.511
6.444	145.973
6.445	149.054
6.446	152.787
6.447	157.193
6.448	162.282
6.449	168.049
6.45	174.475
6.451	181.526
6.452	189.156
6.453	197.301
6.454	205.889
6.455	214.835
6.456	224.044
6.457	233.419
6.458	242.854
6.459	252.246
6.46	261.492
6.461	270.492
6.462	279.156
6.463	287.401
6.464	295.157
6.465	302.365
6.466	308.984
6.467	314.985
6.468	320.358
6.469	325.107
6.47	329.252
6.471	332.831
6.472	335.893
6.473	338.501
6.474	340.732
6.475	342.669
6.476	344.404
6.477	346.036
6.478	347.666
6.479	349.398
6.48	351.332
6.481	353.567
6.482	356.197
6.483	359.309
6.484	362.981
6.485	367.278
6.486	372.255
6.487	377.955
6.488	384.402
6.489	391.609
6.49	399.57
6.491	408.263
6.492	417.649
6.493	427.673
6.494	438.263
6.495	449.332
6.496	460.778
6.497	472.488
6.498	484.336
6.499	496.188
6.5	507.903
6.501	519.338
6.502	530.347
6.503	540.788
6.504	550.522
6.505	559.421
6.506	567.366
6.507	574.252
6.508	579.99
6.509	584.509
6.51	587.755
6.511	589.696
6.512	590.316
6.513	589.621
6.514	587.635
6.515	584.396
6.516	579.96
6.517	574.394
6.518	567.777
6.519	560.196
6.52	551.743
6.521	542.515
6.522	532.611
6.523	522.127
6.524	511.161
6.525	499.805
6.526	488.15
6.527	476.279
6.528	464.271
6.529	452.199
6.53	440.131
6.531	428.126
6.532	416.24
6.533	404.52
6.534	393.008
6.535	381.739
6.536	370.743
6.537	360.042
6.538	349.653
6.539	339.587
6.54	329.849
6.541	320.441
6.542	311.357
6.543	302.591
6.544	294.131
6.545	285.965
6.546	278.079
6.547	270.461
6.548	263.097
6.549	255.978
6.55	249.098
6.551	242.455
6.552	236.051
6.553	229.897
6.554	224.004
6.555	218.394
6.556	213.092
6.557	208.128
6.558	203.535
6.559	199.352
6.56	195.615
6.561	192.364
6.562	189.635
6.563	187.463
6.564	185.877
6.565	184.901
6.566	184.551
6.567	184.835
6.568	185.753
6.569	187.294
6.57	189.441
6.571	192.164
6.572	195.427
6.573	199.187
6.574	203.394
6.575	207.995
6.576	212.932
6.577	218.148
6.578	223.584
6.579	229.187
6.58	234.902
6.581	240.683
6.582	246.486
6.583	252.273
6.584	258.013
6.585	263.678
6.586	269.244
6.587	274.69
6.588	279.999
6.589	285.151
6.59	290.129
6.591	294.909
6.592	299.469
6.593	303.781
6.594	307.812
6.595	311.529
6.596	314.892
6.597	317.864
6.598	320.403
6.599	322.474
6.6	324.043
6.601	325.085
6.602	325.584
6.603	325.536
6.604	324.952
6.605	323.858
6.606	322.298
6.607	320.333
6.608	318.043
6.609	315.526
6.61	312.893
6.611	310.272
6.612	307.797
6.613	305.613
6.614	303.867
6.615	302.703
6.616	302.262
6.617	302.673
6.618	304.051
6.619	306.494
6.62	310.076
6.621	314.848
6.622	320.831
6.623	328.021
6.624	336.381
6.625	345.847
6.626	356.326
6.627	367.698
6.628	379.821
6.629	392.531
6.63	405.651
6.631	418.988
6.632	432.348
6.633	445.531
6.634	458.343
6.635	470.6
6.636	482.129
6.637	492.779
6.638	502.417
6.639	510.938
6.64	518.262
6.641	524.339
6.642	529.146
6.643	532.689
6.644	534.999
6.645	536.132
6.646	536.161
6.647	535.179
6.648	533.29
6.649	530.603
6.65	527.233
6.651	523.292
6.652	518.885
6.653	514.109
6.654	509.051
6.655	503.78
6.656	498.355
6.657	492.817
6.658	487.194
6.659	481.5
6.66	475.743
6.661	469.918
6.662	464.019
6.663	458.04
6.664	451.973
6.665	445.818
6.666	439.582
6.667	433.28
6.668	426.939
6.669	420.595
6.67	414.294
6.671	408.093
6.672	402.053
6.673	396.243
6.674	390.73
6.675	385.582
6.676	380.86
6.677	376.618
6.678	372.9
6.679	369.732
6.68	367.129
6.681	365.088
6.682	363.588
6.683	362.591
6.684	362.044
6.685	361.88
6.686	362.022
6.687	362.383
6.688	362.873
6.689	363.402
6.69	363.882
6.691	364.233
6.692	364.387
6.693	364.287
6.694	363.897
6.695	363.195
6.696	362.181
6.697	360.873
6.698	359.307
6.699	357.537
6.7	355.631
6.701	353.666
6.702	351.729
6.703	349.907
6.704	348.286
6.705	346.947
6.706	345.961
6.707	345.383
6.708	345.254
6.709	345.592
6.71	346.399
6.711	347.654
6.712	349.316
6.713	351.327
6.714	353.614
6.715	356.092
6.716	358.67
6.717	361.255
6.718	363.755
6.719	366.089
6.72	368.184
6.721	369.988
6.722	371.467
6.723	372.607
6.724	373.423
6.725	373.949
6.726	374.244
6.727	374.388
6.728	374.478
6.729	374.626
6.73	374.953
6.731	375.584
6.732	376.645
6.733	378.253
6.734	380.516
6.735	383.526
6.736	387.356
6.737	392.056
6.738	397.649
6.739	404.134
6.74	411.483
6.741	419.638
6.742	428.519
6.743	438.022
6.744	448.018
6.745	458.365
6.746	468.903
6.747	479.463
6.748	489.867
6.749	499.935
6.75	509.488
6.751	518.351
6.752	526.356
6.753	533.349
6.754	539.186
6.755	543.744
6.756	546.915
6.757	548.614
6.758	548.777
6.759	547.363
6.76	544.353
6.761	539.752
6.762	533.587
6.763	525.905
6.764	516.774
6.765	506.28
6.766	494.524
6.767	481.62
6.768	467.694
6.769	452.879
6.77	437.315
6.771	421.145
6.772	404.51
6.773	387.552
6.774	370.409
6.775	353.212
6.776	336.086
6.777	319.149
6.778	302.509
6.779	286.265
6.78	270.505
6.781	255.311
6.782	240.753
6.783	226.891
6.784	213.778
6.785	201.458
6.786	189.967
6.787	179.332
6.788	169.575
6.789	160.712
6.79	152.749
6.791	145.692
6.792	139.538
6.793	134.281
6.794	129.911
6.795	126.417
6.796	123.784
6.797	121.998
6.798	121.043
6.799	120.906
6.8	121.577
6.801	123.047
6.802	125.314
6.803	128.379
6.804	132.25
6.805	136.94
6.806	142.471
6.807	148.867
6.808	156.159
6.809	164.38
6.81	173.567
6.811	183.757
6.812	194.984
6.813	207.278
6.814	220.66
6.815	235.143
6.816	250.727
6.817	267.396
6.818	285.114
6.819	303.829
6.82	323.465
6.821	343.926
6.822	365.091
6.823	386.822
6.824	408.956
6.825	431.316
6.826	453.707
6.827	475.925
6.828	497.757
6.829	518.989
6.83	539.409
6.831	558.813
6.832	577.009
6.833	593.823
6.834	609.103
6.835	622.722
6.836	634.581
6.837	644.615
6.838	652.786
6.839	659.092
6.84	663.557
6.841	666.236
6.842	667.21
6.843	666.578
6.844	664.457
6.845	660.978
6.846	656.275
6.847	650.486
6.848	643.744
6.849	636.176
6.85	627.896
6.851	619.008
6.852	609.597
6.853	599.735
6.854	589.476
6.855	578.864
6.856	567.926
6.857	556.683
6.858	545.15
6.859	533.338
6.86	521.259
6.861	508.928
6.862	496.369
6.863	483.613
6.864	470.7
6.865	457.682
6.866	444.621
6.867	431.589
6.868	418.667
6.869	405.94
6.87	393.497
6.871	381.43
6.872	369.826
6.873	358.77
6.874	348.337
6.875	338.595
6.876	329.601
6.877	321.397
6.878	314.014
6.879	307.47
6.88	301.769
6.881	296.903
6.882	292.851
6.883	289.585
6.884	287.064
6.885	285.242
6.886	284.065
6.887	283.477
6.888	283.416
6.889	283.819
6.89	284.621
6.891	285.758
6.892	287.165
6.893	288.782
6.894	290.547
6.895	292.403
6.896	294.298
6.897	296.181
6.898	298.008
6.899	299.738
6.9	301.338
6.901	302.779
6.902	304.037
6.903	305.094
6.904	305.94
6.905	306.568
6.906	306.976
6.907	307.167
6.908	307.149
6.909	306.93
6.91	306.522
6.911	305.941
6.912	305.2
6.913	304.317
6.914	303.307
6.915	302.188
6.916	300.977
6.917	299.692
6.918	298.355
6.919	296.985
6.92	295.609
6.921	294.255
6.922	292.953
6.923	291.741
6.924	290.658
6.925	289.751
6.926	289.068
6.927	288.661
6.928	288.584
6.929	288.891
6.93	289.635
6.931	290.863
6.932	292.619
6.933	294.934
6.934	297.833
6.935	301.323
6.936	305.401
6.937	310.046
6.938	315.22
6.939	320.871
6.94	326.929
6.941	333.313
6.942	339.927
6.943	346.669
6.944	353.431
6.945	360.1
6.946	366.568
6.947	372.73
6.948	378.492
6.949	383.771
6.95	388.501
6.951	392.631
6.952	396.132
6.953	398.993
6.954	401.223
6.955	402.85
6.956	403.922
6.957	404.499
6.958	404.657
6.959	404.48
6.96	404.059
6.961	403.49
6.962	402.865
6.963	402.275
6.964	401.803
6.965	401.521
6.966	401.492
6.967	401.761
6.968	402.36
6.969	403.301
6.97	404.58
6.971	406.177
6.972	408.051
6.973	410.148
6.974	412.397
6.975	414.713
6.976	417.002
6.977	419.159
6.978	421.074
6.979	422.634
6.98	423.726
6.981	424.24
6.982	424.074
6.983	423.136
6.984	421.348
6.985	418.647
6.986	414.991
6.987	410.358
6.988	404.748
6.989	398.186
6.99	390.718
6.991	382.416
6.992	373.371
6.993	363.694
6.994	353.513
6.995	342.972
6.996	332.221
6.997	321.42
6.998	310.729
6.999	300.308
7	290.31
7.001	280.882
7.002	272.157
7.003	264.255
7.004	257.28
7.005	251.318
7.006	246.439
7.007	242.692
7.008	240.111
7.009	238.711
7.01	238.493
7.011	239.444
7.012	241.536
7.013	244.733
7.014	248.988
7.015	254.246
7.016	260.445
7.017	267.52
7.018	275.397
7.019	284.003
7.02	293.259
7.021	303.081
7.022	313.386
7.023	324.084
7.024	335.086
7.025	346.295
7.026	357.616
7.027	368.948
7.028	380.189
7.029	391.234
7.03	401.977
7.031	412.313
7.032	422.135
7.033	431.338
7.034	439.822
7.035	447.49
7.036	454.251
7.037	460.022
7.038	464.728
7.039	468.307
7.04	470.708
7.041	471.892
7.042	471.836
7.043	470.532
7.044	467.987
7.045	464.225
7.046	459.284
7.047	453.218
7.048	446.096
7.049	437.998
7.05	429.016
7.051	419.252
7.052	408.816
7.053	397.821
7.054	386.385
7.055	374.628
7.056	362.667
7.057	350.615
7.058	338.583
7.059	326.671
7.06	314.976
7.061	303.583
7.062	292.567
7.063	281.994
7.064	271.92
7.065	262.39
7.066	253.439
7.067	245.093
7.068	237.371
7.069	230.281
7.07	223.828
7.071	218.007
7.072	212.81
7.073	208.226
7.074	204.239
7.075	200.831
7.076	197.981
7.077	195.67
7.078	193.875
7.079	192.574
7.08	191.745
7.081	191.368
7.082	191.419
7.083	191.879
7.084	192.727
7.085	193.943
7.086	195.509
7.087	197.405
7.088	199.614
7.089	202.119
7.09	204.907
7.091	207.962
7.092	211.276
7.093	214.84
7.094	218.652
7.095	222.711
7.096	227.025
7.097	231.605
7.098	236.468
7.099	241.641
7.1	247.151
7.101	253.036
7.102	259.335
7.103	266.09
7.104	273.345
7.105	281.142
7.106	289.519
7.107	298.506
7.108	308.123
7.109	318.377
7.11	329.258
7.111	340.737
7.112	352.763
7.113	365.263
7.114	378.139
7.115	391.273
7.116	404.522
7.117	417.725
7.118	430.704
7.119	443.272
7.12	455.231
7.121	466.387
7.122	476.548
7.123	485.538
7.124	493.197
7.125	499.39
7.126	504.014
7.127	507
7.128	508.319
7.129	507.98
7.13	506.037
7.131	502.583
7.132	497.752
7.133	491.712
7.134	484.664
7.135	476.834
7.136	468.465
7.137	459.814
7.138	451.139
7.139	442.698
7.14	434.733
7.141	427.471
7.142	421.112
7.143	415.829
7.144	411.755
7.145	408.991
7.146	407.593
7.147	407.579
7.148	408.925
7.149	411.57
7.15	415.415
7.151	420.328
7.152	426.15
7.153	432.695
7.154	439.763
7.155	447.138
7.156	454.598
7.157	461.919
7.158	468.882
7.159	475.278
7.16	480.911
7.161	485.605
7.162	489.208
7.163	491.592
7.164	492.66
7.165	492.344
7.166	490.608
7.167	487.45
7.168	482.898
7.169	477.012
7.17	469.882
7.171	461.625
7.172	452.384
7.173	442.323
7.174	431.624
7.175	420.486
7.176	409.118
7.177	397.738
7.178	386.567
7.179	375.827
7.18	365.735
7.181	356.503
7.182	348.332
7.183	341.41
7.184	335.91
7.185	331.984
7.186	329.765
7.187	329.36
7.188	330.851
7.189	334.293
7.19	339.71
7.191	347.095
7.192	356.408
7.193	367.577
7.194	380.495
7.195	395.024
7.196	410.99
7.197	428.192
7.198	446.4
7.199	465.358
7.2	484.79
7.201	504.406
7.202	523.904
7.203	542.98
7.204	561.332
7.205	578.67
7.206	594.719
7.207	609.23
7.208	621.983
7.209	632.795
7.21	641.523
7.211	648.068
7.212	652.379
7.213	654.45
7.214	654.323
7.215	652.082
7.216	647.854
7.217	641.801
7.218	634.114
7.219	625.009
7.22	614.719
7.221	603.484
7.222	591.546
7.223	579.144
7.224	566.503
7.225	553.832
7.226	541.319
7.227	529.127
7.228	517.39
7.229	506.216
7.23	495.683
7.231	485.842
7.232	476.72
7.233	468.321
7.234	460.628
7.235	453.61
7.236	447.224
7.237	441.416
7.238	436.13
7.239	431.305
7.24	426.883
7.241	422.808
7.242	419.028
7.243	415.497
7.244	412.175
7.245	409.03
7.246	406.034
7.247	403.168
7.248	400.417
7.249	397.772
7.25	395.229
7.251	392.785
7.252	390.444
7.253	388.211
7.254	386.093
7.255	384.1
7.256	382.243
7.257	380.536
7.258	378.991
7.259	377.626
7.26	376.453
7.261	375.489
7.262	374.748
7.263	374.242
7.264	373.981
7.265	373.973
7.266	374.219
7.267	374.716
7.268	375.455
7.269	376.422
7.27	377.592
7.271	378.937
7.272	380.419
7.273	381.995
7.274	383.617
7.275	385.23
7.276	386.779
7.277	388.208
7.278	389.46
7.279	390.482
7.28	391.228
7.281	391.655
7.282	391.733
7.283	391.439
7.284	390.763
7.285	389.705
7.286	388.279
7.287	386.508
7.288	384.427
7.289	382.079
7.29	379.515
7.291	376.788
7.292	373.957
7.293	371.08
7.294	368.21
7.295	365.398
7.296	362.687
7.297	360.11
7.298	357.693
7.299	355.448
7.3	353.377
7.301	351.472
7.302	349.716
7.303	348.081
7.304	346.534
7.305	345.039
7.306	343.555
7.307	342.043
7.308	340.467
7.309	338.798
7.31	337.011
7.311	335.093
7.312	333.042
7.313	330.865
7.314	328.585
7.315	326.232
7.316	323.85
7.317	321.493
7.318	319.22
7.319	317.098
7.32	315.195
7.321	313.582
7.322	312.324
7.323	311.483
7.324	311.112
7.325	311.254
7.326	311.94
7.327	313.186
7.328	314.994
7.329	317.351
7.33	320.228
7.331	323.582
7.332	327.356
7.333	331.484
7.334	335.887
7.335	340.483
7.336	345.184
7.337	349.9
7.338	354.544
7.339	359.031
7.34	363.285
7.341	367.234
7.342	370.82
7.343	373.993
7.344	376.713
7.345	378.954
7.346	380.7
7.347	381.942
7.348	382.684
7.349	382.933
7.35	382.703
7.351	382.013
7.352	380.881
7.353	379.327
7.354	377.371
7.355	375.028
7.356	372.313
7.357	369.235
7.358	365.803
7.359	362.021
7.36	357.892
7.361	353.416
7.362	348.595
7.363	343.433
7.364	337.936
7.365	332.112
7.366	325.979
7.367	319.558
7.368	312.877
7.369	305.973
7.37	298.891
7.371	291.681
7.372	284.4
7.373	277.112
7.374	269.883
7.375	262.782
7.376	255.878
7.377	249.24
7.378	242.931
7.379	237.011
7.38	231.532
7.381	226.535
7.382	222.055
7.383	218.113
7.384	214.718
7.385	211.869
7.386	209.55
7.387	207.736
7.388	206.389
7.389	205.464
7.39	204.904
7.391	204.647
7.392	204.627
7.393	204.772
7.394	205.012
7.395	205.275
7.396	205.493
7.397	205.601
7.398	205.543
7.399	205.268
7.4	204.733
7.401	203.909
7.402	202.773
7.403	201.317
7.404	199.543
7.405	197.463
7.406	195.105
7.407	192.502
7.408	189.701
7.409	186.756
7.41	183.73
7.411	180.692
7.412	177.713
7.413	174.871
7.414	172.241
7.415	169.9
7.416	167.92
7.417	166.37
7.418	165.313
7.419	164.803
7.42	164.885
7.421	165.594
7.422	166.955
7.423	168.981
7.424	171.672
7.425	175.018
7.426	178.997
7.427	183.577
7.428	188.716
7.429	194.364
7.43	200.463
7.431	206.952
7.432	213.763
7.433	220.827
7.434	228.075
7.435	235.438
7.436	242.85
7.437	250.247
7.438	257.569
7.439	264.765
7.44	271.785
7.441	278.588
7.442	285.14
7.443	291.412
7.444	297.38
7.445	303.03
7.446	308.347
7.447	313.327
7.448	317.965
7.449	322.263
7.45	326.222
7.451	329.848
7.452	333.147
7.453	336.127
7.454	338.795
7.455	341.162
7.456	343.235
7.457	345.026
7.458	346.545
7.459	347.803
7.46	348.812
7.461	349.587
7.462	350.141
7.463	350.492
7.464	350.657
7.465	350.655
7.466	350.508
7.467	350.238
7.468	349.868
7.469	349.42
7.47	348.917
7.471	348.383
7.472	347.838
7.473	347.301
7.474	346.788
7.475	346.314
7.476	345.889
7.477	345.518
7.478	345.204
7.479	344.944
7.48	344.734
7.481	344.563
7.482	344.419
7.483	344.288
7.484	344.152
7.485	343.995
7.486	343.8
7.487	343.552
7.488	343.238
7.489	342.85
7.49	342.386
7.491	341.846
7.492	341.242
7.493	340.591
7.494	339.917
7.495	339.256
7.496	338.65
7.497	338.15
7.498	337.816
7.499	337.715
