0.5	0
0.501	0
0.502	0
0.503	0
0.504	0
0.505	0
0.506	0
0.507	0
0.508	0
0.509	0
0.51	0
0.511	0
0.512	0
0.513	0
0.514	0
0.515	0
0.516	0
0.517	0
0.518	0
0.519	0
0.52	0
0.521	0
0.522	0
0.523	0
0.524	0
0.525	0
0.526	0
0.527	0
0.528	0
0.529	0
0.53	0
0.531	0
0.532	0
0.533	0
0.534	0
0.535	0
0.536	0
0.537	0
0.538	0
0.539	0
0.54	0
0.541	0
0.542	0
0.543	0
0.544	0
0.545	0
0.546	1.31397e-319
0.547	2.25038e-316
0.548	3.73211e-313
0.549	5.96054e-310
0.55	9.16748e-307
0.551	1.35784e-303
0.552	1.93677e-300
0.553	2.66037e-297
0.554	3.51915e-294
0.555	4.48299e-291
0.556	5.4996e-288
0.557	6.49722e-285
0.558	7.39191e-282
0.559	8.09877e-279
0.56	8.54504e-276
0.561	8.68246e-273
0.562	8.4958e-270
0.563	8.0057e-267
0.564	7.26485e-264
0.565	6.34874e-261
0.566	5.34296e-258
0.567	4.33021e-255
0.568	3.37963e-252
0.569	2.54017e-249
0.57	1.83861e-246
0.571	1.28159e-243
0.572	8.60283e-241
0.573	5.56118e-238
0.574	3.46199e-235
0.575	2.07548e-232
0.576	1.19824e-229
0.577	6.66195e-227
0.578	3.56692e-224
0.579	1.83915e-221
0.58	9.13219e-219
0.581	4.36682e-216
0.582	2.01089e-213
0.583	8.91756e-211
0.584	3.80834e-208
0.585	1.56624e-205
0.586	6.2032e-203
0.587	2.36595e-200
0.588	8.69015e-198
0.589	3.07385e-195
0.59	1.04706e-192
0.591	3.43473e-190
0.592	1.08505e-187
0.593	3.30093e-185
0.594	9.67068e-183
0.595	2.72842e-180
0.596	7.41308e-178
0.597	1.93963e-175
0.598	4.88734e-173
0.599	1.18593e-170
0.6	2.77127e-168
0.601	6.23636e-166
0.602	1.3515e-163
0.603	2.82057e-161
0.604	5.66876e-159
0.605	1.09717e-156
0.606	2.04499e-154
0.607	3.67065e-152
0.608	6.34495e-150
0.609	1.0562e-147
0.61	1.69315e-145
0.611	2.61385e-143
0.612	3.88595e-141
0.613	5.56349e-139
0.614	7.67062e-137
0.615	1.01847e-134
0.616	1.30226e-132
0.617	1.60354e-130
0.618	1.90149e-128
0.619	2.17142e-126
0.62	2.38795e-124
0.621	2.52895e-122
0.622	2.57922e-120
0.623	2.5332e-118
0.624	2.39598e-116
0.625	2.18238e-114
0.626	1.91431e-112
0.627	1.61706e-110
0.628	1.31544e-108
0.629	1.03051e-106
0.63	7.77436e-105
0.631	5.6482e-103
0.632	3.95175e-101
0.633	2.66257e-99
0.634	1.72762e-97
0.635	1.07951e-95
0.636	6.49587e-94
0.637	3.76428e-92
0.638	2.10068e-90
0.639	1.12894e-88
0.64	5.84271e-87
0.641	2.912e-85
0.642	1.39766e-83
0.643	6.46019e-82
0.644	2.87555e-80
0.645	1.23263e-78
0.646	5.08831e-77
0.647	2.02278e-75
0.648	7.74387e-74
0.649	2.85496e-72
0.65	1.01362e-70
0.651	3.46564e-69
0.652	1.1411e-67
0.653	3.61825e-66
0.654	1.10486e-64
0.655	3.24898e-63
0.656	9.2007e-62
0.657	2.50916e-60
0.658	6.58973e-59
0.659	1.66664e-57
0.66	4.05926e-56
0.661	9.52107e-55
0.662	2.15059e-53
0.663	4.67804e-52
0.664	9.79946e-51
0.665	1.97685e-49
0.666	3.84042e-48
0.667	7.18483e-47
0.668	1.29446e-45
0.669	2.24591e-44
0.67	3.75257e-43
0.671	6.03808e-42
0.672	9.35627e-41
0.673	1.39617e-39
0.674	2.00636e-38
0.675	2.77659e-37
0.676	3.70039e-36
0.677	4.74915e-35
0.678	5.86973e-34
0.679	6.9864e-33
0.68	8.00796e-32
0.681	8.83941e-31
0.682	9.39632e-30
0.683	9.6189e-29
0.684	9.48257e-28
0.685	9.00243e-27
0.686	8.23051e-26
0.687	7.24647e-25
0.688	6.14412e-24
0.689	5.01679e-23
0.69	3.9448e-22
0.691	2.98716e-21
0.692	2.17833e-20
0.693	1.52976e-19
0.694	1.03456e-18
0.695	6.73781e-18
0.696	4.22588e-17
0.697	2.5524e-16
0.698	1.48461e-15
0.699	8.3159e-15
0.7	4.4858e-14
0.701	2.33025e-13
0.702	1.16574e-12
0.703	5.61603e-12
0.704	2.60551e-11
0.705	1.1641e-10
0.706	5.00861e-10
0.707	2.07529e-09
0.708	8.28085e-09
0.709	3.18202e-08
0.71	1.17751e-07
0.711	4.19623e-07
0.712	1.44008e-06
0.713	4.75935e-06
0.714	1.51475e-05
0.715	4.64268e-05
0.716	0.000137034
0.717	0.000389513
0.718	0.00106622
0.719	0.00281066
0.72	0.00713511
0.721	0.0174432
0.722	0.0410663
0.723	0.0931059
0.724	0.203283
0.725	0.427425
0.726	0.865469
0.727	1.68762
0.728	3.16908
0.729	5.73091
0.73	9.98038
0.731	16.738
0.732	27.033
0.733	42.0452
0.734	62.9757
0.735	90.8368
0.736	126.178
0.737	168.787
0.738	217.434
0.739	269.743
0.74	322.259
0.741	370.76
0.742	410.784
0.743	438.296
0.744	450.354
0.745	445.63
0.746	424.647
0.747	389.686
0.748	344.377
0.749	293.08
0.75	240.2
0.751	189.58
0.752	144.093
0.753	105.47
0.754	74.3441
0.755	50.4659
0.756	32.99
0.757	20.7683
0.758	12.5907
0.759	7.3508
0.76	4.13286
0.761	2.2377
0.762	1.16677
0.763	0.585869
0.764	0.283302
0.765	0.131927
0.766	0.0591626
0.767	0.0255503
0.768	0.0106262
0.769	0.00425591
0.77	0.0016415
0.771	0.000609708
0.772	0.00021809
0.773	7.51247e-05
0.774	2.49209e-05
0.775	7.96117e-06
0.776	2.4492e-06
0.777	7.2561e-07
0.778	2.07022e-07
0.779	5.68803e-08
0.78	1.50501e-08
0.781	3.83489e-09
0.782	9.41018e-10
0.783	2.2237e-10
0.784	5.06043e-11
0.785	1.109e-11
0.786	2.34051e-12
0.787	4.75686e-13
0.788	9.31032e-14
0.789	1.75486e-14
0.79	3.18531e-15
0.791	5.56794e-16
0.792	9.37284e-17
0.793	1.51943e-17
0.794	2.37204e-18
0.795	3.56614e-19
0.796	5.16306e-20
0.797	7.19862e-21
0.798	9.66549e-22
0.799	1.24978e-22
0.8	1.55623e-23
0.801	1.86615e-24
0.802	2.15504e-25
0.803	2.3966e-26
0.804	2.56666e-27
0.805	2.64713e-28
0.806	2.62915e-29
0.807	2.51471e-30
0.808	2.3163e-31
0.809	2.05463e-32
0.81	1.75511e-33
0.811	1.44381e-34
0.812	1.1438e-35
0.813	8.72611e-37
0.814	6.41099e-38
0.815	4.5359e-39
0.816	3.09054e-40
0.817	2.02786e-41
0.818	1.28137e-42
0.819	7.79732e-44
0.82	4.56929e-45
0.821	2.57861e-46
0.822	1.40137e-47
0.823	7.33427e-49
0.824	3.69652e-50
0.825	1.79416e-51
0.826	8.38616e-53
0.827	3.77484e-54
0.828	1.63631e-55
0.829	6.83074e-57
0.83	2.74601e-58
0.831	1.06309e-59
0.832	3.96342e-61
0.833	1.423e-62
0.834	4.92006e-64
0.835	1.63821e-65
0.836	5.25295e-67
0.837	1.62207e-68
0.838	4.82357e-70
0.839	1.38134e-71
0.84	3.80949e-73
0.841	1.01173e-74
0.842	2.5876e-76
0.843	6.37326e-78
0.844	1.51168e-79
0.845	3.45295e-81
0.846	7.59547e-83
0.847	1.60898e-84
0.848	3.28233e-86
0.849	6.4483e-88
0.85	1.21995e-89
0.851	2.22265e-91
0.852	3.89973e-93
0.853	6.58916e-95
0.854	1.07221e-96
0.855	1.79998e-98
0.856	2.58779e-98
0.857	5.36607e-97
0.858	1.10137e-95
0.859	2.21559e-94
0.86	4.36844e-93
0.861	8.44193e-92
0.862	1.59896e-90
0.863	2.96832e-89
0.864	5.40087e-88
0.865	9.63155e-87
0.866	1.68348e-85
0.867	2.88402e-84
0.868	4.84247e-83
0.869	7.96922e-82
0.87	1.28541e-80
0.871	2.03212e-79
0.872	3.14873e-78
0.873	4.7819e-77
0.874	7.11779e-76
0.875	1.03841e-74
0.876	1.48481e-73
0.877	2.0809e-72
0.878	2.85833e-71
0.879	3.84815e-70
0.88	5.07774e-69
0.881	6.56701e-68
0.882	8.32424e-67
0.883	1.03419e-65
0.884	1.25932e-64
0.885	1.50297e-63
0.886	1.7581e-62
0.887	2.01565e-61
0.888	2.26499e-60
0.889	2.49458e-59
0.89	2.69282e-58
0.891	2.84902e-57
0.892	2.95436e-56
0.893	3.00269e-55
0.894	2.99114e-54
0.895	2.92039e-53
0.896	2.79464e-52
0.897	2.62113e-51
0.898	2.40952e-50
0.899	2.17096e-49
0.9	1.91714e-48
0.901	1.65933e-47
0.902	1.40764e-46
0.903	1.17039e-45
0.904	9.53775e-45
0.905	7.61802e-44
0.906	5.96372e-43
0.907	4.57585e-42
0.908	3.44116e-41
0.909	2.5364e-40
0.91	1.83235e-39
0.911	1.29742e-38
0.912	9.00387e-38
0.913	6.12432e-37
0.914	4.08287e-36
0.915	2.6678e-35
0.916	1.70851e-34
0.917	1.07242e-33
0.918	6.59763e-33
0.919	3.97825e-32
0.92	2.35112e-31
0.921	1.36187e-30
0.922	7.73172e-30
0.923	4.30225e-29
0.924	2.34636e-28
0.925	1.25422e-27
0.926	6.57098e-27
0.927	3.37416e-26
0.928	1.69817e-25
0.929	8.37675e-25
0.93	4.04994e-24
0.931	1.91912e-23
0.932	8.91319e-23
0.933	4.05736e-22
0.934	1.81023e-21
0.935	7.91594e-21
0.936	3.39274e-20
0.937	1.42521e-19
0.938	5.86792e-19
0.939	2.36793e-18
0.94	9.36556e-18
0.941	3.63059e-17
0.942	1.37943e-16
0.943	5.1369e-16
0.944	1.87492e-15
0.945	6.70721e-15
0.946	2.3517e-14
0.947	8.08163e-14
0.948	2.72205e-13
0.949	8.98613e-13
0.95	2.90755e-12
0.951	9.22067e-12
0.952	2.866e-11
0.953	8.73109e-11
0.954	2.607e-10
0.955	7.62941e-10
0.956	2.18837e-09
0.957	6.1522e-09
0.958	1.69519e-08
0.959	4.5781e-08
0.96	1.2118e-07
0.961	3.14382e-07
0.962	7.99395e-07
0.963	1.99226e-06
0.964	4.8664e-06
0.965	1.16506e-05
0.966	2.73382e-05
0.967	6.28739e-05
0.968	0.000141726
0.969	0.000313118
0.97	0.000678024
0.971	0.001439
0.972	0.00299335
0.973	0.00610284
0.974	0.0121951
0.975	0.0238846
0.976	0.045849
0.977	0.0862623
0.978	0.159071
0.979	0.287501
0.98	0.509294
0.981	0.884251
0.982	1.50474
0.983	2.50973
0.984	4.10273
0.985	6.5735
0.986	10.3229
0.987	15.8885
0.988	23.9687
0.989	35.4393
0.99	51.3577
0.991	72.9468
0.992	101.552
0.993	138.564
0.994	185.308
0.995	242.898
0.996	312.06
0.997	392.956
0.998	485.006
0.999	586.756
1	695.808
1.001	808.849
1.002	921.783
1.003	1029.98
1.004	1128.65
1.005	1213.27
1.006	1280.07
1.007	1326.55
1.008	1351.85
1.009	1357.11
1.01	1345.64
1.011	1322.9
1.012	1296.36
1.013	1275.14
1.014	1269.52
1.015	1290.31
1.016	1348.11
1.017	1452.53
1.018	1611.34
1.019	1829.67
1.02	2109.28
1.021	2447.92
1.022	2838.97
1.023	3271.31
1.024	3729.57
1.025	4194.8
1.026	4645.48
1.027	5058.96
1.028	5413.02
1.029	5687.67
1.03	5866.71
1.031	5939.19
1.032	5900.26
1.033	5751.6
1.034	5501.18
1.035	5162.47
1.036	4753.18
1.037	4293.67
1.038	3805.3
1.039	3308.73
1.04	2822.57
1.041	2362.32
1.042	1939.73
1.043	1562.62
1.044	1235.02
1.045	957.646
1.046	728.524
1.047	543.74
1.048	398.151
1.049	286.031
1.05	201.6
1.051	139.405
1.052	94.5788
1.053	62.9591
1.054	41.1292
1.055	26.3805
1.056	16.6365
1.057	10.3556
1.058	6.43071
1.059	4.09581
1.06	2.84657
1.061	2.37709
1.062	2.53342
1.063	3.28216
1.064	4.69202
1.065	6.92538
1.066	10.2371
1.067	14.9773
1.068	21.5954
1.069	30.6408
1.07	42.7585
1.071	58.6742
1.072	79.1675
1.073	105.03
1.074	137.006
1.075	175.723
1.076	221.604
1.077	274.781
1.078	335.01
1.079	401.595
1.08	473.347
1.081	548.569
1.082	625.092
1.083	700.353
1.084	771.525
1.085	835.688
1.086	890.017
1.087	931.994
1.088	959.597
1.089	971.459
1.09	966.988
1.091	946.407
1.092	910.742
1.093	861.734
1.094	801.699
1.095	733.348
1.096	659.584
1.097	583.297
1.098	507.189
1.099	433.622
1.1	364.512
1.101	301.283
1.102	244.848
1.103	195.65
1.104	153.717
1.105	118.748
1.106	90.1968
1.107	67.3622
1.108	49.4654
1.109	35.7147
1.11	25.3544
1.111	17.6979
1.112	12.1464
1.113	8.19665
1.114	5.43857
1.115	3.54808
1.116	2.27595
1.117	1.43547
1.118	0.890191
1.119	0.542793
1.12	0.325421
1.121	0.19183
1.122	0.111186
1.123	0.063364
1.124	0.0355056
1.125	0.0195619
1.126	0.010597
1.127	0.00564442
1.128	0.00295607
1.129	0.0015222
1.13	0.000770705
1.131	0.000383678
1.132	0.000187809
1.133	9.04001e-05
1.134	4.2806e-05
1.135	1.99807e-05
1.136	9.28744e-06
1.137	4.51017e-06
1.138	2.73875e-06
1.139	2.83275e-06
1.14	4.78403e-06
1.141	9.67895e-06
1.142	2.02293e-05
1.143	4.20939e-05
1.144	8.65424e-05
1.145	0.000175531
1.146	0.000351128
1.147	0.000692691
1.148	0.00134763
1.149	0.00258558
1.15	0.00489217
1.151	0.00912854
1.152	0.016798
1.153	0.0304838
1.154	0.0545553
1.155	0.0962856
1.156	0.167587
1.157	0.287659
1.158	0.486934
1.159	0.812864
1.16	1.3382
1.161	2.17262
1.162	3.47856
1.163	5.49253
1.164	8.55266
1.165	13.1337
1.166	19.8896
1.167	29.7046
1.168	43.7499
1.169	63.5456
1.17	91.023
1.171	128.58
1.172	179.122
1.173	246.084
1.174	333.405
1.175	445.47
1.176	586.975
1.177	762.742
1.178	977.442
1.179	1235.27
1.18	1539.53
1.181	1892.21
1.182	2293.54
1.183	2741.58
1.184	3231.85
1.185	3757.14
1.186	4307.45
1.187	4870.11
1.188	5430.17
1.189	5970.96
1.19	6474.86
1.191	6924.26
1.192	7302.51
1.193	7594.99
1.194	7790.02
1.195	7879.62
1.196	7860.11
1.197	7732.28
1.198	7501.41
1.199	7176.86
1.2	6771.46
1.201	6300.65
1.202	5781.56
1.203	5231.92
1.204	4669.09
1.205	4109.23
1.206	3566.52
1.207	3052.7
1.208	2576.8
1.209	2145.03
1.21	1760.93
1.211	1425.62
1.212	1138.22
1.213	896.194
1.214	695.881
1.215	532.873
1.216	402.409
1.217	299.688
1.218	220.103
1.219	159.418
1.22	113.87
1.221	80.2108
1.222	55.7203
1.223	38.1725
1.224	25.7896
1.225	17.1828
1.226	11.2901
1.227	7.31578
1.228	4.67496
1.229	2.94613
1.23	1.83097
1.231	1.12219
1.232	0.678281
1.233	0.404304
1.234	0.237663
1.235	0.137775
1.236	0.0787659
1.237	0.0444079
1.238	0.024691
1.239	0.0135386
1.24	0.00732089
1.241	0.003904
1.242	0.00205311
1.243	0.00106481
1.244	0.000544611
1.245	0.000274699
1.246	0.000136642
1.247	6.70298e-05
1.248	3.2427e-05
1.249	1.54705e-05
1.25	7.27894e-06
1.251	3.3778e-06
1.252	1.5466e-06
1.253	7.00107e-07
1.254	3.1634e-07
1.255	1.49101e-07
1.256	8.63345e-08
1.257	8.25976e-08
1.258	1.29637e-07
1.259	2.48252e-07
1.26	4.95489e-07
1.261	9.88546e-07
1.262	1.95375e-06
1.263	3.81813e-06
1.264	7.37526e-06
1.265	1.40804e-05
1.266	2.65681e-05
1.267	4.95461e-05
1.268	9.13194e-05
1.269	0.000166349
1.27	0.00029949
1.271	0.000532904
1.272	0.000937171
1.273	0.0016289
1.274	0.00279816
1.275	0.00475068
1.276	0.00797156
1.277	0.0132201
1.278	0.0216686
1.279	0.0351019
1.28	0.0561999
1.281	0.0889291
1.282	0.139077
1.283	0.214968
1.284	0.328394
1.285	0.495816
1.286	0.739862
1.287	1.09115
1.288	1.59046
1.289	2.29121
1.29	3.26221
1.291	4.59054
1.292	6.38438
1.293	8.77563
1.294	11.9218
1.295	16.007
1.296	21.2414
1.297	27.8586
1.298	36.111
1.299	46.2621
1.3	58.5753
1.301	73.3006
1.302	90.6579
1.303	110.817
1.304	133.879
1.305	159.854
1.306	188.642
1.307	220.018
1.308	253.619
1.309	288.941
1.31	325.342
1.311	362.057
1.312	398.214
1.313	432.874
1.314	465.061
1.315	493.813
1.316	518.227
1.317	537.503
1.318	550.994
1.319	558.235
1.32	558.973
1.321	553.184
1.322	541.068
1.323	523.045
1.324	499.724
1.325	471.873
1.326	440.377
1.327	406.19
1.328	370.286
1.329	333.618
1.33	297.075
1.331	261.449
1.332	227.411
1.333	195.497
1.334	166.102
1.335	139.48
1.336	115.759
1.337	94.9513
1.338	76.9753
1.339	61.6746
1.34	48.8388
1.341	38.2233
1.342	29.5662
1.343	22.6031
1.344	17.0783
1.345	12.7533
1.346	9.41258
1.347	6.8659
1.348	4.94983
1.349	3.52686
1.35	2.48364
1.351	1.7286
1.352	1.18906
1.353	0.80839
1.354	0.543179
1.355	0.360725
1.356	0.236773
1.357	0.15362
1.358	0.0985431
1.359	0.062541
1.36	0.0393475
1.361	0.0246783
1.362	0.0156704
1.363	0.0104792
1.364	0.00800298
1.365	0.00771176
1.366	0.00956673
1.367	0.0140245
1.368	0.0221301
1.369	0.0357137
1.37	0.0577174
1.371	0.0926935
1.372	0.147532
1.373	0.232493
1.374	0.362645
1.375	0.559826
1.376	0.855279
1.377	1.29312
1.378	1.93486
1.379	2.86505
1.38	4.19846
1.381	6.08868
1.382	8.73839
1.383	12.4112
1.384	17.445
1.385	24.2664
1.386	33.4051
1.387	45.5087
1.388	61.3552
1.389	81.8623
1.39	108.091
1.391	141.245
1.392	182.654
1.393	233.755
1.394	296.052
1.395	371.064
1.396	460.263
1.397	564.986
1.398	686.348
1.399	825.137
1.4	981.709
1.401	1155.89
1.402	1346.86
1.403	1553.12
1.404	1772.41
1.405	2001.69
1.406	2237.21
1.407	2474.53
1.408	2708.66
1.409	2934.22
1.41	3145.63
1.411	3337.34
1.412	3504.05
1.413	3640.99
1.414	3744.09
1.415	3810.26
1.416	3837.46
1.417	3824.87
1.418	3772.89
1.419	3683.14
1.42	3558.39
1.421	3402.37
1.422	3219.64
1.423	3015.35
1.424	2794.98
1.425	2564.13
1.426	2328.27
1.427	2092.52
1.428	1861.54
1.429	1639.3
1.43	1429.09
1.431	1233.43
1.432	1054.05
1.433	892.002
1.434	747.649
1.435	620.797
1.436	510.785
1.437	416.592
1.438	336.938
1.439	270.388
1.44	215.432
1.441	170.559
1.442	134.314
1.443	105.344
1.444	82.4193
1.445	64.4577
1.446	50.5272
1.447	39.8465
1.448	31.7796
1.449	25.8265
1.45	21.6128
1.451	18.8801
1.452	17.4767
1.453	17.3511
1.454	18.5476
1.455	21.2051
1.456	25.5573
1.457	31.9363
1.458	40.7759
1.459	52.6166
1.46	68.1083
1.461	88.0125
1.462	113.199
1.463	144.637
1.464	183.382
1.465	230.553
1.466	287.299
1.467	354.756
1.468	433.997
1.469	525.969
1.47	631.43
1.471	750.867
1.472	884.432
1.473	1031.86
1.474	1192.43
1.475	1364.88
1.476	1547.41
1.477	1737.65
1.478	1932.71
1.479	2129.21
1.48	2323.37
1.481	2511.1
1.482	2688.16
1.483	2850.32
1.484	2993.5
1.485	3113.95
1.486	3208.42
1.487	3274.29
1.488	3309.7
1.489	3313.66
1.49	3286.06
1.491	3227.66
1.492	3140.14
1.493	3025.91
1.494	2888.09
1.495	2730.32
1.496	2556.6
1.497	2371.15
1.498	2178.23
1.499	1981.96
1.5	1786.22
1.501	1594.49
1.502	1409.8
1.503	1234.64
1.504	1070.97
1.505	920.159
1.506	783.076
1.507	660.093
1.508	551.156
1.509	455.856
1.51	373.499
1.511	303.185
1.512	243.871
1.513	194.438
1.514	153.749
1.515	120.686
1.516	94.1932
1.517	73.2962
1.518	57.1223
1.519	44.9075
1.52	35.9994
1.521	29.8547
1.522	26.032
1.523	24.1831
1.524	24.0417
1.525	25.4113
1.526	28.1528
1.527	32.1718
1.528	37.4068
1.529	43.8174
1.53	51.3731
1.531	60.0439
1.532	69.7907
1.533	80.5579
1.534	92.2667
1.535	104.81
1.536	118.05
1.537	131.815
1.538	145.904
1.539	160.083
1.54	174.096
1.541	187.668
1.542	200.515
1.543	212.351
1.544	222.903
1.545	231.913
1.546	239.159
1.547	244.454
1.548	247.662
1.549	248.697
1.55	247.534
1.551	244.203
1.552	238.793
1.553	231.446
1.554	222.352
1.555	211.74
1.556	199.872
1.557	187.03
1.558	173.506
1.559	159.599
1.56	145.597
1.561	131.781
1.562	118.412
1.563	105.735
1.564	93.9766
1.565	83.3504
1.566	74.0621
1.567	66.3197
1.568	60.3447
1.569	56.3865
1.57	54.7387
1.571	55.7569
1.572	59.8778
1.573	67.6386
1.574	79.6964
1.575	96.8458
1.576	120.035
1.577	150.377
1.578	189.155
1.579	237.826
1.58	298.005
1.581	371.453
1.582	460.038
1.583	565.697
1.584	690.374
1.585	835.95
1.586	1004.16
1.587	1196.48
1.588	1414.05
1.589	1657.55
1.59	1927.08
1.591	2222.08
1.592	2541.22
1.593	2882.34
1.594	3242.42
1.595	3617.52
1.596	4002.88
1.597	4392.9
1.598	4781.32
1.599	5161.34
1.6	5525.81
1.601	5867.41
1.602	6178.95
1.603	6453.59
1.604	6685.06
1.605	6867.95
1.606	6997.89
1.607	7071.71
1.608	7087.61
1.609	7045.19
1.61	6945.51
1.611	6790.98
1.612	6585.35
1.613	6333.5
1.614	6041.23
1.615	5715.12
1.616	5362.21
1.617	4989.75
1.618	4605.03
1.619	4215.06
1.62	3826.42
1.621	3445.08
1.622	3076.27
1.623	2724.37
1.624	2392.91
1.625	2084.51
1.626	1800.94
1.627	1543.17
1.628	1311.43
1.629	1105.34
1.63	923.979
1.631	766.033
1.632	629.874
1.633	513.668
1.634	415.474
1.635	333.32
1.636	265.276
1.637	209.51
1.638	164.346
1.639	128.306
1.64	100.159
1.641	78.9737
1.642	64.1728
1.643	55.5983
1.644	53.5747
1.645	58.9619
1.646	73.1772
1.647	98.1606
1.648	136.255
1.649	189.976
1.65	261.666
1.651	353.035
1.652	464.651
1.653	595.437
1.654	742.294
1.655	899.936
1.656	1061.04
1.657	1216.73
1.658	1357.4
1.659	1473.69
1.66	1557.61
1.661	1603.46
1.662	1608.5
1.663	1573.21
1.664	1501.09
1.665	1398.14
1.666	1272
1.667	1131.07
1.668	983.571
1.669	836.876
1.67	697.01
1.671	568.427
1.672	453.984
1.673	355.097
1.674	271.982
1.675	203.941
1.676	149.649
1.677	107.407
1.678	75.36
1.679	51.6583
1.68	34.575
1.681	22.581
1.682	14.3822
1.683	8.92839
1.684	5.39964
1.685	3.17983
1.686	1.82269
1.687	1.01656
1.688	0.551484
1.689	0.290933
1.69	0.149215
1.691	0.0743889
1.692	0.0360416
1.693	0.0169683
1.694	0.00776179
1.695	0.00344928
1.696	0.00148903
1.697	0.00062439
1.698	0.000254308
1.699	0.000100599
1.7	3.86492e-05
1.701	1.44207e-05
1.702	5.22538e-06
1.703	1.83876e-06
1.704	6.28349e-07
1.705	2.08515e-07
1.706	6.71935e-08
1.707	2.10266e-08
1.708	6.38934e-09
1.709	1.88533e-09
1.71	5.40205e-10
1.711	1.50303e-10
1.712	4.06083e-11
1.713	1.06536e-11
1.714	2.71402e-12
1.715	6.71387e-13
1.716	1.61328e-13
1.717	3.78724e-14
1.718	9.61311e-15
1.719	6.42124e-15
1.72	1.88408e-14
1.721	7.29795e-14
1.722	2.80916e-13
1.723	1.05513e-12
1.724	3.8634e-12
1.725	1.37894e-11
1.726	4.79766e-11
1.727	1.62714e-10
1.728	5.37936e-10
1.729	1.73359e-09
1.73	5.44594e-09
1.731	1.66767e-08
1.732	4.97801e-08
1.733	1.44848e-07
1.734	4.10847e-07
1.735	1.13595e-06
1.736	3.06158e-06
1.737	8.04349e-06
1.738	2.05993e-05
1.739	5.14247e-05
1.74	0.000125141
1.741	0.000296852
1.742	0.00068642
1.743	0.00154721
1.744	0.00339954
1.745	0.00728116
1.746	0.0152017
1.747	0.030938
1.748	0.0613768
1.749	0.118693
1.75	0.223747
1.751	0.411149
1.752	0.736465
1.753	1.28592
1.754	2.18871
1.755	3.63138
1.756	5.87307
1.757	9.2591
1.758	14.2293
1.759	21.3161
1.76	31.1274
1.761	44.3085
1.762	61.4813
1.763	83.1588
1.764	109.644
1.765	140.919
1.766	176.55
1.767	215.612
1.768	256.679
1.769	297.864
1.77	336.942
1.771	371.538
1.772	399.357
1.773	418.437
1.774	427.375
1.775	425.499
1.776	412.95
1.777	390.667
1.778	360.269
1.779	323.86
1.78	283.79
1.781	242.409
1.782	201.841
1.783	163.825
1.784	129.617
1.785	99.9664
1.786	75.1547
1.787	55.0768
1.788	39.3452
1.789	27.3983
1.79	18.5981
1.791	12.3061
1.792	7.93752
1.793	4.99067
1.794	3.05875
1.795	1.82742
1.796	1.06425
1.797	0.604169
1.798	0.334337
1.799	0.180352
1.8	0.0948344
1.801	0.0486097
1.802	0.024288
1.803	0.0118298
1.804	0.00561702
1.805	0.00260075
1.806	0.0011758
1.807	0.000522319
1.808	0.000234631
1.809	0.00011946
1.81	9.04222e-05
1.811	0.000115443
1.812	0.000192641
1.813	0.000341494
1.814	0.000602584
1.815	0.00104268
1.816	0.00176361
1.817	0.00291394
1.818	0.00470249
1.819	0.00741194
1.82	0.0114101
1.821	0.0171553
1.822	0.025192
1.823	0.0361309
1.824	0.0506114
1.825	0.0692422
1.826	0.0925223
1.827	0.120746
1.828	0.153906
1.829	0.191598
1.83	0.232958
1.831	0.276641
1.832	0.320856
1.833	0.36346
1.834	0.40212
1.835	0.434518
1.836	0.458578
1.837	0.472684
1.838	0.475863
1.839	0.467892
1.84	0.449327
1.841	0.421437
1.842	0.386061
1.843	0.345408
1.844	0.301829
1.845	0.257598
1.846	0.214722
1.847	0.17481
1.848	0.138997
1.849	0.107944
1.85	0.0818741
1.851	0.0606522
1.852	0.0438833
1.853	0.0310103
1.854	0.0214027
1.855	0.0144276
1.856	0.00949974
1.857	0.00611139
1.858	0.00384537
1.859	0.00237632
1.86	0.00146534
1.861	0.000953886
1.862	0.00076333
1.863	0.000908732
1.864	0.00153985
1.865	0.00303086
1.866	0.00615488
1.867	0.0124023
1.868	0.0245372
1.869	0.0475347
1.87	0.0901075
1.871	0.16711
1.872	0.30319
1.873	0.538139
1.874	0.934416
1.875	1.58728
1.876	2.63773
1.877	4.28818
1.878	6.81996
1.879	10.611
1.88	16.1509
1.881	24.0493
1.882	35.0327
1.883	49.9242
1.884	69.6007
1.885	94.9254
1.886	126.653
1.887	165.317
1.888	211.097
1.889	263.702
1.89	322.262
1.891	385.276
1.892	450.609
1.893	515.578
1.894	577.103
1.895	631.944
1.896	676.97
1.897	709.457
1.898	727.358
1.899	729.518
1.9	715.796
1.901	687.082
1.902	645.198
1.903	592.712
1.904	532.672
1.905	468.319
1.906	402.799
1.907	338.924
1.908	278.985
1.909	224.66
1.91	176.985
1.911	136.399
1.912	102.838
1.913	75.8507
1.914	54.7309
1.915	38.6341
1.916	26.6793
1.917	18.0237
1.918	11.9119
1.919	7.7016
1.92	4.87133
1.921	3.01426
1.922	1.82464
1.923	1.08054
1.924	0.625995
1.925	0.354786
1.926	0.19671
1.927	0.106697
1.928	0.0566168
1.929	0.0293902
1.93	0.0149254
1.931	0.00741507
1.932	0.00360388
1.933	0.00171353
1.934	0.000797033
1.935	0.000362684
1.936	0.000161453
1.937	7.03119e-05
1.938	2.99555e-05
1.939	1.24851e-05
1.94	5.09063e-06
1.941	2.03057e-06
1.942	7.92371e-07
1.943	3.02486e-07
1.944	1.12966e-07
1.945	4.12722e-08
1.946	1.47515e-08
1.947	5.15854e-09
1.948	1.76642e-09
1.949	5.96901e-10
1.95	2.12952e-10
1.951	1.20284e-10
1.952	1.89314e-10
1.953	4.90909e-10
1.954	1.35914e-09
1.955	3.72611e-09
1.956	1.00282e-08
1.957	2.64701e-08
1.958	6.85197e-08
1.959	1.73938e-07
1.96	4.33007e-07
1.961	1.0571e-06
1.962	2.53078e-06
1.963	5.94178e-06
1.964	1.36805e-05
1.965	3.08892e-05
1.966	6.83969e-05
1.967	0.000148522
1.968	0.000316278
1.969	0.000660503
1.97	0.00135273
1.971	0.00271691
1.972	0.00535147
1.973	0.0103373
1.974	0.0195831
1.975	0.0363831
1.976	0.0662928
1.977	0.118465
1.978	0.207623
1.979	0.356888
1.98	0.60169
1.981	0.994968
1.982	1.61383
1.983	2.56766
1.984	4.00749
1.985	6.13604
1.986	9.21762
1.987	13.5864
1.988	19.6515
1.989	27.8962
1.99	38.8709
1.991	53.1761
1.992	71.4359
1.993	94.2629
1.994	122.215
1.995	155.751
1.996	195.182
1.997	240.64
1.998	292.051
1.999	349.127
2	411.385
2.001	478.169
2.002	548.697
2.003	622.101
2.004	697.471
2.005	773.874
2.006	850.359
2.007	925.934
2.008	999.532
2.009	1069.96
2.01	1135.85
2.011	1195.68
2.012	1247.73
2.013	1290.18
2.014	1321.22
2.015	1339.13
2.016	1342.53
2.017	1330.43
2.018	1302.46
2.019	1258.89
2.02	1200.7
2.021	1129.54
2.022	1047.64
2.023	957.65
2.024	862.493
2.025	765.153
2.026	668.492
2.027	575.098
2.028	487.155
2.029	406.378
2.03	333.98
2.031	270.703
2.032	216.872
2.033	172.49
2.034	137.345
2.035	111.126
2.036	93.5358
2.037	84.3901
2.038	83.6999
2.039	91.7251
2.04	108.999
2.041	136.321
2.042	174.708
2.043	225.316
2.044	289.322
2.045	367.773
2.046	461.418
2.047	570.518
2.048	694.669
2.049	832.64
2.05	982.255
2.051	1140.34
2.052	1302.74
2.053	1464.45
2.054	1619.8
2.055	1762.78
2.056	1887.4
2.057	1988.07
2.058	2060.03
2.059	2099.73
2.06	2105.07
2.061	2075.66
2.062	2012.8
2.063	1919.39
2.064	1799.77
2.065	1659.32
2.066	1504.07
2.067	1340.3
2.068	1174.1
2.069	1010.99
2.07	855.666
2.071	711.786
2.072	581.919
2.073	467.549
2.074	369.177
2.075	286.479
2.076	218.497
2.077	163.834
2.078	120.846
2.079	87.802
2.08	63.0156
2.081	44.9383
2.082	32.2183
2.083	23.7293
2.084	18.5744
2.085	16.0731
2.086	15.7357
2.087	17.2308
2.088	20.3504
2.089	24.9743
2.09	31.0368
2.091	38.4971
2.092	47.3147
2.093	57.431
2.094	68.7575
2.095	81.1725
2.096	94.5254
2.097	108.648
2.098	123.371
2.099	138.544
2.1	154.056
2.101	169.849
2.102	185.922
2.103	202.333
2.104	219.178
2.105	236.564
2.106	254.574
2.107	273.224
2.108	292.427
2.109	311.961
2.11	331.46
2.111	350.413
2.112	368.198
2.113	384.119
2.114	397.474
2.115	407.619
2.116	414.031
2.117	416.367
2.118	414.493
2.119	408.501
2.12	398.692
2.121	385.544
2.122	369.656
2.123	351.686
2.124	332.292
2.125	312.076
2.126	291.543
2.127	271.08
2.128	250.952
2.129	231.314
2.13	212.239
2.131	193.746
2.132	175.83
2.133	158.496
2.134	141.771
2.135	125.72
2.136	110.445
2.137	96.078
2.138	82.773
2.139	70.6902
2.14	59.9857
2.141	50.8011
2.142	43.2587
2.143	37.4587
2.144	33.4811
2.145	31.3886
2.146	31.2304
2.147	33.0457
2.148	36.8658
2.149	42.7147
2.15	50.6101
2.151	60.5647
2.152	72.5907
2.153	86.7091
2.154	102.965
2.155	121.451
2.156	142.333
2.157	165.889
2.158	192.532
2.159	222.841
2.16	257.572
2.161	297.644
2.162	344.104
2.163	398.052
2.164	460.541
2.165	532.444
2.166	614.296
2.167	706.145
2.168	807.4
2.169	916.721
2.17	1031.97
2.171	1150.2
2.172	1267.78
2.173	1380.54
2.174	1484.02
2.175	1573.78
2.176	1645.7
2.177	1696.32
2.178	1723.09
2.179	1724.59
2.18	1700.66
2.181	1652.36
2.182	1581.94
2.183	1492.6
2.184	1388.28
2.185	1273.3
2.186	1152.14
2.187	1029.08
2.188	907.985
2.189	792.147
2.19	684.14
2.191	585.796
2.192	498.217
2.193	421.845
2.194	356.556
2.195	301.782
2.196	256.629
2.197	219.994
2.198	190.668
2.199	167.416
2.2	149.051
2.201	134.478
2.202	122.732
2.203	112.995
2.204	104.61
2.205	97.0788
2.206	90.0621
2.207	83.3668
2.208	76.936
2.209	70.8362
2.21	65.2446
2.211	60.4389
2.212	56.7889
2.213	54.7518
2.214	54.8695
2.215	57.7676
2.216	64.1528
2.217	74.8064
2.218	90.5707
2.219	112.324
2.22	140.943
2.221	177.249
2.222	221.936
2.223	275.494
2.224	338.116
2.225	409.61
2.226	489.318
2.227	576.059
2.228	668.099
2.229	763.165
2.23	858.504
2.231	950.994
2.232	1037.3
2.233	1114.05
2.234	1178.07
2.235	1226.59
2.236	1257.43
2.237	1269.18
2.238	1261.27
2.239	1234.08
2.24	1188.83
2.241	1127.57
2.242	1052.94
2.243	968.073
2.244	876.294
2.245	780.959
2.246	685.24
2.247	591.959
2.248	503.472
2.249	421.59
2.25	347.567
2.251	282.11
2.252	225.439
2.253	177.367
2.254	137.39
2.255	104.781
2.256	78.683
2.257	58.183
2.258	42.3776
2.259	30.4182
2.26	21.5425
2.261	15.0912
2.262	10.5133
2.263	7.36442
2.264	5.29772
2.265	4.05287
2.266	3.44311
2.267	3.3424
2.268	3.67323
2.269	4.39554
2.27	5.49689
2.271	6.98353
2.272	8.87248
2.273	11.1842
2.274	13.9357
2.275	17.1348
2.276	20.7742
2.277	24.8278
2.278	29.2473
2.279	33.9616
2.28	38.8777
2.281	43.885
2.282	48.8612
2.283	53.6811
2.284	58.228
2.285	62.4056
2.286	66.1511
2.287	69.4479
2.288	72.3373
2.289	74.9269
2.29	77.3977
2.291	80.0059
2.292	83.0823
2.293	87.027
2.294	92.2999
2.295	99.4085
2.296	108.89
2.297	121.294
2.298	137.153
2.299	156.962
2.3	181.145
2.301	210.017
2.302	243.759
2.303	282.373
2.304	325.652
2.305	373.153
2.306	424.176
2.307	477.759
2.308	532.683
2.309	587.504
2.31	640.598
2.311	690.234
2.312	734.651
2.313	772.16
2.314	801.241
2.315	820.644
2.316	829.472
2.317	827.244
2.318	813.938
2.319	789.994
2.32	756.288
2.321	714.077
2.322	664.921
2.323	610.579
2.324	552.905
2.325	493.742
2.326	434.819
2.327	377.675
2.328	323.597
2.329	273.581
2.33	228.322
2.331	188.224
2.332	153.42
2.333	123.816
2.334	99.138
2.335	78.9755
2.336	62.8344
2.337	50.1776
2.338	40.4626
2.339	33.1704
2.34	27.8275
2.341	24.0213
2.342	21.4094
2.343	19.7254
2.344	18.7808
2.345	18.4661
2.346	18.7504
2.347	19.6816
2.348	21.3857
2.349	24.0669
2.35	28.007
2.351	33.5638
2.352	41.1668
2.353	51.3096
2.354	64.5377
2.355	81.4297
2.356	102.572
2.357	128.524
2.358	159.782
2.359	196.728
2.36	239.582
2.361	288.353
2.362	342.791
2.363	402.351
2.364	466.171
2.365	533.064
2.366	601.539
2.367	669.842
2.368	736.023
2.369	798.024
2.37	853.784
2.371	901.352
2.372	939.006
2.373	965.357
2.374	979.436
2.375	980.761
2.376	969.363
2.377	945.786
2.378	911.046
2.379	866.563
2.38	814.065
2.381	755.483
2.382	692.832
2.383	628.096
2.384	563.134
2.385	499.592
2.386	438.849
2.387	381.982
2.388	329.762
2.389	282.664
2.39	240.907
2.391	204.493
2.392	173.265
2.393	146.963
2.394	125.274
2.395	107.882
2.396	94.5062
2.397	84.9276
2.398	79.01
2.399	76.7063
2.4	78.0567
2.401	83.178
2.402	92.245
2.403	105.465
2.404	123.05
2.405	145.181
2.406	171.974
2.407	203.448
2.408	239.496
2.409	279.858
2.41	324.108
2.411	371.649
2.412	421.722
2.413	473.426
2.414	525.749
2.415	577.614
2.416	627.926
2.417	675.627
2.418	719.744
2.419	759.435
2.42	794.019
2.421	823.002
2.422	846.076
2.423	863.11
2.424	874.13
2.425	879.287
2.426	878.817
2.427	873.01
2.428	862.18
2.429	846.637
2.43	826.684
2.431	802.609
2.432	774.698
2.433	743.253
2.434	708.604
2.435	671.134
2.436	631.288
2.437	589.58
2.438	546.588
2.439	502.938
2.44	459.288
2.441	416.294
2.442	374.583
2.443	334.72
2.444	297.184
2.445	262.346
2.446	230.458
2.447	201.653
2.448	175.944
2.449	153.245
2.45	133.384
2.451	116.13
2.452	101.209
2.453	88.3349
2.454	77.2223
2.455	67.605
2.456	59.2459
2.457	51.9445
2.458	45.5385
2.459	39.9028
2.46	34.9458
2.461	30.6036
2.462	26.8335
2.463	23.6074
2.464	20.9057
2.465	18.7117
2.466	17.0075
2.467	15.7706
2.468	14.972
2.469	14.5752
2.47	14.5355
2.471	14.8013
2.472	15.3146
2.473	16.0127
2.474	16.8303
2.475	17.7015
2.476	18.5624
2.477	19.353
2.478	20.0196
2.479	20.5169
2.48	20.8095
2.481	20.873
2.482	20.6949
2.483	20.2741
2.484	19.6208
2.485	18.7551
2.486	17.705
2.487	16.5051
2.488	15.1936
2.489	13.8104
2.49	12.3952
2.491	10.9848
2.492	9.61239
2.493	8.30577
2.494	7.08716
2.495	5.97282
2.496	4.97341
2.497	4.09463
2.498	3.33828
2.499	2.70357
2.5	2.1888
2.501	1.79325
2.502	1.51943
2.503	1.37591
2.504	1.38056
2.505	1.56478
2.506	1.97859
2.507	2.69714
2.508	3.82856
2.509	5.52361
2.51	7.98695
2.511	11.4901
2.512	16.3858
2.513	23.1228
2.514	32.2603
2.515	44.4814
2.516	60.6017
2.517	81.5733
2.518	108.48
2.519	142.521
2.52	184.984
2.521	237.198
2.522	300.476
2.523	376.037
2.524	464.914
2.525	567.854
2.526	685.207
2.527	816.825
2.528	961.963
2.529	1119.21
2.53	1286.43
2.531	1460.79
2.532	1638.77
2.533	1816.25
2.534	1988.68
2.535	2151.24
2.536	2299.1
2.537	2427.58
2.538	2532.52
2.539	2610.4
2.54	2658.64
2.541	2675.69
2.542	2661.19
2.543	2615.99
2.544	2542.06
2.545	2442.47
2.546	2321.13
2.547	2182.66
2.548	2032.08
2.549	1874.55
2.55	1715.16
2.551	1558.64
2.552	1409.19
2.553	1270.33
2.554	1144.74
2.555	1034.26
2.556	939.878
2.557	861.747
2.558	799.286
2.559	751.279
2.56	716.01
2.561	691.402
2.562	675.162
2.563	664.916
2.564	658.342
2.565	653.278
2.566	647.815
2.567	640.363
2.568	629.699
2.569	614.986
2.57	595.773
2.571	571.969
2.572	543.81
2.573	511.802
2.574	476.66
2.575	439.245
2.576	400.498
2.577	361.375
2.578	322.801
2.579	285.621
2.58	250.57
2.581	218.255
2.582	189.147
2.583	163.587
2.584	141.794
2.585	123.889
2.586	109.917
2.587	99.8715
2.588	93.7203
2.589	91.4287
2.59	92.9766
2.591	98.3714
2.592	107.654
2.593	120.898
2.594	138.202
2.595	159.676
2.596	185.426
2.597	215.526
2.598	250.001
2.599	288.801
2.6	331.783
2.601	378.694
2.602	429.166
2.603	482.714
2.604	538.747
2.605	596.583
2.606	655.476
2.607	714.648
2.608	773.318
2.609	830.74
2.61	886.228
2.611	939.185
2.612	989.112
2.613	1035.62
2.614	1078.4
2.615	1117.26
2.616	1152.05
2.617	1182.65
2.618	1208.98
2.619	1230.92
2.62	1248.36
2.621	1261.14
2.622	1269.08
2.623	1272.04
2.624	1269.88
2.625	1262.56
2.626	1250.12
2.627	1232.82
2.628	1211.05
2.629	1185.49
2.63	1157.03
2.631	1126.8
2.632	1096.18
2.633	1066.74
2.634	1040.17
2.635	1018.27
2.636	1002.84
2.637	995.569
2.638	998.004
2.639	1011.41
2.64	1036.71
2.641	1074.4
2.642	1124.48
2.643	1186.4
2.644	1259.09
2.645	1340.89
2.646	1429.65
2.647	1522.74
2.648	1617.17
2.649	1709.72
2.65	1797.04
2.651	1875.8
2.652	1942.9
2.653	1995.54
2.654	2031.41
2.655	2048.8
2.656	2046.63
2.657	2024.54
2.658	1982.9
2.659	1922.74
2.66	1845.71
2.661	1753.95
2.662	1650
2.663	1536.66
2.664	1416.84
2.665	1293.42
2.666	1169.15
2.667	1046.53
2.668	927.745
2.669	814.622
2.67	708.575
2.671	610.628
2.672	521.422
2.673	441.25
2.674	370.108
2.675	307.738
2.676	253.693
2.677	207.381
2.678	168.12
2.679	135.179
2.68	107.818
2.681	85.3105
2.682	66.969
2.683	52.159
2.684	40.3073
2.685	30.9058
2.686	23.5123
2.687	17.7474
2.688	13.2903
2.689	9.87348
2.69	7.27626
2.691	5.31895
2.692	3.8568
2.693	2.77452
2.694	1.98135
2.695	1.40671
2.696	0.996627
2.697	0.710611
2.698	0.519321
2.699	0.402747
2.7	0.349007
2.701	0.353729
2.702	0.420036
2.703	0.559152
2.704	0.7917
2.705	1.14971
2.706	1.67947
2.707	2.44518
2.708	3.53355
2.709	5.05929
2.71	7.17144
2.711	10.0604
2.712	13.9655
2.713	19.1822
2.714	26.0695
2.715	35.0552
2.716	46.64
2.717	61.3972
2.718	79.9692
2.719	103.058
2.72	131.41
2.721	165.79
2.722	206.955
2.723	255.611
2.724	312.373
2.725	377.709
2.726	451.89
2.727	534.934
2.728	626.561
2.729	726.144
2.73	832.687
2.731	944.807
2.732	1060.74
2.733	1178.38
2.734	1295.32
2.735	1408.91
2.736	1516.41
2.737	1615.04
2.738	1702.1
2.739	1775.16
2.74	1832.09
2.741	1871.23
2.742	1891.43
2.743	1892.13
2.744	1873.4
2.745	1835.89
2.746	1780.84
2.747	1709.97
2.748	1625.44
2.749	1529.7
2.75	1425.4
2.751	1315.23
2.752	1201.86
2.753	1087.8
2.754	975.34
2.755	866.446
2.756	762.755
2.757	665.541
2.758	575.712
2.759	493.835
2.76	420.162
2.761	354.675
2.762	297.134
2.763	247.128
2.764	204.121
2.765	167.498
2.766	136.608
2.767	110.791
2.768	89.4102
2.769	71.8667
2.77	57.6156
2.771	46.1728
2.772	37.1189
2.773	30.0997
2.774	24.8242
2.775	21.061
2.776	18.6334
2.777	17.4143
2.778	17.3205
2.779	18.3063
2.78	20.358
2.781	23.4866
2.782	27.7215
2.783	33.1034
2.784	39.6759
2.785	47.4786
2.786	56.5383
2.787	66.8617
2.788	78.4277
2.789	91.1811
2.79	105.028
2.791	119.831
2.792	135.413
2.793	151.552
2.794	167.993
2.795	184.453
2.796	200.629
2.797	216.216
2.798	230.916
2.799	244.457
2.8	256.608
2.801	267.189
2.802	276.086
2.803	283.259
2.804	288.745
2.805	292.658
2.806	295.184
2.807	296.575
2.808	297.13
2.809	297.186
2.81	297.091
2.811	297.191
2.812	297.81
2.813	299.228
2.814	301.67
2.815	305.291
2.816	310.173
2.817	316.316
2.818	323.643
2.819	332.004
2.82	341.188
2.821	350.933
2.822	360.945
2.823	370.914
2.824	380.53
2.825	389.506
2.826	397.592
2.827	404.592
2.828	410.38
2.829	414.907
2.83	418.212
2.831	420.425
2.832	421.771
2.833	422.562
2.834	423.196
2.835	424.142
2.836	425.929
2.837	429.132
2.838	434.346
2.839	442.172
2.84	453.19
2.841	467.934
2.842	486.876
2.843	510.396
2.844	538.765
2.845	572.131
2.846	610.501
2.847	653.741
2.848	701.572
2.849	753.582
2.85	809.239
2.851	867.919
2.852	928.938
2.853	991.595
2.854	1055.22
2.855	1119.21
2.856	1183.1
2.857	1246.6
2.858	1309.65
2.859	1372.41
2.86	1435.31
2.861	1499.04
2.862	1564.53
2.863	1632.88
2.864	1705.32
2.865	1783.13
2.866	1867.51
2.867	1959.48
2.868	2059.81
2.869	2168.83
2.87	2286.43
2.871	2411.91
2.872	2543.96
2.873	2680.68
2.874	2819.54
2.875	2957.5
2.876	3091.1
2.877	3216.58
2.878	3330.05
2.879	3427.68
2.88	3505.87
2.881	3561.44
2.882	3591.78
2.883	3595.02
2.884	3570.1
2.885	3516.85
2.886	3435.98
2.887	3329.08
2.888	3198.53
2.889	3047.37
2.89	2879.19
2.891	2697.95
2.892	2507.82
2.893	2312.98
2.894	2117.53
2.895	1925.26
2.896	1739.6
2.897	1563.51
2.898	1399.43
2.899	1249.22
2.9	1114.21
2.901	995.181
2.902	892.417
2.903	805.762
2.904	734.677
2.905	678.303
2.906	635.527
2.907	605.044
2.908	585.413
2.909	575.107
2.91	572.561
2.911	576.208
2.912	584.515
2.913	596.014
2.914	609.328
2.915	623.19
2.916	636.466
2.917	648.169
2.918	657.474
2.919	663.721
2.92	666.421
2.921	665.255
2.922	660.066
2.923	650.848
2.924	637.731
2.925	620.961
2.926	600.88
2.927	577.9
2.928	552.485
2.929	525.126
2.93	496.321
2.931	466.563
2.932	436.322
2.933	406.04
2.934	376.125
2.935	346.944
2.936	318.832
2.937	292.089
2.938	266.985
2.939	243.768
2.94	222.666
2.941	203.891
2.942	187.648
2.943	174.129
2.944	163.522
2.945	156.001
2.946	151.735
2.947	150.872
2.948	153.544
2.949	159.855
2.95	169.878
2.951	183.645
2.952	201.143
2.953	222.306
2.954	247.011
2.955	275.073
2.956	306.241
2.957	340.2
2.958	376.567
2.959	414.899
2.96	454.697
2.961	495.408
2.962	536.442
2.963	577.174
2.964	616.962
2.965	655.155
2.966	691.11
2.967	724.202
2.968	753.84
2.969	779.479
2.97	800.633
2.971	816.887
2.972	827.907
2.973	833.451
2.974	833.375
2.975	827.64
2.976	816.312
2.977	799.567
2.978	777.683
2.979	751.038
2.98	720.102
2.981	685.417
2.982	647.595
2.983	607.287
2.984	565.177
2.985	521.954
2.986	478.295
2.987	434.851
2.988	392.223
2.989	350.953
2.99	311.512
2.991	274.291
2.992	239.6
2.993	207.663
2.994	178.625
2.995	152.557
2.996	129.462
2.997	109.288
2.998	91.9367
2.999	77.2756
3	65.1501
3.001	55.3936
3.002	47.8375
3.003	42.32
3.004	38.6937
3.005	36.8319
3.006	36.634
3.007	38.0302
3.008	40.985
3.009	45.5009
3.01	51.6215
3.011	59.4347
3.012	69.0753
3.013	80.728
3.014	94.629
3.015	111.067
3.016	130.383
3.017	152.967
3.018	179.252
3.019	209.705
3.02	244.816
3.021	285.074
3.022	330.95
3.023	382.868
3.024	441.172
3.025	506.095
3.026	577.722
3.027	655.955
3.028	740.485
3.029	830.763
3.03	925.979
3.031	1025.06
3.032	1126.68
3.033	1229.25
3.034	1330.99
3.035	1429.95
3.036	1524.07
3.037	1611.28
3.038	1689.53
3.039	1756.92
3.04	1811.74
3.041	1852.58
3.042	1878.38
3.043	1888.5
3.044	1882.72
3.045	1861.28
3.046	1824.9
3.047	1774.7
3.048	1712.18
3.049	1639.2
3.05	1557.82
3.051	1470.29
3.052	1378.94
3.053	1286.06
3.054	1193.86
3.055	1104.36
3.056	1019.34
3.057	940.304
3.058	868.41
3.059	804.473
3.06	748.956
3.061	701.979
3.062	663.344
3.063	632.572
3.064	608.94
3.065	591.537
3.066	579.313
3.067	571.136
3.068	565.844
3.069	562.296
3.07	559.414
3.071	556.226
3.072	551.892
3.073	545.732
3.074	537.234
3.075	526.065
3.076	512.064
3.077	495.233
3.078	475.724
3.079	453.813
3.08	429.88
3.081	404.378
3.082	377.812
3.083	350.707
3.084	323.591
3.085	296.97
3.086	271.317
3.087	247.058
3.088	224.564
3.089	204.154
3.09	186.092
3.091	170.595
3.092	157.836
3.093	147.957
3.094	141.075
3.095	137.294
3.096	136.705
3.097	139.399
3.098	145.465
3.099	154.992
3.1	168.063
3.101	184.757
3.102	205.134
3.103	229.229
3.104	257.047
3.105	288.545
3.106	323.63
3.107	362.148
3.108	403.879
3.109	448.537
3.11	495.767
3.111	545.154
3.112	596.224
3.113	648.459
3.114	701.308
3.115	754.203
3.116	806.568
3.117	857.84
3.118	907.479
3.119	954.981
3.12	999.882
3.121	1041.77
3.122	1080.28
3.123	1115.09
3.124	1145.93
3.125	1172.57
3.126	1194.81
3.127	1212.45
3.128	1225.35
3.129	1233.35
3.13	1236.32
3.131	1234.13
3.132	1226.7
3.133	1213.95
3.134	1195.85
3.135	1172.42
3.136	1143.76
3.137	1110.02
3.138	1071.46
3.139	1028.4
3.14	981.274
3.141	930.594
3.142	876.948
3.143	820.989
3.144	763.416
3.145	704.958
3.146	646.347
3.147	588.298
3.148	531.49
3.149	476.544
3.15	424.009
3.151	374.348
3.152	327.933
3.153	285.041
3.154	245.854
3.155	210.469
3.156	178.901
3.157	151.1
3.158	126.964
3.159	106.354
3.16	89.1096
3.161	75.0653
3.162	64.0663
3.163	55.9814
3.164	50.7162
3.165	48.2226
3.166	48.5079
3.167	51.6398
3.168	57.7507
3.169	67.0375
3.17	79.7599
3.171	96.2353
3.172	116.83
3.173	141.95
3.174	172.023
3.175	207.485
3.176	248.755
3.177	296.218
3.178	350.199
3.179	410.935
3.18	478.554
3.181	553.047
3.182	634.25
3.183	721.823
3.184	815.238
3.185	913.771
3.186	1016.5
3.187	1122.32
3.188	1229.94
3.189	1337.92
3.19	1444.7
3.191	1548.64
3.192	1648.03
3.193	1741.19
3.194	1826.48
3.195	1902.34
3.196	1967.39
3.197	2020.39
3.198	2060.36
3.199	2086.56
3.2	2098.55
3.201	2096.15
3.202	2079.5
3.203	2049.01
3.204	2005.41
3.205	1949.64
3.206	1882.88
3.207	1806.52
3.208	1722.07
3.209	1631.16
3.21	1535.47
3.211	1436.71
3.212	1336.53
3.213	1236.55
3.214	1138.24
3.215	1042.98
3.216	951.941
3.217	866.149
3.218	786.419
3.219	713.371
3.22	647.424
3.221	588.805
3.222	537.558
3.223	493.557
3.224	456.53
3.225	426.075
3.226	401.686
3.227	382.781
3.228	368.723
3.229	358.853
3.23	352.511
3.231	349.065
3.232	347.934
3.233	348.613
3.234	350.691
3.235	353.873
3.236	357.99
3.237	363.018
3.238	369.079
3.239	376.449
3.24	385.556
3.241	396.972
3.242	411.406
3.243	429.682
3.244	452.721
3.245	481.511
3.246	517.077
3.247	560.439
3.248	612.575
3.249	674.375
3.25	746.594
3.251	829.809
3.252	924.369
3.253	1030.36
3.254	1147.56
3.255	1275.43
3.256	1413.06
3.257	1559.2
3.258	1712.25
3.259	1870.27
3.26	2031.02
3.261	2192.02
3.262	2350.59
3.263	2503.92
3.264	2649.2
3.265	2783.63
3.266	2904.56
3.267	3009.59
3.268	3096.6
3.269	3163.86
3.27	3210.09
3.271	3234.48
3.272	3236.77
3.273	3217.18
3.274	3176.5
3.275	3115.98
3.276	3037.31
3.277	2942.58
3.278	2834.19
3.279	2714.77
3.28	2587.13
3.281	2454.1
3.282	2318.54
3.283	2183.16
3.284	2050.55
3.285	1923.04
3.286	1802.69
3.287	1691.23
3.288	1590.04
3.289	1500.16
3.29	1422.25
3.291	1356.62
3.292	1303.26
3.293	1261.83
3.294	1231.77
3.295	1212.26
3.296	1202.33
3.297	1200.88
3.298	1206.73
3.299	1218.71
3.3	1235.64
3.301	1256.44
3.302	1280.11
3.303	1305.81
3.304	1332.83
3.305	1360.63
3.306	1388.85
3.307	1417.26
3.308	1445.79
3.309	1474.48
3.31	1503.44
3.311	1532.86
3.312	1562.93
3.313	1593.84
3.314	1625.71
3.315	1658.62
3.316	1692.53
3.317	1727.33
3.318	1762.76
3.319	1798.49
3.32	1834.09
3.321	1869.04
3.322	1902.78
3.323	1934.72
3.324	1964.27
3.325	1990.9
3.326	2014.11
3.327	2033.5
3.328	2048.8
3.329	2059.83
3.33	2066.56
3.331	2069.08
3.332	2067.61
3.333	2062.47
3.334	2054.07
3.335	2042.87
3.336	2029.36
3.337	2014.06
3.338	1997.41
3.339	1979.82
3.34	1961.61
3.341	1943
3.342	1924.08
3.343	1904.84
3.344	1885.14
3.345	1864.75
3.346	1843.32
3.347	1820.47
3.348	1795.74
3.349	1768.69
3.35	1738.87
3.351	1705.88
3.352	1669.42
3.353	1629.23
3.354	1585.21
3.355	1537.35
3.356	1485.78
3.357	1430.76
3.358	1372.69
3.359	1312.05
3.36	1249.47
3.361	1185.64
3.362	1121.31
3.363	1057.29
3.364	994.411
3.365	933.499
3.366	875.359
3.367	820.75
3.368	770.365
3.369	724.81
3.37	684.587
3.371	650.083
3.372	621.553
3.373	599.113
3.374	582.74
3.375	572.264
3.376	567.374
3.377	567.629
3.378	572.465
3.379	581.215
3.38	593.128
3.381	607.391
3.382	623.161
3.383	639.588
3.384	655.848
3.385	671.171
3.386	684.87
3.387	696.368
3.388	705.219
3.389	711.126
3.39	713.951
3.391	713.725
3.392	710.644
3.393	705.062
3.394	697.479
3.395	688.517
3.396	678.9
3.397	669.418
3.398	660.9
3.399	654.172
3.4	650.03
3.401	649.197
3.402	652.296
3.403	659.818
3.404	672.102
3.405	689.312
3.406	711.429
3.407	738.246
3.408	769.373
3.409	804.247
3.41	842.154
3.411	882.251
3.412	923.605
3.413	965.227
3.414	1006.11
3.415	1045.3
3.416	1081.88
3.417	1115.08
3.418	1144.28
3.419	1169.05
3.42	1189.18
3.421	1204.71
3.422	1215.9
3.423	1223.27
3.424	1227.58
3.425	1229.78
3.426	1231.02
3.427	1232.56
3.428	1235.77
3.429	1242.02
3.43	1252.68
3.431	1268.99
3.432	1292.08
3.433	1322.85
3.434	1361.95
3.435	1409.72
3.436	1466.2
3.437	1531.05
3.438	1603.62
3.439	1682.89
3.44	1767.53
3.441	1855.95
3.442	1946.32
3.443	2036.65
3.444	2124.85
3.445	2208.81
3.446	2286.49
3.447	2355.97
3.448	2415.53
3.449	2463.75
3.45	2499.48
3.451	2521.96
3.452	2530.79
3.453	2525.99
3.454	2507.92
3.455	2477.32
3.456	2435.22
3.457	2382.96
3.458	2322.04
3.459	2254.14
3.46	2181
3.461	2104.4
3.462	2026.05
3.463	1947.57
3.464	1870.44
3.465	1795.96
3.466	1725.22
3.467	1659.09
3.468	1598.21
3.469	1543.02
3.47	1493.72
3.471	1450.35
3.472	1412.74
3.473	1380.63
3.474	1353.59
3.475	1331.13
3.476	1312.67
3.477	1297.61
3.478	1285.32
3.479	1275.15
3.48	1266.5
3.481	1258.78
3.482	1251.43
3.483	1243.97
3.484	1235.96
3.485	1227.05
3.486	1216.93
3.487	1205.38
3.488	1192.25
3.489	1177.46
3.49	1161
3.491	1142.9
3.492	1123.27
3.493	1102.24
3.494	1079.99
3.495	1056.7
3.496	1032.59
3.497	1007.87
3.498	982.754
3.499	957.444
3.5	932.126
3.501	906.968
3.502	882.113
3.503	857.685
3.504	833.782
3.505	810.478
3.506	787.827
3.507	765.859
3.508	744.586
3.509	723.998
3.51	704.068
3.511	684.753
3.512	665.99
3.513	647.704
3.514	629.803
3.515	612.187
3.516	594.745
3.517	577.362
3.518	559.925
3.519	542.324
3.52	524.461
3.521	506.259
3.522	487.662
3.523	468.645
3.524	449.222
3.525	429.442
3.526	409.404
3.527	389.25
3.528	369.168
3.529	349.395
3.53	330.211
3.531	311.936
3.532	294.929
3.533	279.578
3.534	266.297
3.535	255.517
3.536	247.679
3.537	243.228
3.538	242.598
3.539	246.211
3.54	254.457
3.541	267.693
3.542	286.222
3.543	310.289
3.544	340.062
3.545	375.624
3.546	416.958
3.547	463.937
3.548	516.317
3.549	573.723
3.55	635.652
3.551	701.468
3.552	770.408
3.553	841.59
3.554	914.027
3.555	986.643
3.556	1058.3
3.557	1127.83
3.558	1194.04
3.559	1255.8
3.56	1312
3.561	1361.67
3.562	1403.92
3.563	1438.05
3.564	1463.53
3.565	1480
3.566	1487.32
3.567	1485.56
3.568	1474.97
3.569	1455.99
3.57	1429.22
3.571	1395.42
3.572	1355.43
3.573	1310.18
3.574	1260.64
3.575	1207.8
3.576	1152.61
3.577	1096
3.578	1038.8
3.579	981.783
3.58	925.597
3.581	870.798
3.582	817.832
3.583	767.042
3.584	718.676
3.585	672.897
3.586	629.795
3.587	589.406
3.588	551.717
3.589	516.687
3.59	484.255
3.591	454.35
3.592	426.899
3.593	401.83
3.594	379.079
3.595	358.587
3.596	340.3
3.597	324.165
3.598	310.13
3.599	298.138
3.6	288.122
3.601	280.004
3.602	273.687
3.603	269.06
3.604	265.99
3.605	264.327
3.606	263.902
3.607	264.528
3.608	266.009
3.609	268.136
3.61	270.701
3.611	273.493
3.612	276.31
3.613	278.961
3.614	281.273
3.615	283.095
3.616	284.303
3.617	284.803
3.618	284.532
3.619	283.461
3.62	281.594
3.621	278.967
3.622	275.645
3.623	271.722
3.624	267.311
3.625	262.544
3.626	257.566
3.627	252.529
3.628	247.585
3.629	242.885
3.63	238.572
3.631	234.778
3.632	231.623
3.633	229.211
3.634	227.633
3.635	226.963
3.636	227.262
3.637	228.58
3.638	230.956
3.639	234.421
3.64	239.005
3.641	244.731
3.642	251.624
3.643	259.71
3.644	269.017
3.645	279.578
3.646	291.428
3.647	304.607
3.648	319.159
3.649	335.135
3.65	352.586
3.651	371.572
3.652	392.155
3.653	414.403
3.654	438.391
3.655	464.197
3.656	491.904
3.657	521.598
3.658	553.366
3.659	587.29
3.66	623.445
3.661	661.89
3.662	702.662
3.663	745.764
3.664	791.156
3.665	838.747
3.666	888.381
3.667	939.83
3.668	992.786
3.669	1046.86
3.67	1101.56
3.671	1156.34
3.672	1210.54
3.673	1263.47
3.674	1314.34
3.675	1362.38
3.676	1406.76
3.677	1446.69
3.678	1481.4
3.679	1510.22
3.68	1532.52
3.681	1547.83
3.682	1555.8
3.683	1556.21
3.684	1549.03
3.685	1534.38
3.686	1512.56
3.687	1484
3.688	1449.31
3.689	1409.22
3.69	1364.54
3.691	1316.21
3.692	1265.19
3.693	1212.49
3.694	1159.11
3.695	1106.05
3.696	1054.23
3.697	1004.53
3.698	957.715
3.699	914.464
3.7	875.33
3.701	840.744
3.702	811
3.703	786.262
3.704	766.56
3.705	751.791
3.706	741.731
3.707	736.042
3.708	734.28
3.709	735.914
3.71	740.335
3.711	746.878
3.712	754.837
3.713	763.486
3.714	772.098
3.715	779.964
3.716	786.413
3.717	790.83
3.718	792.674
3.719	791.489
3.72	786.919
3.721	778.713
3.722	766.735
3.723	750.96
3.724	731.475
3.725	708.474
3.726	682.246
3.727	653.168
3.728	621.687
3.729	588.308
3.73	553.575
3.731	518.061
3.732	482.342
3.733	446.993
3.734	412.567
3.735	379.586
3.736	348.534
3.737	319.844
3.738	293.897
3.739	271.02
3.74	251.477
3.741	235.477
3.742	223.171
3.743	214.652
3.744	209.96
3.745	209.084
3.746	211.962
3.747	218.487
3.748	228.504
3.749	241.817
3.75	258.19
3.751	277.346
3.752	298.978
3.753	322.743
3.754	348.275
3.755	375.186
3.756	403.077
3.757	431.545
3.758	460.192
3.759	488.639
3.76	516.534
3.761	543.57
3.762	569.49
3.763	594.105
3.764	617.3
3.765	639.044
3.766	659.395
3.767	678.503
3.768	696.606
3.769	714.031
3.77	731.178
3.771	748.509
3.772	766.534
3.773	785.788
3.774	806.808
3.775	830.107
3.776	856.154
3.777	885.343
3.778	917.972
3.779	954.221
3.78	994.135
3.781	1037.61
3.782	1084.4
3.783	1134.08
3.784	1186.09
3.785	1239.74
3.786	1294.19
3.787	1348.54
3.788	1401.79
3.789	1452.93
3.79	1500.93
3.791	1544.79
3.792	1583.58
3.793	1616.48
3.794	1642.78
3.795	1661.92
3.796	1673.51
3.797	1677.34
3.798	1673.38
3.799	1661.78
3.8	1642.87
3.801	1617.12
3.802	1585.16
3.803	1547.71
3.804	1505.61
3.805	1459.75
3.806	1411.06
3.807	1360.49
3.808	1308.97
3.809	1257.42
3.81	1206.7
3.811	1157.62
3.812	1110.93
3.813	1067.29
3.814	1027.29
3.815	991.468
3.816	960.248
3.817	933.997
3.818	913.005
3.819	897.488
3.82	887.587
3.821	883.371
3.822	884.829
3.823	891.873
3.824	904.329
3.825	921.941
3.826	944.361
3.827	971.15
3.828	1001.78
3.829	1035.64
3.83	1072.03
3.831	1110.18
3.832	1149.26
3.833	1188.39
3.834	1226.69
3.835	1263.25
3.836	1297.19
3.837	1327.67
3.838	1353.92
3.839	1375.27
3.84	1391.15
3.841	1401.11
3.842	1404.87
3.843	1402.29
3.844	1393.36
3.845	1378.24
3.846	1357.25
3.847	1330.8
3.848	1299.45
3.849	1263.82
3.85	1224.62
3.851	1182.61
3.852	1138.53
3.853	1093.15
3.854	1047.19
3.855	1001.34
3.856	956.183
3.857	912.264
3.858	870.018
3.859	829.791
3.86	791.837
3.861	756.32
3.862	723.323
3.863	692.855
3.864	664.865
3.865	639.253
3.866	615.881
3.867	594.59
3.868	575.208
3.869	557.561
3.87	541.481
3.871	526.813
3.872	513.421
3.873	501.187
3.874	490.014
3.875	479.826
3.876	470.566
3.877	462.19
3.878	454.671
3.879	447.991
3.88	442.137
3.881	437.105
3.882	432.891
3.883	429.497
3.884	426.923
3.885	425.174
3.886	424.259
3.887	424.192
3.888	424.99
3.889	426.682
3.89	429.303
3.891	432.897
3.892	437.521
3.893	443.236
3.894	450.112
3.895	458.222
3.896	467.64
3.897	478.436
3.898	490.669
3.899	504.386
3.9	519.611
3.901	536.346
3.902	554.56
3.903	574.19
3.904	595.136
3.905	617.258
3.906	640.38
3.907	664.29
3.908	688.745
3.909	713.472
3.91	738.183
3.911	762.576
3.912	786.348
3.913	809.205
3.914	830.87
3.915	851.097
3.916	869.672
3.917	886.431
3.918	901.256
3.919	914.085
3.92	924.911
3.921	933.782
3.922	940.797
3.923	946.1
3.924	949.872
3.925	952.325
3.926	953.686
3.927	954.19
3.928	954.068
3.929	953.534
3.93	952.777
3.931	951.951
3.932	951.173
3.933	950.51
3.934	949.986
3.935	949.576
3.936	949.212
3.937	948.787
3.938	948.16
3.939	947.168
3.94	945.63
3.941	943.36
3.942	940.176
3.943	935.91
3.944	930.411
3.945	923.56
3.946	915.268
3.947	905.483
3.948	894.192
3.949	881.42
3.95	867.225
3.951	851.7
3.952	834.965
3.953	817.163
3.954	798.45
3.955	778.993
3.956	758.962
3.957	738.526
3.958	717.842
3.959	697.059
3.96	676.31
3.961	655.713
3.962	635.37
3.963	615.367
3.964	595.777
3.965	576.664
3.966	558.082
3.967	540.088
3.968	522.734
3.969	506.081
3.97	490.198
3.971	475.166
3.972	461.077
3.973	448.041
3.974	436.181
3.975	425.635
3.976	416.552
3.977	409.09
3.978	403.414
3.979	399.691
3.98	398.082
3.981	398.741
3.982	401.807
3.983	407.402
3.984	415.62
3.985	426.528
3.986	440.158
3.987	456.505
3.988	475.522
3.989	497.12
3.99	521.166
3.991	547.48
3.992	575.837
3.993	605.97
3.994	637.571
3.995	670.294
3.996	703.76
3.997	737.563
3.998	771.277
3.999	804.463
4	836.676
4.001	867.475
4.002	896.433
4.003	923.143
4.004	947.232
4.005	968.363
4.006	986.252
4.007	1000.67
4.008	1011.44
4.009	1018.46
4.01	1021.7
4.011	1021.2
4.012	1017.06
4.013	1009.46
4.014	998.644
4.015	984.901
4.016	968.584
4.017	950.082
4.018	929.817
4.019	908.231
4.02	885.776
4.021	862.9
4.022	840.038
4.023	817.597
4.024	795.952
4.025	775.429
4.026	756.305
4.027	738.795
4.028	723.053
4.029	709.169
4.03	697.163
4.031	686.998
4.032	678.571
4.033	671.73
4.034	666.273
4.035	661.961
4.036	658.526
4.037	655.682
4.038	653.135
4.039	650.593
4.04	647.778
4.041	644.433
4.042	640.33
4.043	635.28
4.044	629.131
4.045	621.78
4.046	613.165
4.047	603.271
4.048	592.127
4.049	579.798
4.05	566.384
4.051	552.012
4.052	536.829
4.053	520.996
4.054	504.679
4.055	488.045
4.056	471.251
4.057	454.444
4.058	437.752
4.059	421.283
4.06	405.122
4.061	389.334
4.062	373.957
4.063	359.012
4.064	344.499
4.065	330.403
4.066	316.698
4.067	303.35
4.068	290.319
4.069	277.567
4.07	265.06
4.071	252.768
4.072	240.673
4.073	228.763
4.074	217.043
4.075	205.526
4.076	194.237
4.077	183.215
4.078	172.506
4.079	162.163
4.08	152.246
4.081	142.82
4.082	133.95
4.083	125.701
4.084	118.135
4.085	111.313
4.086	105.289
4.087	100.112
4.088	95.8249
4.089	92.4648
4.09	90.0634
4.091	88.6472
4.092	88.2388
4.093	88.8581
4.094	90.5233
4.095	93.2524
4.096	97.0639
4.097	101.978
4.098	108.018
4.099	115.21
4.1	123.58
4.101	133.158
4.102	143.974
4.103	156.057
4.104	169.43
4.105	184.114
4.106	200.115
4.107	217.431
4.108	236.039
4.109	255.9
4.11	276.95
4.111	299.099
4.112	322.234
4.113	346.208
4.114	370.849
4.115	395.958
4.116	421.312
4.117	446.664
4.118	471.754
4.119	496.312
4.12	520.062
4.121	542.737
4.122	564.078
4.123	583.85
4.124	601.846
4.125	617.894
4.126	631.867
4.127	643.686
4.128	653.323
4.129	660.807
4.13	666.22
4.131	669.702
4.132	671.441
4.133	671.673
4.134	670.675
4.135	668.756
4.136	666.247
4.137	663.497
4.138	660.856
4.139	658.669
4.14	657.264
4.141	656.943
4.142	657.974
4.143	660.582
4.144	664.942
4.145	671.174
4.146	679.341
4.147	689.442
4.148	701.417
4.149	715.143
4.15	730.438
4.151	747.065
4.152	764.736
4.153	783.119
4.154	801.845
4.155	820.514
4.156	838.709
4.157	856.001
4.158	871.961
4.159	886.169
4.16	898.227
4.161	907.765
4.162	914.452
4.163	918.005
4.164	918.198
4.165	914.862
4.166	907.899
4.167	897.275
4.168	883.031
4.169	865.275
4.17	844.184
4.171	819.998
4.172	793.017
4.173	763.589
4.174	732.106
4.175	698.993
4.176	664.697
4.177	629.678
4.178	594.394
4.179	559.299
4.18	524.823
4.181	491.369
4.182	459.304
4.183	428.951
4.184	400.585
4.185	374.427
4.186	350.644
4.187	329.348
4.188	310.594
4.189	294.388
4.19	280.687
4.191	269.402
4.192	260.41
4.193	253.556
4.194	248.664
4.195	245.54
4.196	243.987
4.197	243.805
4.198	244.805
4.199	246.813
4.2	249.677
4.201	253.271
4.202	257.5
4.203	262.302
4.204	267.65
4.205	273.553
4.206	280.048
4.207	287.207
4.208	295.122
4.209	303.906
4.21	313.682
4.211	324.58
4.212	336.721
4.213	350.218
4.214	365.158
4.215	381.6
4.216	399.567
4.217	419.039
4.218	439.946
4.219	462.169
4.22	485.539
4.221	509.832
4.222	534.779
4.223	560.067
4.224	585.347
4.225	610.242
4.226	634.356
4.227	657.287
4.228	678.638
4.229	698.027
4.23	715.099
4.231	729.537
4.232	741.074
4.233	749.497
4.234	754.654
4.235	756.463
4.236	754.907
4.237	750.039
4.238	741.98
4.239	730.911
4.24	717.071
4.241	700.746
4.242	682.264
4.243	661.984
4.244	640.285
4.245	617.558
4.246	594.194
4.247	570.577
4.248	547.075
4.249	524.031
4.25	501.759
4.251	480.538
4.252	460.607
4.253	442.165
4.254	425.369
4.255	410.33
4.256	397.121
4.257	385.771
4.258	376.273
4.259	368.585
4.26	362.633
4.261	358.316
4.262	355.511
4.263	354.074
4.264	353.85
4.265	354.676
4.266	356.384
4.267	358.808
4.268	361.788
4.269	365.177
4.27	368.841
4.271	372.666
4.272	376.562
4.273	380.463
4.274	384.332
4.275	388.158
4.276	391.961
4.277	395.788
4.278	399.711
4.279	403.826
4.28	408.247
4.281	413.103
4.282	418.532
4.283	424.675
4.284	431.667
4.285	439.637
4.286	448.694
4.287	458.928
4.288	470.401
4.289	483.143
4.29	497.151
4.291	512.384
4.292	528.767
4.293	546.186
4.294	564.495
4.295	583.52
4.296	603.06
4.297	622.896
4.298	642.795
4.299	662.522
4.3	681.841
4.301	700.527
4.302	718.371
4.303	735.186
4.304	750.813
4.305	765.125
4.306	778.029
4.307	789.466
4.308	799.415
4.309	807.887
4.31	814.927
4.311	820.603
4.312	825.011
4.313	828.258
4.314	830.468
4.315	831.764
4.316	832.274
4.317	832.115
4.318	831.394
4.319	830.202
4.32	828.613
4.321	826.677
4.322	824.423
4.323	821.858
4.324	818.965
4.325	815.71
4.326	812.04
4.327	807.888
4.328	803.177
4.329	797.822
4.33	791.738
4.331	784.841
4.332	777.051
4.333	768.301
4.334	758.536
4.335	747.716
4.336	735.821
4.337	722.852
4.338	708.828
4.339	693.795
4.34	677.818
4.341	660.983
4.342	643.399
4.343	625.189
4.344	606.496
4.345	587.474
4.346	568.289
4.347	549.115
4.348	530.127
4.349	511.507
4.35	493.429
4.351	476.067
4.352	459.584
4.353	444.134
4.354	429.86
4.355	416.888
4.356	405.329
4.357	395.274
4.358	386.797
4.359	379.952
4.36	374.77
4.361	371.262
4.362	369.416
4.363	369.199
4.364	370.554
4.365	373.403
4.366	377.648
4.367	383.167
4.368	389.821
4.369	397.451
4.37	405.885
4.371	414.933
4.372	424.398
4.373	434.073
4.374	443.748
4.375	453.212
4.376	462.258
4.377	470.691
4.378	478.325
4.379	484.993
4.38	490.55
4.381	494.874
4.382	497.873
4.383	499.484
4.384	499.674
4.385	498.445
4.386	495.828
4.387	491.885
4.388	486.706
4.389	480.404
4.39	473.115
4.391	464.989
4.392	456.191
4.393	446.89
4.394	437.258
4.395	427.462
4.396	417.666
4.397	408.02
4.398	398.659
4.399	389.705
4.4	381.259
4.401	373.403
4.402	366.201
4.403	359.698
4.404	353.922
4.405	348.883
4.406	344.58
4.407	340.999
4.408	338.115
4.409	335.898
4.41	334.311
4.411	333.315
4.412	332.866
4.413	332.922
4.414	333.438
4.415	334.372
4.416	335.681
4.417	337.322
4.418	339.253
4.419	341.435
4.42	343.825
4.421	346.384
4.422	349.07
4.423	351.845
4.424	354.668
4.425	357.501
4.426	360.308
4.427	363.055
4.428	365.712
4.429	368.253
4.43	370.655
4.431	372.904
4.432	374.991
4.433	376.914
4.434	378.68
4.435	380.303
4.436	381.806
4.437	383.219
4.438	384.583
4.439	385.943
4.44	387.353
4.441	388.873
4.442	390.568
4.443	392.506
4.444	394.758
4.445	397.395
4.446	400.489
4.447	404.106
4.448	408.308
4.449	413.151
4.45	418.678
4.451	424.924
4.452	431.906
4.453	439.628
4.454	448.076
4.455	457.218
4.456	467.001
4.457	477.356
4.458	488.192
4.459	499.404
4.46	510.87
4.461	522.458
4.462	534.025
4.463	545.426
4.464	556.512
4.465	567.143
4.466	577.184
4.467	586.518
4.468	595.045
4.469	602.685
4.47	609.386
4.471	615.123
4.472	619.9
4.473	623.748
4.474	626.727
4.475	628.923
4.476	630.442
4.477	631.409
4.478	631.962
4.479	632.245
4.48	632.405
4.481	632.581
4.482	632.907
4.483	633.497
4.484	634.448
4.485	635.834
4.486	637.702
4.487	640.074
4.488	642.945
4.489	646.284
4.49	650.037
4.491	654.13
4.492	658.474
4.493	662.965
4.494	667.493
4.495	671.947
4.496	676.214
4.497	680.19
4.498	683.778
4.499	686.893
4.5	689.463
4.501	691.433
4.502	692.76
4.503	693.417
4.504	693.391
4.505	692.68
4.506	691.292
4.507	689.241
4.508	686.548
4.509	683.238
4.51	679.334
4.511	674.861
4.512	669.841
4.513	664.295
4.514	658.24
4.515	651.69
4.516	644.658
4.517	637.155
4.518	629.192
4.519	620.781
4.52	611.937
4.521	602.677
4.522	593.023
4.523	583.004
4.524	572.653
4.525	562.009
4.526	551.119
4.527	540.032
4.528	528.805
4.529	517.497
4.53	506.167
4.531	494.878
4.532	483.69
4.533	472.66
4.534	461.843
4.535	451.285
4.536	441.029
4.537	431.107
4.538	421.547
4.539	412.364
4.54	403.569
4.541	395.162
4.542	387.136
4.543	379.48
4.544	372.174
4.545	365.195
4.546	358.518
4.547	352.112
4.548	345.949
4.549	339.998
4.55	334.23
4.551	328.616
4.552	323.13
4.553	317.748
4.554	312.446
4.555	307.206
4.556	302.011
4.557	296.846
4.558	291.699
4.559	286.561
4.56	281.424
4.561	276.286
4.562	271.142
4.563	265.994
4.564	260.845
4.565	255.701
4.566	250.568
4.567	245.459
4.568	240.385
4.569	235.361
4.57	230.405
4.571	225.533
4.572	220.764
4.573	216.116
4.574	211.605
4.575	207.249
4.576	203.059
4.577	199.047
4.578	195.219
4.579	191.578
4.58	188.122
4.581	184.844
4.582	181.733
4.583	178.776
4.584	175.952
4.585	173.241
4.586	170.62
4.587	168.064
4.588	165.551
4.589	163.06
4.59	160.572
4.591	158.075
4.592	155.562
4.593	153.035
4.594	150.504
4.595	147.989
4.596	145.52
4.597	143.142
4.598	140.908
4.599	138.888
4.6	137.162
4.601	135.823
4.602	134.977
4.603	134.742
4.604	135.247
4.605	136.632
4.606	139.045
4.607	142.642
4.608	147.584
4.609	154.039
4.61	162.172
4.611	172.153
4.612	184.143
4.613	198.3
4.614	214.771
4.615	233.69
4.616	255.176
4.617	279.326
4.618	306.213
4.619	335.885
4.62	368.357
4.621	403.613
4.622	441.601
4.623	482.232
4.624	525.379
4.625	570.876
4.626	618.521
4.627	668.076
4.628	719.27
4.629	771.804
4.63	825.354
4.631	879.574
4.632	934.11
4.633	988.596
4.634	1042.67
4.635	1095.97
4.636	1148.15
4.637	1198.88
4.638	1247.86
4.639	1294.8
4.64	1339.47
4.641	1381.63
4.642	1421.11
4.643	1457.75
4.644	1491.43
4.645	1522.06
4.646	1549.56
4.647	1573.89
4.648	1595.03
4.649	1612.94
4.65	1627.64
4.651	1639.13
4.652	1647.41
4.653	1652.51
4.654	1654.44
4.655	1653.24
4.656	1648.94
4.657	1641.58
4.658	1631.22
4.659	1617.94
4.66	1601.83
4.661	1583
4.662	1561.59
4.663	1537.77
4.664	1511.72
4.665	1483.67
4.666	1453.85
4.667	1422.54
4.668	1390.01
4.669	1356.56
4.67	1322.49
4.671	1288.11
4.672	1253.69
4.673	1219.53
4.674	1185.87
4.675	1152.94
4.676	1120.95
4.677	1090.03
4.678	1060.32
4.679	1031.88
4.68	1004.73
4.681	978.872
4.682	954.242
4.683	930.754
4.684	908.29
4.685	886.706
4.686	865.841
4.687	845.524
4.688	825.578
4.689	805.83
4.69	786.115
4.691	766.283
4.692	746.203
4.693	725.765
4.694	704.887
4.695	683.512
4.696	661.613
4.697	639.189
4.698	616.268
4.699	592.9
4.7	569.161
4.701	545.147
4.702	520.972
4.703	496.765
4.704	472.669
4.705	448.835
4.706	425.426
4.707	402.606
4.708	380.549
4.709	359.428
4.71	339.423
4.711	320.711
4.712	303.476
4.713	287.901
4.714	274.169
4.715	262.467
4.716	252.984
4.717	245.907
4.718	241.427
4.719	239.734
4.72	241.017
4.721	245.462
4.722	253.25
4.723	264.557
4.724	279.548
4.725	298.373
4.726	321.165
4.727	348.037
4.728	379.07
4.729	414.317
4.73	453.791
4.731	497.46
4.732	545.246
4.733	597.016
4.734	652.579
4.735	711.684
4.736	774.015
4.737	839.191
4.738	906.767
4.739	976.236
4.74	1047.03
4.741	1118.53
4.742	1190.07
4.743	1260.95
4.744	1330.44
4.745	1397.79
4.746	1462.27
4.747	1523.15
4.748	1579.72
4.749	1631.33
4.75	1677.38
4.751	1717.33
4.752	1750.74
4.753	1777.26
4.754	1796.62
4.755	1808.68
4.756	1813.39
4.757	1810.83
4.758	1801.17
4.759	1784.7
4.76	1761.77
4.761	1732.87
4.762	1698.51
4.763	1659.29
4.764	1615.86
4.765	1568.88
4.766	1519.06
4.767	1467.07
4.768	1413.62
4.769	1359.34
4.77	1304.87
4.771	1250.79
4.772	1197.61
4.773	1145.79
4.774	1095.74
4.775	1047.77
4.776	1002.15
4.777	959.063
4.778	918.638
4.779	880.936
4.78	845.964
4.781	813.68
4.782	783.999
4.783	756.799
4.784	731.934
4.785	709.238
4.786	688.538
4.787	669.655
4.788	652.419
4.789	636.672
4.79	622.275
4.791	609.111
4.792	597.094
4.793	586.168
4.794	576.309
4.795	567.526
4.796	559.858
4.797	553.376
4.798	548.171
4.799	544.357
4.8	542.061
4.801	541.414
4.802	542.55
4.803	545.592
4.804	550.647
4.805	557.802
4.806	567.108
4.807	578.586
4.808	592.214
4.809	607.927
4.81	625.615
4.811	645.123
4.812	666.255
4.813	688.773
4.814	712.407
4.815	736.86
4.816	761.814
4.817	786.942
4.818	811.913
4.819	836.408
4.82	860.123
4.821	882.78
4.822	904.138
4.823	923.994
4.824	942.193
4.825	958.628
4.826	973.245
4.827	986.039
4.828	997.052
4.829	1006.37
4.83	1014.12
4.831	1020.46
4.832	1025.56
4.833	1029.62
4.834	1032.83
4.835	1035.39
4.836	1037.46
4.837	1039.2
4.838	1040.75
4.839	1042.18
4.84	1043.56
4.841	1044.9
4.842	1046.18
4.843	1047.34
4.844	1048.27
4.845	1048.85
4.846	1048.94
4.847	1048.36
4.848	1046.94
4.849	1044.51
4.85	1040.9
4.851	1035.95
4.852	1029.54
4.853	1021.57
4.854	1011.96
4.855	1000.68
4.856	987.756
4.857	973.223
4.858	957.175
4.859	939.738
4.86	921.076
4.861	901.382
4.862	880.874
4.863	859.79
4.864	838.382
4.865	816.909
4.866	795.629
4.867	774.796
4.868	754.65
4.869	735.415
4.87	717.292
4.871	700.456
4.872	685.052
4.873	671.195
4.874	658.964
4.875	648.406
4.876	639.537
4.877	632.339
4.878	626.762
4.879	622.732
4.88	620.149
4.881	618.891
4.882	618.819
4.883	619.781
4.884	621.612
4.885	624.144
4.886	627.204
4.887	630.62
4.888	634.226
4.889	637.859
4.89	641.367
4.891	644.609
4.892	647.458
4.893	649.799
4.894	651.536
4.895	652.588
4.896	652.894
4.897	652.41
4.898	651.112
4.899	648.995
4.9	646.076
4.901	642.391
4.902	637.997
4.903	632.969
4.904	627.405
4.905	621.42
4.906	615.148
4.907	608.742
4.908	602.368
4.909	596.209
4.91	590.458
4.911	585.32
4.912	581.005
4.913	577.73
4.914	575.711
4.915	575.165
4.916	576.3
4.917	579.318
4.918	584.406
4.919	591.739
4.92	601.466
4.921	613.717
4.922	628.592
4.923	646.162
4.924	666.463
4.925	689.493
4.926	715.211
4.927	743.533
4.928	774.333
4.929	807.438
4.93	842.628
4.931	879.64
4.932	918.165
4.933	957.853
4.934	998.314
4.935	1039.13
4.936	1079.84
4.937	1119.97
4.938	1159.03
4.939	1196.53
4.94	1231.97
4.941	1264.86
4.942	1294.75
4.943	1321.2
4.944	1343.8
4.945	1362.23
4.946	1376.18
4.947	1385.42
4.948	1389.78
4.949	1389.18
4.95	1383.59
4.951	1373.05
4.952	1357.68
4.953	1337.68
4.954	1313.28
4.955	1284.81
4.956	1252.63
4.957	1217.13
4.958	1178.77
4.959	1138
4.96	1095.32
4.961	1051.23
4.962	1006.21
4.963	960.758
4.964	915.345
4.965	870.418
4.966	826.396
4.967	783.661
4.968	742.553
4.969	703.369
4.97	666.359
4.971	631.723
4.972	599.609
4.973	570.117
4.974	543.298
4.975	519.154
4.976	497.645
4.977	478.687
4.978	462.163
4.979	447.919
4.98	435.778
4.981	425.539
4.982	416.987
4.983	409.894
4.984	404.028
4.985	399.161
4.986	395.066
4.987	391.53
4.988	388.357
4.989	385.367
4.99	382.406
4.991	379.342
4.992	376.076
4.993	372.535
4.994	368.676
4.995	364.491
4.996	359.998
4.997	355.248
4.998	350.32
4.999	345.319
5	340.375
5.001	335.641
5.002	331.29
5.003	327.51
5.004	324.501
5.005	322.473
5.006	321.64
5.007	322.219
5.008	324.419
5.009	328.442
5.01	334.479
5.011	342.699
5.012	353.248
5.013	366.247
5.014	381.781
5.015	399.897
5.016	420.603
5.017	443.858
5.018	469.575
5.019	497.616
5.02	527.792
5.021	559.859
5.022	593.528
5.023	628.457
5.024	664.265
5.025	700.53
5.026	736.799
5.027	772.6
5.028	807.444
5.029	840.842
5.03	872.314
5.031	901.401
5.032	927.677
5.033	950.76
5.034	970.325
5.035	986.11
5.036	997.931
5.037	1005.68
5.038	1009.34
5.039	1008.98
5.04	1004.76
5.041	996.915
5.042	985.775
5.043	971.741
5.044	955.276
5.045	936.902
5.046	917.181
5.047	896.704
5.048	876.076
5.049	855.903
5.05	836.775
5.051	819.252
5.052	803.853
5.053	791.041
5.054	781.214
5.055	774.696
5.056	771.73
5.057	772.473
5.058	776.994
5.059	785.27
5.06	797.194
5.061	812.574
5.062	831.138
5.063	852.544
5.064	876.386
5.065	902.205
5.066	929.499
5.067	957.736
5.068	986.362
5.069	1014.82
5.07	1042.54
5.071	1068.99
5.072	1093.65
5.073	1116.03
5.074	1135.69
5.075	1152.23
5.076	1165.32
5.077	1174.68
5.078	1180.1
5.079	1181.41
5.08	1178.55
5.081	1171.47
5.082	1160.24
5.083	1144.94
5.084	1125.75
5.085	1102.86
5.086	1076.54
5.087	1047.08
5.088	1014.82
5.089	980.127
5.09	943.381
5.091	904.986
5.092	865.358
5.093	824.912
5.094	784.063
5.095	743.217
5.096	702.766
5.097	663.08
5.098	624.507
5.099	587.361
5.1	551.926
5.101	518.446
5.102	487.125
5.103	458.125
5.104	431.562
5.105	407.509
5.106	385.993
5.107	366.998
5.108	350.465
5.109	336.298
5.11	324.363
5.111	314.496
5.112	306.505
5.113	300.178
5.114	295.286
5.115	291.588
5.116	288.841
5.117	286.802
5.118	285.235
5.119	283.917
5.12	282.64
5.121	281.219
5.122	279.491
5.123	277.321
5.124	274.604
5.125	271.263
5.126	267.252
5.127	262.553
5.128	257.178
5.129	251.164
5.13	244.573
5.131	237.484
5.132	229.999
5.133	222.228
5.134	214.296
5.135	206.332
5.136	198.469
5.137	190.84
5.138	183.576
5.139	176.802
5.14	170.635
5.141	165.186
5.142	160.551
5.143	156.82
5.144	154.067
5.145	152.358
5.146	151.747
5.147	152.277
5.148	153.981
5.149	156.886
5.15	161.008
5.151	166.358
5.152	172.943
5.153	180.764
5.154	189.816
5.155	200.095
5.156	211.592
5.157	224.294
5.158	238.19
5.159	253.26
5.16	269.486
5.161	286.842
5.162	305.299
5.163	324.821
5.164	345.367
5.165	366.886
5.166	389.318
5.167	412.593
5.168	436.631
5.169	461.339
5.17	486.612
5.171	512.334
5.172	538.376
5.173	564.598
5.174	590.849
5.175	616.971
5.176	642.795
5.177	668.151
5.178	692.864
5.179	716.758
5.18	739.664
5.181	761.417
5.182	781.862
5.183	800.859
5.184	818.286
5.185	834.038
5.186	848.039
5.187	860.235
5.188	870.605
5.189	879.16
5.19	885.941
5.191	891.028
5.192	894.532
5.193	896.602
5.194	897.417
5.195	897.192
5.196	896.169
5.197	894.613
5.198	892.816
5.199	891.081
5.2	889.724
5.201	889.063
5.202	889.414
5.203	891.082
5.204	894.353
5.205	899.486
5.206	906.708
5.207	916.202
5.208	928.105
5.209	942.499
5.21	959.411
5.211	978.803
5.212	1000.58
5.213	1024.57
5.214	1050.55
5.215	1078.26
5.216	1107.34
5.217	1137.44
5.218	1168.13
5.219	1198.98
5.22	1229.55
5.221	1259.38
5.222	1288.02
5.223	1315.07
5.224	1340.13
5.225	1362.86
5.226	1382.97
5.227	1400.23
5.228	1414.47
5.229	1425.59
5.23	1433.57
5.231	1438.44
5.232	1440.31
5.233	1439.34
5.234	1435.75
5.235	1429.8
5.236	1421.79
5.237	1412.06
5.238	1400.93
5.239	1388.76
5.24	1375.9
5.241	1362.67
5.242	1349.38
5.243	1336.33
5.244	1323.75
5.245	1311.85
5.246	1300.8
5.247	1290.73
5.248	1281.71
5.249	1273.79
5.25	1266.96
5.251	1261.2
5.252	1256.43
5.253	1252.59
5.254	1249.56
5.255	1247.25
5.256	1245.54
5.257	1244.33
5.258	1243.53
5.259	1243.08
5.26	1242.93
5.261	1243.07
5.262	1243.52
5.263	1244.31
5.264	1245.54
5.265	1247.31
5.266	1249.75
5.267	1253.02
5.268	1257.27
5.269	1262.69
5.27	1269.44
5.271	1277.67
5.272	1287.51
5.273	1299.06
5.274	1312.4
5.275	1327.53
5.276	1344.45
5.277	1363.07
5.278	1383.28
5.279	1404.89
5.28	1427.72
5.281	1451.49
5.282	1475.95
5.283	1500.79
5.284	1525.71
5.285	1550.43
5.286	1574.65
5.287	1598.13
5.288	1620.66
5.289	1642.08
5.29	1662.27
5.291	1681.19
5.292	1698.87
5.293	1715.39
5.294	1730.89
5.295	1745.57
5.296	1759.71
5.297	1773.58
5.298	1787.51
5.299	1801.85
5.3	1816.92
5.301	1833.06
5.302	1850.56
5.303	1869.67
5.304	1890.58
5.305	1913.42
5.306	1938.24
5.307	1964.98
5.308	1993.53
5.309	2023.64
5.31	2055.01
5.311	2087.22
5.312	2119.79
5.313	2152.16
5.314	2183.7
5.315	2213.76
5.316	2241.65
5.317	2266.67
5.318	2288.13
5.319	2305.37
5.32	2317.77
5.321	2324.79
5.322	2325.95
5.323	2320.89
5.324	2309.32
5.325	2291.08
5.326	2266.15
5.327	2234.58
5.328	2196.6
5.329	2152.5
5.33	2102.72
5.331	2047.75
5.332	1988.21
5.333	1924.76
5.334	1858.11
5.335	1789.02
5.336	1718.26
5.337	1646.58
5.338	1574.74
5.339	1503.45
5.34	1433.37
5.341	1365.11
5.342	1299.2
5.343	1236.1
5.344	1176.18
5.345	1119.74
5.346	1066.99
5.347	1018.05
5.348	972.976
5.349	931.752
5.35	894.302
5.351	860.497
5.352	830.167
5.353	803.112
5.354	779.109
5.355	757.927
5.356	739.33
5.357	723.092
5.358	708.997
5.359	696.851
5.36	686.484
5.361	677.749
5.362	670.53
5.363	664.736
5.364	660.302
5.365	657.187
5.366	655.367
5.367	654.833
5.368	655.587
5.369	657.634
5.37	660.977
5.371	665.616
5.372	671.541
5.373	678.727
5.374	687.135
5.375	696.708
5.376	707.374
5.377	719.042
5.378	731.608
5.379	744.954
5.38	758.957
5.381	773.486
5.382	788.412
5.383	803.609
5.384	818.962
5.385	834.364
5.386	849.728
5.387	864.98
5.388	880.068
5.389	894.956
5.39	909.627
5.391	924.08
5.392	938.325
5.393	952.38
5.394	966.268
5.395	980.008
5.396	993.615
5.397	1007.09
5.398	1020.42
5.399	1033.56
5.4	1046.47
5.401	1059.04
5.402	1071.18
5.403	1082.74
5.404	1093.56
5.405	1103.46
5.406	1112.25
5.407	1119.7
5.408	1125.61
5.409	1129.78
5.41	1131.99
5.411	1132.07
5.412	1129.85
5.413	1125.22
5.414	1118.08
5.415	1108.38
5.416	1096.11
5.417	1081.31
5.418	1064.07
5.419	1044.5
5.42	1022.79
5.421	999.129
5.422	973.756
5.423	946.931
5.424	918.929
5.425	890.035
5.426	860.539
5.427	830.719
5.428	800.844
5.429	771.163
5.43	741.896
5.431	713.238
5.432	685.346
5.433	658.344
5.434	632.32
5.435	607.326
5.436	583.382
5.437	560.475
5.438	538.569
5.439	517.603
5.44	497.502
5.441	478.179
5.442	459.543
5.443	441.5
5.444	423.967
5.445	406.866
5.446	390.137
5.447	373.736
5.448	357.639
5.449	341.844
5.45	326.372
5.451	311.265
5.452	296.588
5.453	282.424
5.454	268.877
5.455	256.063
5.456	244.112
5.457	233.164
5.458	223.365
5.459	214.863
5.46	207.809
5.461	202.348
5.462	198.621
5.463	196.763
5.464	196.897
5.465	199.133
5.466	203.568
5.467	210.286
5.468	219.349
5.469	230.805
5.47	244.683
5.471	260.988
5.472	279.708
5.473	300.81
5.474	324.236
5.475	349.91
5.476	377.734
5.477	407.588
5.478	439.332
5.479	472.811
5.48	507.848
5.481	544.254
5.482	581.826
5.483	620.35
5.484	659.606
5.485	699.366
5.486	739.402
5.487	779.487
5.488	819.396
5.489	858.911
5.49	897.822
5.491	935.932
5.492	973.052
5.493	1009.01
5.494	1043.65
5.495	1076.83
5.496	1108.41
5.497	1138.3
5.498	1166.38
5.499	1192.58
5.5	1216.82
5.501	1239.06
5.502	1259.23
5.503	1277.3
5.504	1293.25
5.505	1307.07
5.506	1318.73
5.507	1328.25
5.508	1335.63
5.509	1340.89
5.51	1344.07
5.511	1345.21
5.512	1344.37
5.513	1341.62
5.514	1337.06
5.515	1330.78
5.516	1322.93
5.517	1313.66
5.518	1303.13
5.519	1291.54
5.52	1279.12
5.521	1266.1
5.522	1252.74
5.523	1239.3
5.524	1226.07
5.525	1213.33
5.526	1201.35
5.527	1190.41
5.528	1180.76
5.529	1172.64
5.53	1166.24
5.531	1161.73
5.532	1159.21
5.533	1158.77
5.534	1160.41
5.535	1164.12
5.536	1169.79
5.537	1177.29
5.538	1186.43
5.539	1197
5.54	1208.72
5.541	1221.31
5.542	1234.46
5.543	1247.85
5.544	1261.16
5.545	1274.07
5.546	1286.29
5.547	1297.52
5.548	1307.51
5.549	1316.03
5.55	1322.86
5.551	1327.82
5.552	1330.79
5.553	1331.62
5.554	1330.23
5.555	1326.55
5.556	1320.53
5.557	1312.14
5.558	1301.38
5.559	1288.25
5.56	1272.78
5.561	1255.02
5.562	1235.05
5.563	1212.94
5.564	1188.81
5.565	1162.81
5.566	1135.09
5.567	1105.86
5.568	1075.32
5.569	1043.72
5.57	1011.33
5.571	978.407
5.572	945.254
5.573	912.159
5.574	879.408
5.575	847.279
5.576	816.029
5.577	785.888
5.578	757.052
5.579	729.68
5.58	703.885
5.581	679.736
5.582	657.252
5.583	636.409
5.584	617.136
5.585	599.326
5.586	582.837
5.587	567.503
5.588	553.138
5.589	539.55
5.59	526.545
5.591	513.937
5.592	501.559
5.593	489.266
5.594	476.941
5.595	464.504
5.596	451.908
5.597	439.149
5.598	426.255
5.599	413.294
5.6	400.366
5.601	387.6
5.602	375.147
5.603	363.178
5.604	351.873
5.605	341.42
5.606	332.003
5.607	323.801
5.608	316.978
5.609	311.683
5.61	308.041
5.611	306.15
5.612	306.083
5.613	307.88
5.614	311.551
5.615	317.074
5.616	324.397
5.617	333.438
5.618	344.087
5.619	356.21
5.62	369.651
5.621	384.236
5.622	399.782
5.623	416.094
5.624	432.979
5.625	450.249
5.626	467.727
5.627	485.256
5.628	502.708
5.629	519.987
5.63	537.043
5.631	553.871
5.632	570.526
5.633	587.125
5.634	603.849
5.635	620.95
5.636	638.749
5.637	657.637
5.638	678.071
5.639	700.565
5.64	725.685
5.641	754.036
5.642	786.247
5.643	822.956
5.644	864.787
5.645	912.337
5.646	966.148
5.647	1026.68
5.648	1094.32
5.649	1169.3
5.65	1251.76
5.651	1341.64
5.652	1438.76
5.653	1542.75
5.654	1653.06
5.655	1768.98
5.656	1889.65
5.657	2014.03
5.658	2140.98
5.659	2269.25
5.66	2397.52
5.661	2524.43
5.662	2648.61
5.663	2768.73
5.664	2883.51
5.665	2991.78
5.666	3092.5
5.667	3184.77
5.668	3267.88
5.669	3341.28
5.67	3404.62
5.671	3457.74
5.672	3500.67
5.673	3533.57
5.674	3556.78
5.675	3570.75
5.676	3576.02
5.677	3573.21
5.678	3562.99
5.679	3546.02
5.68	3522.97
5.681	3494.5
5.682	3461.2
5.683	3423.65
5.684	3382.34
5.685	3337.74
5.686	3290.25
5.687	3240.23
5.688	3188.03
5.689	3133.96
5.69	3078.33
5.691	3021.42
5.692	2963.57
5.693	2905.09
5.694	2846.32
5.695	2787.61
5.696	2729.32
5.697	2671.82
5.698	2615.46
5.699	2560.58
5.7	2507.48
5.701	2456.41
5.702	2407.59
5.703	2361.13
5.704	2317.1
5.705	2275.46
5.706	2236.11
5.707	2198.84
5.708	2163.38
5.709	2129.37
5.71	2096.41
5.711	2064.02
5.712	2031.72
5.713	1999
5.714	1965.34
5.715	1930.27
5.716	1893.31
5.717	1854.09
5.718	1812.26
5.719	1767.57
5.72	1719.85
5.721	1669.03
5.722	1615.14
5.723	1558.3
5.724	1498.71
5.725	1436.7
5.726	1372.62
5.727	1306.94
5.728	1240.17
5.729	1172.85
5.73	1105.56
5.731	1038.9
5.732	973.465
5.733	909.833
5.734	848.56
5.735	790.167
5.736	735.126
5.737	683.855
5.738	636.711
5.739	593.987
5.74	555.908
5.741	522.632
5.742	494.251
5.743	470.793
5.744	452.226
5.745	438.463
5.746	429.369
5.747	424.766
5.748	424.437
5.749	428.141
5.75	435.608
5.751	446.557
5.752	460.691
5.753	477.71
5.754	497.313
5.755	519.198
5.756	543.071
5.757	568.644
5.758	595.637
5.759	623.78
5.76	652.811
5.761	682.478
5.762	712.536
5.763	742.75
5.764	772.889
5.765	802.731
5.766	832.059
5.767	860.661
5.768	888.337
5.769	914.889
5.77	940.134
5.771	963.901
5.772	986.032
5.773	1006.39
5.774	1024.86
5.775	1041.35
5.776	1055.79
5.777	1068.15
5.778	1078.44
5.779	1086.68
5.78	1092.95
5.781	1097.33
5.782	1099.98
5.783	1101.03
5.784	1100.69
5.785	1099.14
5.786	1096.61
5.787	1093.31
5.788	1089.46
5.789	1085.27
5.79	1080.94
5.791	1076.63
5.792	1072.5
5.793	1068.65
5.794	1065.16
5.795	1062.07
5.796	1059.37
5.797	1057.02
5.798	1054.96
5.799	1053.08
5.8	1051.25
5.801	1049.32
5.802	1047.14
5.803	1044.55
5.804	1041.39
5.805	1037.52
5.806	1032.84
5.807	1027.25
5.808	1020.69
5.809	1013.14
5.81	1004.64
5.811	995.251
5.812	985.068
5.813	974.237
5.814	962.931
5.815	951.351
5.816	939.714
5.817	928.251
5.818	917.192
5.819	906.762
5.82	897.168
5.821	888.594
5.822	881.192
5.823	875.074
5.824	870.313
5.825	866.933
5.826	864.912
5.827	864.182
5.828	864.63
5.829	866.103
5.83	868.414
5.831	871.349
5.832	874.674
5.833	878.143
5.834	881.51
5.835	884.535
5.836	886.991
5.837	888.676
5.838	889.416
5.839	889.071
5.84	887.54
5.841	884.762
5.842	880.717
5.843	875.423
5.844	868.939
5.845	861.355
5.846	852.792
5.847	843.393
5.848	833.32
5.849	822.746
5.85	811.851
5.851	800.811
5.852	789.798
5.853	778.972
5.854	768.481
5.855	758.45
5.856	748.986
5.857	740.173
5.858	732.074
5.859	724.724
5.86	718.141
5.861	712.317
5.862	707.225
5.863	702.821
5.864	699.042
5.865	695.811
5.866	693.039
5.867	690.627
5.868	688.468
5.869	686.449
5.87	684.457
5.871	682.377
5.872	680.096
5.873	677.51
5.874	674.52
5.875	671.04
5.876	666.999
5.877	662.342
5.878	657.03
5.879	651.05
5.88	644.405
5.881	637.126
5.882	629.262
5.883	620.887
5.884	612.094
5.885	602.995
5.886	593.716
5.887	584.398
5.888	575.187
5.889	566.233
5.89	557.685
5.891	549.688
5.892	542.375
5.893	535.863
5.894	530.253
5.895	525.622
5.896	522.024
5.897	519.485
5.898	518.002
5.899	517.547
5.9	518.061
5.901	519.461
5.902	521.637
5.903	524.46
5.904	527.778
5.905	531.429
5.906	535.237
5.907	539.02
5.908	542.595
5.909	545.781
5.91	548.405
5.911	550.305
5.912	551.336
5.913	551.373
5.914	550.314
5.915	548.083
5.916	544.635
5.917	539.952
5.918	534.05
5.919	526.973
5.92	518.798
5.921	509.629
5.922	499.594
5.923	488.846
5.924	477.555
5.925	465.902
5.926	454.08
5.927	442.281
5.928	430.694
5.929	419.502
5.93	408.869
5.931	398.943
5.932	389.848
5.933	381.68
5.934	374.506
5.935	368.362
5.936	363.254
5.937	359.156
5.938	356.017
5.939	353.759
5.94	352.284
5.941	351.478
5.942	351.219
5.943	351.378
5.944	351.83
5.945	352.457
5.946	353.154
5.947	353.834
5.948	354.431
5.949	354.905
5.95	355.238
5.951	355.441
5.952	355.548
5.953	355.615
5.954	355.717
5.955	355.94
5.956	356.382
5.957	357.14
5.958	358.308
5.959	359.971
5.96	362.196
5.961	365.031
5.962	368.501
5.963	372.602
5.964	377.303
5.965	382.543
5.966	388.237
5.967	394.272
5.968	400.519
5.969	406.832
5.97	413.056
5.971	419.031
5.972	424.603
5.973	429.625
5.974	433.967
5.975	437.515
5.976	440.182
5.977	441.906
5.978	442.653
5.979	442.419
5.98	441.227
5.981	439.128
5.982	436.194
5.983	432.521
5.984	428.222
5.985	423.422
5.986	418.258
5.987	412.874
5.988	407.415
5.989	402.029
5.99	396.863
5.991	392.062
5.992	387.766
5.993	384.113
5.994	381.235
5.995	379.261
5.996	378.315
5.997	378.516
5.998	379.978
5.999	382.807
6	387.1
6.001	392.946
6.002	400.419
6.003	409.577
6.004	420.462
6.005	433.093
6.006	447.465
6.007	463.548
6.008	481.287
6.009	500.597
6.01	521.369
6.011	543.47
6.012	566.743
6.013	591.016
6.014	616.104
6.015	641.818
6.016	667.965
6.017	694.363
6.018	720.839
6.019	747.245
6.02	773.453
6.021	799.368
6.022	824.926
6.023	850.099
6.024	874.893
6.025	899.349
6.026	923.536
6.027	947.553
6.028	971.517
6.029	995.559
6.03	1019.82
6.031	1044.44
6.032	1069.54
6.033	1095.23
6.034	1121.61
6.035	1148.74
6.036	1176.64
6.037	1205.29
6.038	1234.65
6.039	1264.61
6.04	1295.05
6.041	1325.79
6.042	1356.62
6.043	1387.29
6.044	1417.54
6.045	1447.08
6.046	1475.61
6.047	1502.79
6.048	1528.32
6.049	1551.88
6.05	1573.15
6.051	1591.85
6.052	1607.7
6.053	1620.45
6.054	1629.88
6.055	1635.81
6.056	1638.09
6.057	1636.64
6.058	1631.39
6.059	1622.35
6.06	1609.59
6.061	1593.23
6.062	1573.44
6.063	1550.46
6.064	1524.6
6.065	1496.2
6.066	1465.68
6.067	1433.49
6.068	1400.14
6.069	1366.15
6.07	1332.07
6.071	1298.46
6.072	1265.89
6.073	1234.89
6.074	1205.99
6.075	1179.67
6.076	1156.34
6.077	1136.38
6.078	1120.08
6.079	1107.63
6.08	1099.17
6.081	1094.72
6.082	1094.22
6.083	1097.52
6.084	1104.37
6.085	1114.45
6.086	1127.37
6.087	1142.66
6.088	1159.79
6.089	1178.23
6.09	1197.37
6.091	1216.63
6.092	1235.42
6.093	1253.15
6.094	1269.29
6.095	1283.34
6.096	1294.85
6.097	1303.44
6.098	1308.82
6.099	1310.77
6.1	1309.16
6.101	1303.93
6.102	1295.16
6.103	1282.96
6.104	1267.56
6.105	1249.26
6.106	1228.45
6.107	1205.55
6.108	1181.06
6.109	1155.51
6.11	1129.47
6.111	1103.52
6.112	1078.24
6.113	1054.21
6.114	1032
6.115	1012.11
6.116	995.036
6.117	981.188
6.118	970.926
6.119	964.535
6.12	962.222
6.121	964.114
6.122	970.251
6.123	980.594
6.124	995.02
6.125	1013.33
6.126	1035.26
6.127	1060.48
6.128	1088.6
6.129	1119.19
6.13	1151.82
6.131	1185.99
6.132	1221.24
6.133	1257.09
6.134	1293.08
6.135	1328.79
6.136	1363.82
6.137	1397.84
6.138	1430.54
6.139	1461.67
6.14	1491.05
6.141	1518.53
6.142	1544.02
6.143	1567.47
6.144	1588.87
6.145	1608.23
6.146	1625.59
6.147	1641
6.148	1654.53
6.149	1666.21
6.15	1676.08
6.151	1684.19
6.152	1690.53
6.153	1695.09
6.154	1697.84
6.155	1698.74
6.156	1697.71
6.157	1694.68
6.158	1689.58
6.159	1682.34
6.16	1672.9
6.161	1661.22
6.162	1647.29
6.163	1631.13
6.164	1612.8
6.165	1592.41
6.166	1570.1
6.167	1546.06
6.168	1520.54
6.169	1493.8
6.17	1466.17
6.171	1437.96
6.172	1409.55
6.173	1381.3
6.174	1353.57
6.175	1326.71
6.176	1301.07
6.177	1276.94
6.178	1254.58
6.179	1234.19
6.18	1215.94
6.181	1199.91
6.182	1186.14
6.183	1174.59
6.184	1165.16
6.185	1157.69
6.186	1151.97
6.187	1147.75
6.188	1144.72
6.189	1142.57
6.19	1140.96
6.191	1139.55
6.192	1138
6.193	1136
6.194	1133.25
6.195	1129.51
6.196	1124.57
6.197	1118.26
6.198	1110.47
6.199	1101.15
6.2	1090.28
6.201	1077.9
6.202	1064.09
6.203	1048.97
6.204	1032.68
6.205	1015.38
6.206	997.264
6.207	978.519
6.208	959.337
6.209	939.908
6.21	920.414
6.211	901.026
6.212	881.906
6.213	863.201
6.214	845.049
6.215	827.574
6.216	810.894
6.217	795.117
6.218	780.348
6.219	766.684
6.22	754.219
6.221	743.044
6.222	733.243
6.223	724.895
6.224	718.067
6.225	712.816
6.226	709.184
6.227	707.194
6.228	706.845
6.229	708.115
6.23	710.95
6.231	715.271
6.232	720.968
6.233	727.901
6.234	735.901
6.235	744.776
6.236	754.309
6.237	764.264
6.238	774.394
6.239	784.441
6.24	794.145
6.241	803.252
6.242	811.513
6.243	818.698
6.244	824.595
6.245	829.016
6.246	831.803
6.247	832.829
6.248	832.001
6.249	829.26
6.25	824.583
6.251	817.981
6.252	809.499
6.253	799.209
6.254	787.215
6.255	773.64
6.256	758.63
6.257	742.346
6.258	724.96
6.259	706.651
6.26	687.602
6.261	667.992
6.262	648.002
6.263	627.802
6.264	607.555
6.265	587.414
6.266	567.523
6.267	548.014
6.268	529.008
6.269	510.617
6.27	492.947
6.271	476.095
6.272	460.155
6.273	445.218
6.274	431.376
6.275	418.718
6.276	407.34
6.277	397.339
6.278	388.814
6.279	381.871
6.28	376.616
6.281	373.157
6.282	371.601
6.283	372.049
6.284	374.596
6.285	379.324
6.286	386.3
6.287	395.568
6.288	407.146
6.289	421.023
6.29	437.15
6.291	455.444
6.292	475.775
6.293	497.974
6.294	521.828
6.295	547.078
6.296	573.429
6.297	600.549
6.298	628.074
6.299	655.619
6.3	682.783
6.301	709.159
6.302	734.347
6.303	757.961
6.304	779.641
6.305	799.062
6.306	815.945
6.307	830.066
6.308	841.259
6.309	849.423
6.31	854.527
6.311	856.608
6.312	855.769
6.313	852.182
6.314	846.077
6.315	837.74
6.316	827.503
6.317	815.737
6.318	802.844
6.319	789.249
6.32	775.386
6.321	761.697
6.322	748.619
6.323	736.58
6.324	725.99
6.325	717.24
6.326	710.693
6.327	706.684
6.328	705.516
6.329	707.458
6.33	712.742
6.331	721.562
6.332	734.072
6.333	750.386
6.334	770.574
6.335	794.662
6.336	822.628
6.337	854.403
6.338	889.865
6.339	928.842
6.34	971.105
6.341	1016.37
6.342	1064.31
6.343	1114.52
6.344	1166.57
6.345	1219.95
6.346	1274.15
6.347	1328.57
6.348	1382.63
6.349	1435.7
6.35	1487.15
6.351	1536.37
6.352	1582.75
6.353	1625.72
6.354	1664.76
6.355	1699.41
6.356	1729.28
6.357	1754.06
6.358	1773.55
6.359	1787.64
6.36	1796.32
6.361	1799.67
6.362	1797.91
6.363	1791.31
6.364	1780.25
6.365	1765.17
6.366	1746.6
6.367	1725.06
6.368	1701.13
6.369	1675.41
6.37	1648.45
6.371	1620.8
6.372	1592.97
6.373	1565.42
6.374	1538.52
6.375	1512.59
6.376	1487.86
6.377	1464.49
6.378	1442.54
6.379	1422.02
6.38	1402.84
6.381	1384.86
6.382	1367.88
6.383	1351.66
6.384	1335.93
6.385	1320.38
6.386	1304.73
6.387	1288.66
6.388	1271.91
6.389	1254.21
6.39	1235.35
6.391	1215.16
6.392	1193.51
6.393	1170.33
6.394	1145.6
6.395	1119.36
6.396	1091.7
6.397	1062.76
6.398	1032.72
6.399	1001.78
6.4	970.202
6.401	938.23
6.402	906.131
6.403	874.171
6.404	842.605
6.405	811.67
6.406	781.581
6.407	752.521
6.408	724.643
6.409	698.06
6.41	672.853
6.411	649.064
6.412	626.703
6.413	605.747
6.414	586.148
6.415	567.835
6.416	550.717
6.417	534.692
6.418	519.65
6.419	505.476
6.42	492.056
6.421	479.278
6.422	467.04
6.423	455.246
6.424	443.81
6.425	432.662
6.426	421.74
6.427	410.999
6.428	400.405
6.429	389.94
6.43	379.598
6.431	369.389
6.432	359.335
6.433	349.471
6.434	339.847
6.435	330.524
6.436	321.577
6.437	313.088
6.438	305.151
6.439	297.868
6.44	291.345
6.441	285.69
6.442	281.014
6.443	277.423
6.444	275.017
6.445	273.886
6.446	274.108
6.447	275.745
6.448	278.84
6.449	283.415
6.45	289.47
6.451	296.981
6.452	305.899
6.453	316.154
6.454	327.649
6.455	340.269
6.456	353.877
6.457	368.324
6.458	383.443
6.459	399.062
6.46	415.001
6.461	431.078
6.462	447.115
6.463	462.938
6.464	478.385
6.465	493.302
6.466	507.556
6.467	521.027
6.468	533.618
6.469	545.251
6.47	555.871
6.471	565.446
6.472	573.964
6.473	581.439
6.474	587.904
6.475	593.412
6.476	598.036
6.477	601.866
6.478	605.008
6.479	607.58
6.48	609.713
6.481	611.549
6.482	613.235
6.483	614.922
6.484	616.767
6.485	618.924
6.486	621.546
6.487	624.777
6.488	628.754
6.489	633.604
6.49	639.433
6.491	646.332
6.492	654.367
6.493	663.579
6.494	673.979
6.495	685.549
6.496	698.235
6.497	711.951
6.498	726.573
6.499	741.949
6.5	757.891
6.501	774.185
6.502	790.594
6.503	806.864
6.504	822.726
6.505	837.911
6.506	852.151
6.507	865.19
6.508	876.791
6.509	886.74
6.51	894.86
6.511	901.007
6.512	905.08
6.513	907.022
6.514	906.818
6.515	904.501
6.516	900.144
6.517	893.859
6.518	885.793
6.519	876.121
6.52	865.043
6.521	852.773
6.522	839.539
6.523	825.571
6.524	811.098
6.525	796.341
6.526	781.512
6.527	766.806
6.528	752.401
6.529	738.454
6.53	725.102
6.531	712.458
6.532	700.617
6.533	689.65
6.534	679.607
6.535	670.521
6.536	662.406
6.537	655.261
6.538	649.069
6.539	643.798
6.54	639.407
6.541	635.842
6.542	633.039
6.543	630.926
6.544	629.423
6.545	628.443
6.546	627.894
6.547	627.679
6.548	627.698
6.549	627.849
6.55	628.028
6.551	628.134
6.552	628.066
6.553	627.727
6.554	627.026
6.555	625.876
6.556	624.201
6.557	621.933
6.558	619.012
6.559	615.394
6.56	611.044
6.561	605.942
6.562	600.082
6.563	593.473
6.564	586.137
6.565	578.115
6.566	569.46
6.567	560.243
6.568	550.549
6.569	540.479
6.57	530.145
6.571	519.676
6.572	509.212
6.573	498.903
6.574	488.909
6.575	479.396
6.576	470.536
6.577	462.501
6.578	455.464
6.579	449.592
6.58	445.044
6.581	441.967
6.582	440.491
6.583	440.726
6.584	442.758
6.585	446.644
6.586	452.411
6.587	460.049
6.588	469.514
6.589	480.721
6.59	493.55
6.591	507.839
6.592	523.394
6.593	539.985
6.594	557.355
6.595	575.221
6.596	593.285
6.597	611.237
6.598	628.767
6.599	645.568
6.6	661.351
6.601	675.847
6.602	688.822
6.603	700.077
6.604	709.462
6.605	716.874
6.606	722.266
6.607	725.647
6.608	727.085
6.609	726.7
6.61	724.668
6.611	721.212
6.612	716.596
6.613	711.117
6.614	705.099
6.615	698.881
6.616	692.804
6.617	687.206
6.618	682.407
6.619	678.702
6.62	676.348
6.621	675.558
6.622	676.497
6.623	679.269
6.624	683.921
6.625	690.438
6.626	698.745
6.627	708.707
6.628	720.136
6.629	732.798
6.63	746.416
6.631	760.686
6.632	775.284
6.633	789.877
6.634	804.135
6.635	817.741
6.636	830.404
6.637	841.866
6.638	851.911
6.639	860.374
6.64	867.14
6.641	872.153
6.642	875.409
6.643	876.961
6.644	876.912
6.645	875.407
6.646	872.628
6.647	868.786
6.648	864.11
6.649	858.837
6.65	853.203
6.651	847.432
6.652	841.731
6.653	836.278
6.654	831.22
6.655	826.667
6.656	822.69
6.657	819.323
6.658	816.558
6.659	814.354
6.66	812.641
6.661	811.319
6.662	810.271
6.663	809.369
6.664	808.476
6.665	807.456
6.666	806.181
6.667	804.536
6.668	802.42
6.669	799.754
6.67	796.481
6.671	792.569
6.672	788.01
6.673	782.817
6.674	777.026
6.675	770.692
6.676	763.884
6.677	756.682
6.678	749.177
6.679	741.461
6.68	733.626
6.681	725.761
6.682	717.947
6.683	710.258
6.684	702.753
6.685	695.479
6.686	688.47
6.687	681.746
6.688	675.314
6.689	669.17
6.69	663.303
6.691	657.694
6.692	652.323
6.693	647.169
6.694	642.217
6.695	637.46
6.696	632.899
6.697	628.55
6.698	624.443
6.699	620.621
6.7	617.143
6.701	614.082
6.702	611.518
6.703	609.54
6.704	608.239
6.705	607.7
6.706	608.002
6.707	609.209
6.708	611.363
6.709	614.484
6.71	618.559
6.711	623.546
6.712	629.369
6.713	635.917
6.714	643.049
6.715	650.596
6.716	658.365
6.717	666.147
6.718	673.724
6.719	680.878
6.72	687.398
6.721	693.091
6.722	697.788
6.723	701.354
6.724	703.691
6.725	704.746
6.726	704.51
6.727	703.022
6.728	700.366
6.729	696.669
6.73	692.096
6.731	686.842
6.732	681.126
6.733	675.184
6.734	669.257
6.735	663.584
6.736	658.392
6.737	653.891
6.738	650.263
6.739	647.66
6.74	646.196
6.741	645.949
6.742	646.953
6.743	649.205
6.744	652.661
6.745	657.244
6.746	662.844
6.747	669.321
6.748	676.518
6.749	684.258
6.75	692.354
6.751	700.614
6.752	708.846
6.753	716.863
6.754	724.488
6.755	731.556
6.756	737.919
6.757	743.445
6.758	748.023
6.759	751.56
6.76	753.986
6.761	755.247
6.762	755.309
6.763	754.154
6.764	751.78
6.765	748.197
6.766	743.426
6.767	737.499
6.768	730.453
6.769	722.336
6.77	713.195
6.771	703.087
6.772	692.07
6.773	680.207
6.774	667.564
6.775	654.213
6.776	640.231
6.777	625.7
6.778	610.71
6.779	595.358
6.78	579.747
6.781	563.989
6.782	548.205
6.783	532.521
6.784	517.071
6.785	501.992
6.786	487.428
6.787	473.523
6.788	460.421
6.789	448.268
6.79	437.205
6.791	427.368
6.792	418.889
6.793	411.895
6.794	406.505
6.795	402.834
6.796	400.989
6.797	401.074
6.798	403.19
6.799	407.437
6.8	413.915
6.801	422.726
6.802	433.973
6.803	447.766
6.804	464.218
6.805	483.444
6.806	505.564
6.807	530.695
6.808	558.954
6.809	590.446
6.81	625.266
6.811	663.487
6.812	705.158
6.813	750.295
6.814	798.871
6.815	850.816
6.816	906.004
6.817	964.249
6.818	1025.3
6.819	1088.86
6.82	1154.52
6.821	1221.86
6.822	1290.35
6.823	1359.44
6.824	1428.49
6.825	1496.86
6.826	1563.86
6.827	1628.78
6.828	1690.91
6.829	1749.56
6.83	1804.06
6.831	1853.8
6.832	1898.21
6.833	1936.8
6.834	1969.17
6.835	1995
6.836	2014.09
6.837	2026.32
6.838	2031.72
6.839	2030.39
6.84	2022.56
6.841	2008.53
6.842	1988.72
6.843	1963.59
6.844	1933.7
6.845	1899.63
6.846	1862
6.847	1821.46
6.848	1778.64
6.849	1734.17
6.85	1688.66
6.851	1642.68
6.852	1596.74
6.853	1551.33
6.854	1506.85
6.855	1463.66
6.856	1422.06
6.857	1382.29
6.858	1344.53
6.859	1308.92
6.86	1275.54
6.861	1244.43
6.862	1215.61
6.863	1189.06
6.864	1164.73
6.865	1142.56
6.866	1122.46
6.867	1104.33
6.868	1088.07
6.869	1073.57
6.87	1060.69
6.871	1049.31
6.872	1039.29
6.873	1030.5
6.874	1022.79
6.875	1016.02
6.876	1010.06
6.877	1004.75
6.878	999.966
6.879	995.566
6.88	991.424
6.881	987.42
6.882	983.44
6.883	979.385
6.884	975.163
6.885	970.7
6.886	965.931
6.887	960.809
6.888	955.301
6.889	949.387
6.89	943.066
6.891	936.35
6.892	929.265
6.893	921.851
6.894	914.163
6.895	906.265
6.896	898.233
6.897	890.149
6.898	882.103
6.899	874.187
6.9	866.495
6.901	859.117
6.902	852.141
6.903	845.643
6.904	839.689
6.905	834.331
6.906	829.603
6.907	825.523
6.908	822.085
6.909	819.267
6.91	817.024
6.911	815.294
6.912	813.997
6.913	813.043
6.914	812.331
6.915	811.758
6.916	811.22
6.917	810.623
6.918	809.886
6.919	808.946
6.92	807.763
6.921	806.328
6.922	804.66
6.923	802.813
6.924	800.873
6.925	798.957
6.926	797.212
6.927	795.805
6.928	794.923
6.929	794.759
6.93	795.508
6.931	797.353
6.932	800.459
6.933	804.962
6.934	810.958
6.935	818.5
6.936	827.587
6.937	838.164
6.938	850.117
6.939	863.277
6.94	877.42
6.941	892.277
6.942	907.536
6.943	922.858
6.944	937.886
6.945	952.257
6.946	965.617
6.947	977.633
6.948	988.003
6.949	996.47
6.95	1002.83
6.951	1006.94
6.952	1008.71
6.953	1008.13
6.954	1005.25
6.955	1000.16
6.956	993.02
6.957	984.03
6.958	973.421
6.959	961.445
6.96	948.367
6.961	934.447
6.962	919.936
6.963	905.064
6.964	890.03
6.965	875
6.966	860.102
6.967	845.422
6.968	831.009
6.969	816.873
6.97	802.994
6.971	789.323
6.972	775.792
6.973	762.319
6.974	748.815
6.975	735.192
6.976	721.371
6.977	707.28
6.978	692.869
6.979	678.103
6.98	662.97
6.981	647.481
6.982	631.665
6.983	615.574
6.984	599.275
6.985	582.852
6.986	566.398
6.987	550.016
6.988	533.815
6.989	517.904
6.99	502.395
6.991	487.398
6.992	473.017
6.993	459.356
6.994	446.513
6.995	434.584
6.996	423.66
6.997	413.832
6.998	405.189
6.999	397.822
7	391.824
7.001	387.287
7.002	384.31
7.003	382.992
7.004	383.438
7.005	385.752
7.006	390.039
7.007	396.403
7.008	404.943
7.009	415.75
7.01	428.906
7.011	444.475
7.012	462.504
7.013	483.017
7.014	506.011
7.015	531.452
7.016	559.271
7.017	589.366
7.018	621.592
7.019	655.768
7.02	691.672
7.021	729.043
7.022	767.586
7.023	806.97
7.024	846.837
7.025	886.805
7.026	926.474
7.027	965.436
7.028	1003.28
7.029	1039.58
7.03	1073.96
7.031	1106.03
7.032	1135.44
7.033	1161.87
7.034	1185.03
7.035	1204.68
7.036	1220.63
7.037	1232.73
7.038	1240.89
7.039	1245.05
7.04	1245.23
7.041	1241.47
7.042	1233.88
7.043	1222.6
7.044	1207.82
7.045	1189.74
7.046	1168.64
7.047	1144.79
7.048	1118.49
7.049	1090.07
7.05	1059.86
7.051	1028.2
7.052	995.439
7.053	961.923
7.054	927.989
7.055	893.962
7.056	860.155
7.057	826.859
7.058	794.346
7.059	762.859
7.06	732.615
7.061	703.802
7.062	676.574
7.063	651.057
7.064	627.341
7.065	605.487
7.066	585.525
7.067	567.457
7.068	551.256
7.069	536.871
7.07	524.231
7.071	513.242
7.072	503.796
7.073	495.772
7.074	489.038
7.075	483.455
7.076	478.879
7.077	475.166
7.078	472.172
7.079	469.758
7.08	467.791
7.081	466.148
7.082	464.716
7.083	463.397
7.084	462.11
7.085	460.791
7.086	459.399
7.087	457.914
7.088	456.342
7.089	454.717
7.09	453.099
7.091	451.58
7.092	450.281
7.093	449.354
7.094	448.98
7.095	449.369
7.096	450.757
7.097	453.402
7.098	457.582
7.099	463.585
7.1	471.708
7.101	482.243
7.102	495.476
7.103	511.669
7.104	531.058
7.105	553.839
7.106	580.155
7.107	610.095
7.108	643.676
7.109	680.841
7.11	721.451
7.111	765.283
7.112	812.026
7.113	861.282
7.114	912.576
7.115	965.354
7.116	1019
7.117	1072.85
7.118	1126.19
7.119	1178.32
7.12	1228.5
7.121	1276.04
7.122	1320.29
7.123	1360.66
7.124	1396.63
7.125	1427.8
7.126	1453.88
7.127	1474.69
7.128	1490.2
7.129	1500.51
7.13	1505.87
7.131	1506.64
7.132	1503.31
7.133	1496.46
7.134	1486.79
7.135	1475.04
7.136	1462
7.137	1448.47
7.138	1435.27
7.139	1423.17
7.14	1412.87
7.141	1405.02
7.142	1400.16
7.143	1398.71
7.144	1400.96
7.145	1407.09
7.146	1417.11
7.147	1430.92
7.148	1448.25
7.149	1468.74
7.15	1491.88
7.151	1517.09
7.152	1543.69
7.153	1570.93
7.154	1598.04
7.155	1624.2
7.156	1648.62
7.157	1670.51
7.158	1689.12
7.159	1703.79
7.16	1713.92
7.161	1718.99
7.162	1718.6
7.163	1712.48
7.164	1700.46
7.165	1682.49
7.166	1658.67
7.167	1629.22
7.168	1594.44
7.169	1554.79
7.17	1510.81
7.171	1463.1
7.172	1412.36
7.173	1359.35
7.174	1304.86
7.175	1249.69
7.176	1194.68
7.177	1140.63
7.178	1088.34
7.179	1038.56
7.18	991.995
7.181	949.284
7.182	911.005
7.183	877.657
7.184	849.654
7.185	827.329
7.186	810.921
7.187	800.583
7.188	796.379
7.189	798.283
7.19	806.182
7.191	819.88
7.192	839.101
7.193	863.491
7.194	892.625
7.195	926.011
7.196	963.094
7.197	1003.27
7.198	1045.88
7.199	1090.23
7.2	1135.6
7.201	1181.26
7.202	1226.46
7.203	1270.45
7.204	1312.53
7.205	1352
7.206	1388.22
7.207	1420.61
7.208	1448.64
7.209	1471.89
7.21	1490.01
7.211	1502.74
7.212	1509.93
7.213	1511.54
7.214	1507.61
7.215	1498.3
7.216	1483.85
7.217	1464.58
7.218	1440.92
7.219	1413.32
7.22	1382.31
7.221	1348.45
7.222	1312.35
7.223	1274.59
7.224	1235.8
7.225	1196.56
7.226	1157.46
7.227	1119.04
7.228	1081.82
7.229	1046.26
7.23	1012.8
7.231	981.781
7.232	953.533
7.233	928.308
7.234	906.303
7.235	887.659
7.236	872.456
7.237	860.72
7.238	852.417
7.239	847.462
7.24	845.717
7.241	846.996
7.242	851.067
7.243	857.659
7.244	866.465
7.245	877.151
7.246	889.36
7.247	902.723
7.248	916.866
7.249	931.417
7.25	946.022
7.251	960.345
7.252	974.083
7.253	986.972
7.254	998.792
7.255	1009.38
7.256	1018.61
7.257	1026.44
7.258	1032.85
7.259	1037.91
7.26	1041.7
7.261	1044.38
7.262	1046.11
7.263	1047.1
7.264	1047.56
7.265	1047.7
7.266	1047.75
7.267	1047.87
7.268	1048.25
7.269	1049.02
7.27	1050.25
7.271	1051.98
7.272	1054.23
7.273	1056.92
7.274	1059.97
7.275	1063.23
7.276	1066.54
7.277	1069.71
7.278	1072.51
7.279	1074.73
7.28	1076.17
7.281	1076.63
7.282	1075.93
7.283	1073.94
7.284	1070.56
7.285	1065.72
7.286	1059.41
7.287	1051.67
7.288	1042.57
7.289	1032.24
7.29	1020.82
7.291	1008.49
7.292	995.461
7.293	981.943
7.294	968.153
7.295	954.302
7.296	940.588
7.297	927.19
7.298	914.258
7.299	901.915
7.3	890.248
7.301	879.312
7.302	869.127
7.303	859.683
7.304	850.942
7.305	842.844
7.306	835.31
7.307	828.254
7.308	821.584
7.309	815.209
7.31	809.051
7.311	803.041
7.312	797.134
7.313	791.306
7.314	785.556
7.315	779.914
7.316	774.432
7.317	769.191
7.318	764.292
7.319	759.858
7.32	756.025
7.321	752.941
7.322	750.759
7.323	749.633
7.324	749.709
7.325	751.128
7.326	754.012
7.327	758.468
7.328	764.582
7.329	772.417
7.33	782.013
7.331	793.387
7.332	806.531
7.333	821.42
7.334	838.004
7.335	856.221
7.336	875.991
7.337	897.225
7.338	919.823
7.339	943.675
7.34	968.667
7.341	994.677
7.342	1021.58
7.343	1049.24
7.344	1077.51
7.345	1106.25
7.346	1135.28
7.347	1164.43
7.348	1193.5
7.349	1222.28
7.35	1250.54
7.351	1278.01
7.352	1304.44
7.353	1329.53
7.354	1352.99
7.355	1374.5
7.356	1393.77
7.357	1410.49
7.358	1424.36
7.359	1435.13
7.36	1442.55
7.361	1446.43
7.362	1446.6
7.363	1442.98
7.364	1435.51
7.365	1424.23
7.366	1409.22
7.367	1390.63
7.368	1368.69
7.369	1343.65
7.37	1315.86
7.371	1285.7
7.372	1253.57
7.373	1219.92
7.374	1185.21
7.375	1149.9
7.376	1114.44
7.377	1079.28
7.378	1044.83
7.379	1011.45
7.38	979.489
7.381	949.21
7.382	920.841
7.383	894.546
7.384	870.433
7.385	848.548
7.386	828.884
7.387	811.38
7.388	795.929
7.389	782.383
7.39	770.558
7.391	760.244
7.392	751.209
7.393	743.208
7.394	735.99
7.395	729.304
7.396	722.907
7.397	716.566
7.398	710.068
7.399	703.22
7.4	695.856
7.401	687.837
7.402	679.057
7.403	669.443
7.404	658.953
7.405	647.585
7.406	635.365
7.407	622.356
7.408	608.654
7.409	594.381
7.41	579.689
7.411	564.753
7.412	549.767
7.413	534.941
7.414	520.497
7.415	506.66
7.416	493.657
7.417	481.711
7.418	471.033
7.419	461.819
7.42	454.245
7.421	448.463
7.422	444.597
7.423	442.739
7.424	442.949
7.425	445.253
7.426	449.642
7.427	456.073
7.428	464.469
7.429	474.726
7.43	486.712
7.431	500.27
7.432	515.226
7.433	531.391
7.434	548.568
7.435	566.555
7.436	585.15
7.437	604.157
7.438	623.39
7.439	642.678
7.44	661.864
7.441	680.813
7.442	699.409
7.443	717.561
7.444	735.199
7.445	752.275
7.446	768.762
7.447	784.653
7.448	799.954
7.449	814.689
7.45	828.89
7.451	842.594
7.452	855.844
7.453	868.682
7.454	881.149
7.455	893.277
7.456	905.094
7.457	916.618
7.458	927.856
7.459	938.809
7.46	949.466
7.461	959.81
7.462	969.817
7.463	979.459
7.464	988.709
7.465	997.537
7.466	1005.92
7.467	1013.84
7.468	1021.27
7.469	1028.22
7.47	1034.69
7.471	1040.68
7.472	1046.21
7.473	1051.3
7.474	1055.97
7.475	1060.24
7.476	1064.12
7.477	1067.63
7.478	1070.76
7.479	1073.5
7.48	1075.81
7.481	1077.66
7.482	1078.97
7.483	1079.68
7.484	1079.69
7.485	1078.9
7.486	1077.2
7.487	1074.49
7.488	1070.65
7.489	1065.6
7.49	1059.24
7.491	1051.54
7.492	1042.45
7.493	1031.98
7.494	1020.17
7.495	1007.12
7.496	992.942
7.497	977.816
7.498	961.958
7.499	945.629
