0.5	0
0.501	0
0.502	0
0.503	0
0.504	0
0.505	0
0.506	0
0.507	0
0.508	0
0.509	0
0.51	0
0.511	0
0.512	0
0.513	0
0.514	0
0.515	0
0.516	0
0.517	0
0.518	0
0.519	0
0.52	0
0.521	0
0.522	0
0.523	0
0.524	0
0.525	0
0.526	0
0.527	0
0.528	0
0.529	0
0.53	0
0.531	0
0.532	0
0.533	0
0.534	0
0.535	0
0.536	0
0.537	0
0.538	0
0.539	0
0.54	0
0.541	0
0.542	0
0.543	0
0.544	0
0.545	0
0.546	2.46341e-320
0.547	4.21877e-317
0.548	6.99656e-314
0.549	1.11742e-310
0.55	1.71862e-307
0.551	2.54553e-304
0.552	3.63085e-301
0.553	4.98738e-298
0.554	6.59734e-295
0.555	8.40425e-292
0.556	1.03101e-288
0.557	1.21803e-285
0.558	1.38576e-282
0.559	1.51827e-279
0.56	1.60193e-276
0.561	1.6277e-273
0.562	1.5927e-270
0.563	1.50082e-267
0.564	1.36194e-264
0.565	1.1902e-261
0.566	1.00164e-258
0.567	8.11782e-256
0.568	6.33578e-253
0.569	4.76204e-250
0.57	3.44683e-247
0.571	2.40259e-244
0.572	1.61277e-241
0.573	1.04255e-238
0.574	6.49018e-236
0.575	3.89089e-233
0.576	2.24633e-230
0.577	1.24891e-227
0.578	6.68688e-225
0.579	3.44785e-222
0.58	1.71201e-219
0.581	8.18646e-217
0.582	3.76981e-214
0.583	1.67177e-211
0.584	7.13948e-209
0.585	2.93623e-206
0.586	1.16291e-203
0.587	4.43543e-201
0.588	1.62914e-198
0.589	5.76253e-196
0.59	1.96292e-193
0.591	6.43908e-191
0.592	2.03413e-188
0.593	6.18823e-186
0.594	1.81296e-183
0.595	5.11495e-181
0.596	1.38973e-178
0.597	3.63621e-176
0.598	9.16226e-174
0.599	2.22326e-171
0.6	5.19528e-169
0.601	1.16913e-166
0.602	2.53366e-164
0.603	5.2877e-162
0.604	1.06272e-159
0.605	2.05686e-157
0.606	3.83374e-155
0.607	6.88135e-153
0.608	1.18948e-150
0.609	1.98005e-148
0.61	3.17415e-146
0.611	4.90017e-144
0.612	7.28497e-142
0.613	1.04298e-139
0.614	1.43801e-137
0.615	1.90931e-135
0.616	2.44133e-133
0.617	3.00614e-131
0.618	3.56472e-129
0.619	4.07074e-127
0.62	4.47667e-125
0.621	4.74101e-123
0.622	4.83525e-121
0.623	4.74897e-119
0.624	4.49173e-117
0.625	4.0913e-115
0.626	3.58874e-113
0.627	3.03149e-111
0.628	2.46605e-109
0.629	1.93189e-107
0.63	1.45745e-105
0.631	1.05887e-103
0.632	7.40832e-102
0.633	4.99151e-100
0.634	3.23875e-98
0.635	2.02375e-96
0.636	1.21778e-94
0.637	7.05687e-93
0.638	3.93813e-91
0.639	2.11642e-89
0.64	1.09533e-87
0.641	5.45911e-86
0.642	2.62019e-84
0.643	1.21109e-82
0.644	5.39078e-81
0.645	2.3108e-79
0.646	9.53903e-78
0.647	3.7921e-76
0.648	1.45174e-74
0.649	5.35218e-73
0.65	1.90023e-71
0.651	6.49701e-70
0.652	2.13922e-68
0.653	6.78312e-67
0.654	2.07127e-65
0.655	6.09085e-64
0.656	1.72485e-62
0.657	4.7039e-61
0.658	1.23537e-59
0.659	3.12443e-58
0.66	7.60987e-57
0.661	1.78491e-55
0.662	4.03171e-54
0.663	8.76989e-53
0.664	1.8371e-51
0.665	3.70599e-50
0.666	7.19961e-49
0.667	1.34694e-47
0.668	2.42671e-46
0.669	4.21039e-45
0.67	7.03492e-44
0.671	1.13196e-42
0.672	1.75401e-41
0.673	2.6174e-40
0.674	3.76131e-39
0.675	5.20525e-38
0.676	6.9371e-37
0.677	8.90321e-36
0.678	1.1004e-34
0.679	1.30974e-33
0.68	1.50125e-32
0.681	1.65712e-31
0.682	1.76152e-30
0.683	1.80325e-29
0.684	1.77769e-28
0.685	1.68768e-27
0.686	1.54297e-26
0.687	1.35849e-25
0.688	1.15184e-24
0.689	9.40495e-24
0.69	7.3953e-23
0.691	5.6e-22
0.692	4.0837e-21
0.693	2.86782e-20
0.694	1.93948e-19
0.695	1.26313e-18
0.696	7.92223e-18
0.697	4.78496e-17
0.698	2.78319e-16
0.699	1.55898e-15
0.7	8.4095e-15
0.701	4.36852e-14
0.702	2.1854e-13
0.703	1.05283e-12
0.704	4.88453e-12
0.705	2.18232e-11
0.706	9.38962e-11
0.707	3.89054e-10
0.708	1.55241e-09
0.709	5.96532e-09
0.71	2.20747e-08
0.711	7.86665e-08
0.712	2.69971e-07
0.713	8.92234e-07
0.714	2.8397e-06
0.715	8.70361e-06
0.716	2.56897e-05
0.717	7.30219e-05
0.718	0.000199885
0.719	0.000526913
0.72	0.00133762
0.721	0.00327007
0.722	0.00769867
0.723	0.0174545
0.724	0.0381094
0.725	0.0801292
0.726	0.162249
0.727	0.316378
0.728	0.594106
0.729	1.07437
0.73	1.87102
0.731	3.13787
0.732	5.06786
0.733	7.8822
0.734	11.806
0.735	17.0291
0.736	23.6546
0.737	31.6425
0.738	40.7623
0.739	50.5685
0.74	60.4136
0.741	69.5061
0.742	77.0094
0.743	82.1671
0.744	84.4277
0.745	83.5421
0.746	79.6083
0.747	73.0542
0.748	64.5601
0.749	54.9436
0.75	45.0301
0.751	35.5404
0.752	27.0131
0.753	19.7724
0.754	13.9373
0.755	9.46081
0.756	6.18462
0.757	3.89341
0.758	2.36038
0.759	1.37805
0.76	0.774786
0.761	0.4195
0.762	0.218733
0.763	0.109832
0.764	0.0531105
0.765	0.0247322
0.766	0.0110912
0.767	0.0047899
0.768	0.00199209
0.769	0.000797853
0.77	0.000307731
0.771	0.000114302
0.772	4.08852e-05
0.773	1.40836e-05
0.774	4.6719e-06
0.775	1.49248e-06
0.776	4.59149e-07
0.777	1.3603e-07
0.778	3.88102e-08
0.779	1.06633e-08
0.78	2.82144e-09
0.781	7.18925e-10
0.782	1.76412e-10
0.783	4.16876e-11
0.784	9.48677e-12
0.785	2.07904e-12
0.786	4.38774e-13
0.787	8.91767e-14
0.788	1.7454e-14
0.789	3.28982e-15
0.79	5.97148e-16
0.791	1.04382e-16
0.792	1.75712e-17
0.793	2.84847e-18
0.794	4.44686e-19
0.795	6.68542e-20
0.796	9.67916e-21
0.797	1.34952e-21
0.798	1.81198e-22
0.799	2.34295e-23
0.8	2.91745e-24
0.801	3.49847e-25
0.802	4.04004e-26
0.803	4.49289e-27
0.804	4.81171e-28
0.805	4.96256e-29
0.806	4.92885e-30
0.807	4.71431e-31
0.808	4.34235e-32
0.809	3.8518e-33
0.81	3.2903e-34
0.811	2.70671e-35
0.812	2.14427e-36
0.813	1.63588e-37
0.814	1.20187e-38
0.815	8.50342e-40
0.816	5.79381e-41
0.817	3.80162e-42
0.818	2.40218e-43
0.819	1.46176e-44
0.82	8.56602e-46
0.821	4.8341e-47
0.822	2.62715e-48
0.823	1.37495e-49
0.824	6.92984e-51
0.825	3.3635e-52
0.826	1.57215e-53
0.827	7.07667e-55
0.828	3.06759e-56
0.829	1.28056e-57
0.83	5.14793e-59
0.831	1.99297e-60
0.832	7.4302e-62
0.833	2.66768e-63
0.834	9.22361e-65
0.835	3.07115e-66
0.836	9.84768e-68
0.837	3.04089e-69
0.838	9.04273e-71
0.839	2.58959e-72
0.84	7.14163e-74
0.841	1.89669e-75
0.842	4.85096e-77
0.843	1.19479e-78
0.844	2.83393e-80
0.845	6.47323e-82
0.846	1.42392e-83
0.847	3.01635e-85
0.848	6.15336e-87
0.849	1.20886e-88
0.85	2.28703e-90
0.851	4.16679e-92
0.852	7.31079e-94
0.853	1.23527e-95
0.854	2.01014e-97
0.855	3.52041e-99
0.856	7.97082e-99
0.857	1.65923e-97
0.858	3.40552e-96
0.859	6.8508e-95
0.86	1.35076e-93
0.861	2.61032e-92
0.862	4.94412e-91
0.863	9.17831e-90
0.864	1.67e-88
0.865	2.97816e-87
0.866	5.20546e-86
0.867	8.91763e-85
0.868	1.49734e-83
0.869	2.46415e-82
0.87	3.97462e-81
0.871	6.28351e-80
0.872	9.73616e-79
0.873	1.47861e-77
0.874	2.20088e-76
0.875	3.21085e-75
0.876	4.59116e-74
0.877	6.43433e-73
0.878	8.8382e-72
0.879	1.18988e-70
0.88	1.57008e-69
0.881	2.03058e-68
0.882	2.57393e-67
0.883	3.19781e-66
0.884	3.89393e-65
0.885	4.64731e-64
0.886	5.43619e-63
0.887	6.23257e-62
0.888	7.00356e-61
0.889	7.71346e-60
0.89	8.32643e-59
0.891	8.80942e-58
0.892	9.13514e-57
0.893	9.28458e-56
0.894	9.24886e-55
0.895	9.03011e-54
0.896	8.64126e-53
0.897	8.10477e-52
0.898	7.45046e-51
0.899	6.71281e-50
0.9	5.92795e-49
0.901	5.13079e-48
0.902	4.35254e-47
0.903	3.61894e-46
0.904	2.94916e-45
0.905	2.35556e-44
0.906	1.84403e-43
0.907	1.41489e-42
0.908	1.06404e-41
0.909	7.84276e-41
0.91	5.66579e-40
0.911	4.01173e-39
0.912	2.78407e-38
0.913	1.89369e-37
0.914	1.26246e-36
0.915	8.24906e-36
0.916	5.28288e-35
0.917	3.31601e-34
0.918	2.04005e-33
0.919	1.23011e-32
0.92	7.26986e-32
0.921	4.21102e-31
0.922	2.39072e-30
0.923	1.3303e-29
0.924	7.25516e-29
0.925	3.87815e-28
0.926	2.0318e-27
0.927	1.04332e-26
0.928	5.25089e-26
0.929	2.59017e-25
0.93	1.25228e-24
0.931	5.93408e-24
0.932	2.75604e-23
0.933	1.25457e-22
0.934	5.59739e-22
0.935	2.44768e-21
0.936	1.04907e-20
0.937	4.40686e-20
0.938	1.81441e-19
0.939	7.32186e-19
0.94	2.89591e-18
0.941	1.12261e-17
0.942	4.26532e-17
0.943	1.58838e-16
0.944	5.79741e-16
0.945	2.07393e-15
0.946	7.27165e-15
0.947	2.49891e-14
0.948	8.41682e-14
0.949	2.77859e-13
0.95	8.99042e-13
0.951	2.85111e-12
0.952	8.86192e-12
0.953	2.69973e-11
0.954	8.06106e-11
0.955	2.35908e-10
0.956	6.76664e-10
0.957	1.90231e-09
0.958	5.24168e-09
0.959	1.41559e-08
0.96	3.747e-08
0.961	9.72096e-08
0.962	2.4718e-07
0.963	6.16023e-07
0.964	1.50473e-06
0.965	3.60248e-06
0.966	8.45323e-06
0.967	1.94412e-05
0.968	4.3823e-05
0.969	9.68188e-05
0.97	0.000209651
0.971	0.000444952
0.972	0.000925569
0.973	0.00188705
0.974	0.00377083
0.975	0.00738533
0.976	0.0141769
0.977	0.0266731
0.978	0.0491862
0.979	0.088898
0.98	0.157478
0.981	0.273418
0.982	0.46528
0.983	0.776033
0.984	1.2686
0.985	2.03259
0.986	3.19192
0.987	4.91287
0.988	7.41136
0.989	10.9582
0.99	15.8804
0.991	22.5562
0.992	31.4016
0.993	42.847
0.994	57.3026
0.995	75.1134
0.996	96.5063
0.997	121.534
0.998	150.022
0.999	181.53
1	215.332
1.001	250.431
1.002	285.6
1.003	319.476
1.004	350.68
1.005	377.968
1.006	400.405
1.007	417.541
1.008	429.57
1.009	437.463
1.01	443.056
1.011	449.08
1.012	459.125
1.013	477.533
1.014	509.212
1.015	559.379
1.016	633.217
1.017	735.476
1.018	870.017
1.019	1039.33
1.02	1244.05
1.021	1482.58
1.022	1750.74
1.023	2041.69
1.024	2345.99
1.025	2652
1.026	2946.46
1.027	3215.33
1.028	3444.87
1.029	3622.66
1.03	3738.65
1.031	3786.09
1.032	3762.05
1.033	3667.75
1.034	3508.34
1.035	3292.5
1.036	3031.56
1.037	2738.54
1.038	2427.09
1.039	2110.38
1.04	1800.31
1.041	1506.75
1.042	1237.22
1.043	996.686
1.044	787.735
1.045	610.816
1.046	464.675
1.047	346.814
1.048	253.953
1.049	182.439
1.05	128.586
1.051	88.9163
1.052	60.3237
1.053	40.1543
1.054	26.2281
1.055	16.8167
1.056	10.5943
1.057	6.57563
1.058	4.05126
1.059	2.52765
1.06	1.67551
1.061	1.28849
1.062	1.2521
1.063	1.52196
1.064	2.10996
1.065	3.07654
1.066	4.5275
1.067	6.61351
1.068	9.53057
1.069	13.5199
1.07	18.8655
1.071	25.887
1.072	34.9284
1.073	46.3386
1.074	60.4463
1.075	77.5279
1.076	97.7704
1.077	121.232
1.078	147.804
1.079	177.182
1.08	208.838
1.081	242.026
1.082	275.787
1.083	308.992
1.084	340.393
1.085	368.701
1.086	392.671
1.087	411.191
1.088	423.369
1.089	428.602
1.09	426.63
1.091	417.549
1.092	401.814
1.093	380.192
1.094	353.705
1.095	323.549
1.096	291.005
1.097	257.347
1.098	223.769
1.099	191.311
1.1	160.821
1.101	132.924
1.102	108.026
1.103	86.3196
1.104	67.8193
1.105	52.391
1.106	39.7943
1.107	29.7198
1.108	21.8239
1.109	15.7571
1.11	11.1862
1.111	7.8082
1.112	5.35893
1.113	3.61631
1.114	2.39947
1.115	1.56539
1.116	1.00414
1.117	0.63332
1.118	0.392747
1.119	0.239477
1.12	0.143574
1.121	0.0846345
1.122	0.0490546
1.123	0.0279559
1.124	0.0156649
1.125	0.00863059
1.126	0.00467536
1.127	0.00249029
1.128	0.0013042
1.129	0.000671585
1.13	0.000340031
1.131	0.000169277
1.132	8.28608e-05
1.133	3.98855e-05
1.134	1.88893e-05
1.135	8.82361e-06
1.136	4.11654e-06
1.137	2.03287e-06
1.138	1.30449e-06
1.139	1.46186e-06
1.14	2.57184e-06
1.141	5.25927e-06
1.142	1.10167e-05
1.143	2.29341e-05
1.144	4.7155e-05
1.145	9.56445e-05
1.146	0.000191326
1.147	0.00037744
1.148	0.000734309
1.149	0.00140886
1.15	0.00266569
1.151	0.00497405
1.152	0.00915305
1.153	0.0166103
1.154	0.0297266
1.155	0.052465
1.156	0.0913166
1.157	0.156742
1.158	0.265325
1.159	0.442921
1.16	0.729174
1.161	1.18384
1.162	1.89543
1.163	2.99282
1.164	4.66025
1.165	7.15639
1.166	10.8377
1.167	16.1857
1.168	23.8388
1.169	34.6254
1.17	49.5975
1.171	70.0617
1.172	97.6018
1.173	134.088
1.174	181.669
1.175	242.732
1.176	319.837
1.177	415.61
1.178	532.598
1.179	673.084
1.18	838.872
1.181	1031.04
1.182	1249.73
1.183	1493.86
1.184	1761
1.185	2047.23
1.186	2347.08
1.187	2653.67
1.188	2958.84
1.189	3253.51
1.19	3528.09
1.191	3772.96
1.192	3979.06
1.193	4138.43
1.194	4244.7
1.195	4293.52
1.196	4282.89
1.197	4213.24
1.198	4087.44
1.199	3910.6
1.2	3689.7
1.201	3433.16
1.202	3150.31
1.203	2850.82
1.204	2544.14
1.205	2239.08
1.206	1943.36
1.207	1663.39
1.208	1404.07
1.209	1168.8
1.21	959.51
1.211	776.808
1.212	620.203
1.213	488.327
1.214	379.178
1.215	290.357
1.216	219.269
1.217	163.297
1.218	119.932
1.219	86.8654
1.22	62.0463
1.221	43.706
1.222	30.3614
1.223	20.7998
1.224	14.0525
1.225	9.36272
1.226	6.15188
1.227	3.98629
1.228	2.54734
1.229	1.60532
1.23	0.997678
1.231	0.611471
1.232	0.369588
1.233	0.220301
1.234	0.1295
1.235	0.0750724
1.236	0.0429187
1.237	0.0241974
1.238	0.0134539
1.239	0.00737703
1.24	0.00398907
1.241	0.00212725
1.242	0.00111872
1.243	0.000580203
1.244	0.000296753
1.245	0.000149681
1.246	7.44548e-05
1.247	3.65238e-05
1.248	1.76691e-05
1.249	8.4297e-06
1.25	3.96616e-06
1.251	1.84038e-06
1.252	8.42406e-07
1.253	3.80778e-07
1.254	1.70845e-07
1.255	7.79681e-08
1.256	4.00929e-08
1.257	3.04324e-08
1.258	4.04318e-08
1.259	7.33961e-08
1.26	1.44722e-07
1.261	2.88008e-07
1.262	5.68925e-07
1.263	1.11171e-06
1.264	2.14738e-06
1.265	4.09963e-06
1.266	7.73552e-06
1.267	1.44258e-05
1.268	2.65884e-05
1.269	4.84339e-05
1.27	8.7199e-05
1.271	0.000155159
1.272	0.000272865
1.273	0.000474267
1.274	0.000814707
1.275	0.0013832
1.276	0.00232098
1.277	0.00384914
1.278	0.00630899
1.279	0.0102202
1.28	0.0163631
1.281	0.0258924
1.282	0.0404935
1.283	0.0625897
1.284	0.0956146
1.285	0.144361
1.286	0.215417
1.287	0.317698
1.288	0.463076
1.289	0.667106
1.29	0.949821
1.291	1.33657
1.292	1.85887
1.293	2.5551
1.294	3.47113
1.295	4.66057
1.296	6.1846
1.297	8.11126
1.298	10.514
1.299	13.4696
1.3	17.0547
1.301	21.3421
1.302	26.3958
1.303	32.2654
1.304	38.9801
1.305	46.5429
1.306	54.9247
1.307	64.06
1.308	73.8432
1.309	84.1274
1.31	94.726
1.311	105.416
1.312	115.943
1.313	126.035
1.314	135.406
1.315	143.778
1.316	150.886
1.317	156.499
1.318	160.426
1.319	162.535
1.32	162.75
1.321	161.064
1.322	157.536
1.323	152.289
1.324	145.499
1.325	137.39
1.326	128.219
1.327	118.265
1.328	107.812
1.329	97.1356
1.33	86.4958
1.331	76.123
1.332	66.2126
1.333	56.9207
1.334	48.3619
1.335	40.6108
1.336	33.7042
1.337	27.6459
1.338	22.412
1.339	17.9571
1.34	14.2198
1.341	11.129
1.342	8.60845
1.343	6.58108
1.344	4.97248
1.345	3.71324
1.346	2.74055
1.347	1.99906
1.348	1.44118
1.349	1.02687
1.35	0.723133
1.351	0.503297
1.352	0.346206
1.353	0.23537
1.354	0.158151
1.355	0.105029
1.356	0.0689394
1.357	0.0447296
1.358	0.0286951
1.359	0.0182156
1.36	0.0114677
1.361	0.0072056
1.362	0.00459846
1.363	0.00311391
1.364	0.00243887
1.365	0.00243164
1.366	0.0031013
1.367	0.00461337
1.368	0.00732353
1.369	0.0118448
1.37	0.0191573
1.371	0.0307747
1.372	0.0489859
1.373	0.0771986
1.374	0.120417
1.375	0.185892
1.376	0.283999
1.377	0.429389
1.378	0.642481
1.379	0.951362
1.38	1.39414
1.381	2.02182
1.382	2.90171
1.383	4.12135
1.384	5.79298
1.385	8.05823
1.386	11.0931
1.387	15.1127
1.388	20.3755
1.389	27.1863
1.39	35.8978
1.391	46.9098
1.392	60.6648
1.393	77.6403
1.394	98.3367
1.395	123.26
1.396	152.901
1.397	187.706
1.398	228.049
1.399	274.196
1.4	326.271
1.401	384.222
1.402	447.789
1.403	516.484
1.404	589.567
1.405	666.051
1.406	744.705
1.407	824.077
1.408	902.538
1.409	978.327
1.41	1049.62
1.411	1114.61
1.412	1171.57
1.413	1218.94
1.414	1255.41
1.415	1279.98
1.416	1291.99
1.417	1291.19
1.418	1277.73
1.419	1252.13
1.42	1215.3
1.421	1168.46
1.422	1113.09
1.423	1050.83
1.424	983.439
1.425	912.698
1.426	840.328
1.427	767.935
1.428	696.948
1.429	628.584
1.43	563.82
1.431	503.383
1.432	447.757
1.433	397.194
1.434	351.746
1.435	311.29
1.436	275.569
1.437	244.227
1.438	216.841
1.439	192.959
1.44	172.123
1.441	153.893
1.442	137.865
1.443	123.677
1.444	111.023
1.445	99.6483
1.446	89.3532
1.447	79.9866
1.448	71.4418
1.449	63.6511
1.45	56.5797
1.451	50.2209
1.452	44.5922
1.453	39.7319
1.454	35.6985
1.455	32.5707
1.456	30.4485
1.457	29.4557
1.458	29.7432
1.459	31.4919
1.46	34.916
1.461	40.265
1.462	47.8241
1.463	57.9129
1.464	70.881
1.465	87.1007
1.466	106.956
1.467	130.828
1.468	159.075
1.469	192.015
1.47	229.893
1.471	272.864
1.472	320.961
1.473	374.068
1.474	431.903
1.475	493.997
1.476	559.684
1.477	628.099
1.478	698.187
1.479	768.721
1.48	838.33
1.481	905.544
1.482	968.837
1.483	1026.69
1.484	1077.63
1.485	1120.34
1.486	1153.64
1.487	1176.63
1.488	1188.65
1.489	1189.35
1.49	1178.73
1.491	1157.07
1.492	1125
1.493	1083.41
1.494	1033.42
1.495	976.347
1.496	913.646
1.497	846.831
1.498	777.43
1.499	706.922
1.5	636.688
1.501	567.974
1.502	501.853
1.503	439.209
1.504	380.727
1.505	326.894
1.506	278.004
1.507	234.183
1.508	195.4
1.509	161.502
1.51	132.233
1.511	107.266
1.512	86.2222
1.513	68.7004
1.514	54.2909
1.515	42.5939
1.516	33.2315
1.517	25.8563
1.518	20.1574
1.519	15.8634
1.52	12.7429
1.521	10.6035
1.522	9.28951
1.523	8.6784
1.524	8.67689
1.525	9.21651
1.526	10.2492
1.527	11.7426
1.528	13.6762
1.529	16.0364
1.53	18.8133
1.531	21.9967
1.532	25.5729
1.533	29.5219
1.534	33.8152
1.535	38.4139
1.536	43.2675
1.537	48.3135
1.538	53.4776
1.539	58.6749
1.54	63.8112
1.541	68.7859
1.542	73.4948
1.543	77.8335
1.544	81.701
1.545	85.004
1.546	87.6602
1.547	89.6018
1.548	90.7786
1.549	91.16
1.55	90.7365
1.551	89.5202
1.552	87.5446
1.553	84.8632
1.554	81.5477
1.555	77.6853
1.556	73.3763
1.557	68.7306
1.558	63.8656
1.559	58.9035
1.56	53.97
1.561	49.1939
1.562	44.7084
1.563	40.6534
1.564	37.1804
1.565	34.4587
1.566	32.6847
1.567	32.093
1.568	32.9702
1.569	35.6708
1.57	40.6361
1.571	48.414
1.572	59.6818
1.573	75.2686
1.574	96.1786
1.575	123.612
1.576	158.986
1.577	203.944
1.578	260.37
1.579	330.38
1.58	416.313
1.581	520.699
1.582	646.219
1.583	795.64
1.584	971.736
1.585	1177.18
1.586	1414.44
1.587	1685.63
1.588	1992.35
1.589	2335.57
1.59	2715.45
1.591	3131.21
1.592	3580.97
1.593	4061.69
1.594	4569.12
1.595	5097.72
1.596	5640.76
1.597	6190.38
1.598	6737.74
1.599	7273.26
1.6	7786.86
1.601	8268.24
1.602	8707.26
1.603	9094.27
1.604	9420.45
1.605	9678.18
1.606	9861.29
1.607	9965.32
1.608	9987.72
1.609	9927.95
1.61	9787.47
1.611	9569.72
1.612	9279.95
1.613	8925.04
1.614	8513.19
1.615	8053.64
1.616	7556.32
1.617	7031.46
1.618	6489.32
1.619	5939.78
1.62	5392.11
1.621	4854.74
1.622	4335.01
1.623	3839.13
1.624	3372.04
1.625	2937.45
1.626	2537.86
1.627	2174.61
1.628	1848.04
1.629	1557.62
1.63	1302.05
1.631	1079.48
1.632	887.597
1.633	723.831
1.634	585.434
1.635	469.614
1.636	373.624
1.637	294.832
1.638	230.785
1.639	179.241
1.64	138.201
1.641	105.922
1.642	80.9299
1.643	62.0151
1.644	48.2378
1.645	38.9205
1.646	33.6388
1.647	32.2037
1.648	34.6337
1.649	41.1113
1.65	51.9228
1.651	67.3814
1.652	87.7373
1.653	113.083
1.654	143.266
1.655	177.817
1.656	215.912
1.657	256.369
1.658	297.69
1.659	338.135
1.66	375.824
1.661	408.87
1.662	435.505
1.663	454.213
1.664	463.853
1.665	463.761
1.666	453.817
1.667	434.484
1.668	406.786
1.669	372.239
1.67	332.729
1.671	290.345
1.672	247.194
1.673	205.218
1.674	166.042
1.675	130.868
1.676	100.432
1.677	75.0166
1.678	54.5184
1.679	38.5385
1.68	26.4911
1.681	17.7036
1.682	11.4998
1.683	7.25974
1.684	4.45338
1.685	2.65428
1.686	1.5369
1.687	0.864482
1.688	0.472327
1.689	0.250659
1.69	0.129198
1.691	0.0646757
1.692	0.0314432
1.693	0.0148456
1.694	0.00680688
1.695	0.00303086
1.696	0.00131053
1.697	0.000550276
1.698	0.000224371
1.699	8.88382e-05
1.7	3.41568e-05
1.701	1.27525e-05
1.702	4.62328e-06
1.703	1.62758e-06
1.704	5.5638e-07
1.705	1.84686e-07
1.706	5.9529e-08
1.707	1.86318e-08
1.708	5.66257e-09
1.709	1.6711e-09
1.71	4.78875e-10
1.711	1.33251e-10
1.712	3.6004e-11
1.713	9.44628e-12
1.714	2.40658e-12
1.715	5.95353e-13
1.716	1.43023e-13
1.717	3.33979e-14
1.718	7.71876e-15
1.719	2.33738e-15
1.72	3.09321e-15
1.721	1.08976e-14
1.722	4.17239e-14
1.723	1.56672e-13
1.724	5.73653e-13
1.725	2.0475e-12
1.726	7.12376e-12
1.727	2.41604e-11
1.728	7.98749e-11
1.729	2.5741e-10
1.73	8.08635e-10
1.731	2.47622e-09
1.732	7.39155e-09
1.733	2.15076e-08
1.734	6.10043e-08
1.735	1.6867e-07
1.736	4.54596e-07
1.737	1.19433e-06
1.738	3.05867e-06
1.739	7.63574e-06
1.74	1.85815e-05
1.741	4.40778e-05
1.742	0.000101922
1.743	0.000229736
1.744	0.000504777
1.745	0.00108114
1.746	0.00225721
1.747	0.0045938
1.748	0.00911346
1.749	0.017624
1.75	0.0332229
1.751	0.0610491
1.752	0.109353
1.753	0.190939
1.754	0.324988
1.755	0.539201
1.756	0.872056
1.757	1.37483
1.758	2.11282
1.759	3.1651
1.76	4.62192
1.761	6.57911
1.762	9.12898
1.763	12.3478
1.764	16.2804
1.765	20.9243
1.766	26.2148
1.767	32.015
1.768	38.1128
1.769	44.228
1.77	50.0306
1.771	55.1675
1.772	59.2982
1.773	62.1312
1.774	63.4583
1.775	63.1797
1.776	61.3164
1.777	58.0078
1.778	53.4942
1.779	48.088
1.78	42.1383
1.781	35.9938
1.782	29.9701
1.783	24.3254
1.784	19.2461
1.785	14.8434
1.786	11.1593
1.787	8.17802
1.788	5.84212
1.789	4.06821
1.79	2.76151
1.791	1.82726
1.792	1.17859
1.793	0.741035
1.794	0.454175
1.795	0.271342
1.796	0.158024
1.797	0.0897094
1.798	0.0496436
1.799	0.0267793
1.8	0.0140814
1.801	0.00721787
1.802	0.00360664
1.803	0.00175715
1.804	0.000835422
1.805	0.000389207
1.806	0.000181093
1.807	9.11668e-05
1.808	6.26492e-05
1.809	7.32362e-05
1.81	0.000121596
1.811	0.000223056
1.812	0.000411448
1.813	0.000745904
1.814	0.00132243
1.815	0.00229052
1.816	0.00387501
1.817	0.00640281
1.818	0.0103329
1.819	0.0162864
1.82	0.0250717
1.821	0.0376959
1.822	0.055355
1.823	0.0793914
1.824	0.11121
1.825	0.152148
1.826	0.203301
1.827	0.265319
1.828	0.338182
1.829	0.421002
1.83	0.511884
1.831	0.607871
1.832	0.705025
1.833	0.79864
1.834	0.883588
1.835	0.954777
1.836	1.00764
1.837	1.03864
1.838	1.04563
1.839	1.02811
1.84	0.987319
1.841	0.926035
1.842	0.848301
1.843	0.758973
1.844	0.663216
1.845	0.566027
1.846	0.471815
1.847	0.384114
1.848	0.305422
1.849	0.237189
1.85	0.179904
1.851	0.133273
1.852	0.0964258
1.853	0.0681395
1.854	0.0470282
1.855	0.0317009
1.856	0.0208709
1.857	0.0134209
1.858	0.00843029
1.859	0.00517511
1.86	0.00311018
1.861	0.00184273
1.862	0.00110497
1.863	0.00073157
1.864	0.000647323
1.865	0.00087075
1.866	0.00154231
1.867	0.0029906
1.868	0.00585817
1.869	0.0113203
1.87	0.0214454
1.871	0.0397655
1.872	0.0721443
1.873	0.128049
1.874	0.222343
1.875	0.377689
1.876	0.627641
1.877	1.02036
1.878	1.62279
1.879	2.52486
1.88	3.84307
1.881	5.72248
1.882	8.33596
1.883	11.8794
1.884	16.5613
1.885	22.5873
1.886	30.1369
1.887	39.3367
1.888	50.23
1.889	62.7472
1.89	76.6816
1.891	91.6756
1.892	107.222
1.893	122.681
1.894	137.32
1.895	150.37
1.896	161.084
1.897	168.814
1.898	173.073
1.899	173.587
1.9	170.322
1.901	163.49
1.902	153.524
1.903	141.034
1.904	126.748
1.905	111.435
1.906	95.8453
1.907	80.6462
1.908	66.3839
1.909	53.4573
1.91	42.1131
1.911	32.4558
1.912	24.47
1.913	18.0485
1.914	13.0231
1.915	9.1929
1.916	6.34829
1.917	4.28871
1.918	2.8344
1.919	1.83258
1.92	1.15912
1.921	0.717235
1.922	0.43417
1.923	0.257113
1.924	0.148954
1.925	0.0844205
1.926	0.0468068
1.927	0.0253884
1.928	0.0134718
1.929	0.00699334
1.93	0.00355147
1.931	0.0017644
1.932	0.000857535
1.933	0.00040773
1.934	0.000189652
1.935	8.62998e-05
1.936	3.84173e-05
1.937	1.67306e-05
1.938	7.12786e-06
1.939	2.9708e-06
1.94	1.2113e-06
1.941	4.83169e-07
1.942	1.88543e-07
1.943	7.19759e-08
1.944	2.68801e-08
1.945	9.82064e-09
1.946	3.51015e-09
1.947	1.22764e-09
1.948	4.20863e-10
1.949	1.43721e-10
1.95	5.57847e-11
1.951	4.37965e-11
1.952	8.92117e-11
1.953	2.4286e-10
1.954	6.76198e-10
1.955	1.85495e-09
1.956	4.99261e-09
1.957	1.31785e-08
1.958	3.41134e-08
1.959	8.65974e-08
1.96	2.15578e-07
1.961	5.2629e-07
1.962	1.25999e-06
1.963	2.95821e-06
1.964	6.81104e-06
1.965	1.53787e-05
1.966	3.40527e-05
1.967	7.39446e-05
1.968	0.000157466
1.969	0.000328848
1.97	0.000673491
1.971	0.00135269
1.972	0.00266441
1.973	0.00514682
1.974	0.00975029
1.975	0.0181151
1.976	0.0330076
1.977	0.0589854
1.978	0.103381
1.979	0.177708
1.98	0.299612
1.981	0.495462
1.982	0.803667
1.983	1.27872
1.984	1.99587
1.985	3.05614
1.986	4.59128
1.987	6.76789
1.988	9.78994
1.989	13.8986
1.99	19.3685
1.991	26.4992
1.992	35.6024
1.993	46.9839
1.994	60.9217
1.995	77.6432
1.996	97.3016
1.997	119.956
1.998	145.56
1.999	173.954
2	204.868
2.001	237.937
2.002	272.718
2.003	308.709
2.004	345.365
2.005	382.118
2.006	418.375
2.007	453.518
2.008	486.893
2.009	517.805
2.01	545.506
2.011	569.209
2.012	588.106
2.013	601.41
2.014	608.411
2.015	608.542
2.016	601.445
2.017	587.03
2.018	565.511
2.019	537.422
2.02	503.597
2.021	465.126
2.022	423.281
2.023	379.434
2.024	334.964
2.025	291.17
2.026	249.199
2.027	209.995
2.028	174.269
2.029	142.495
2.03	114.93
2.031	91.6455
2.032	72.574
2.033	57.5641
2.034	46.432
2.035	39.0118
2.036	35.1982
2.037	34.9785
2.038	38.4526
2.039	45.8392
2.04	57.4664
2.041	73.7473
2.042	95.1392
2.043	122.089
2.044	154.968
2.045	193.996
2.046	239.169
2.047	290.185
2.048	346.392
2.049	406.751
2.05	469.83
2.051	533.837
2.052	596.68
2.053	656.075
2.054	709.67
2.055	755.197
2.056	790.627
2.057	814.319
2.058	825.142
2.059	822.565
2.06	806.699
2.061	778.291
2.062	738.665
2.063	689.621
2.064	633.302
2.065	572.041
2.066	508.2
2.067	444.024
2.068	381.52
2.069	322.357
2.07	267.817
2.071	218.773
2.072	175.701
2.073	138.726
2.074	107.679
2.075	82.1656
2.076	61.6406
2.077	45.4741
2.078	33.0092
2.079	23.6076
2.08	16.6827
2.081	11.7202
2.082	8.28761
2.083	6.036
2.084	4.6952
2.085	4.06518
2.086	4.00515
2.087	4.42187
2.088	5.25805
2.089	6.48139
2.09	8.07486
2.091	10.0282
2.092	12.3311
2.093	14.9682
2.094	17.916
2.095	21.1417
2.096	24.6048
2.097	28.2596
2.098	32.0602
2.099	35.9656
2.1	39.9454
2.101	43.9839
2.102	48.0826
2.103	52.2601
2.104	56.5489
2.105	60.989
2.106	65.6202
2.107	70.4721
2.108	75.5553
2.109	80.8551
2.11	86.3269
2.111	91.898
2.112	97.4718
2.113	102.938
2.114	108.181
2.115	113.099
2.116	117.604
2.117	121.638
2.118	125.172
2.119	128.2
2.12	130.735
2.121	132.795
2.122	134.389
2.123	135.509
2.124	136.118
2.125	136.149
2.126	135.507
2.127	134.084
2.128	131.766
2.129	128.457
2.13	124.092
2.131	118.655
2.132	112.184
2.133	104.779
2.134	96.5977
2.135	87.8417
2.136	78.7463
2.137	69.5609
2.138	60.5314
2.139	51.8841
2.14	43.8119
2.141	36.4661
2.142	29.9525
2.143	24.3313
2.144	19.6221
2.145	15.8109
2.146	12.8581
2.147	10.7086
2.148	9.29984
2.149	8.57026
2.15	8.46632
2.151	8.94861
2.152	9.99756
2.153	11.6189
2.154	13.849
2.155	16.7612
2.156	20.4713
2.157	25.1428
2.158	30.991
2.159	38.2831
2.16	47.3353
2.161	58.5018
2.162	72.158
2.163	88.6743
2.164	108.383
2.165	131.537
2.166	158.268
2.167	188.541
2.168	222.117
2.169	258.527
2.17	297.056
2.171	336.76
2.172	376.489
2.173	414.949
2.174	450.769
2.175	482.591
2.176	509.167
2.177	529.443
2.178	542.642
2.179	548.318
2.18	546.392
2.181	537.145
2.182	521.199
2.183	499.457
2.184	473.036
2.185	443.179
2.186	411.177
2.187	378.282
2.188	345.645
2.189	314.26
2.19	284.934
2.191	258.265
2.192	234.642
2.193	214.254
2.194	197.107
2.195	183.053
2.196	171.809
2.197	162.996
2.198	156.163
2.199	150.821
2.2	146.47
2.201	142.631
2.202	138.869
2.203	134.817
2.204	130.191
2.205	124.807
2.206	118.583
2.207	111.536
2.208	103.777
2.209	95.4961
2.21	86.9498
2.211	78.44
2.212	70.2994
2.213	62.8758
2.214	56.5214
2.215	51.5844
2.216	48.404
2.217	47.3078
2.218	48.6088
2.219	52.6013
2.22	59.5534
2.221	69.6954
2.222	83.2018
2.223	100.17
2.224	120.593
2.225	144.336
2.226	171.109
2.227	200.447
2.228	231.709
2.229	264.073
2.23	296.566
2.231	328.093
2.232	357.494
2.233	383.609
2.234	405.344
2.235	421.751
2.236	432.087
2.237	435.875
2.238	432.933
2.239	423.393
2.24	407.686
2.241	386.514
2.242	360.793
2.243	331.59
2.244	300.051
2.245	267.322
2.246	234.488
2.247	202.512
2.248	172.195
2.249	144.156
2.25	118.819
2.251	96.4236
2.252	77.0419
2.253	60.6079
2.254	46.9483
2.255	35.8144
2.256	26.9142
2.257	19.9381
2.258	14.5817
2.259	10.5616
2.26	7.62701
2.261	5.56599
2.262	4.20852
2.263	3.42654
2.264	3.13219
2.265	3.27479
2.266	3.83717
2.267	4.83149
2.268	6.29471
2.269	8.2835
2.27	10.8686
2.271	14.1281
2.272	18.1401
2.273	22.9739
2.274	28.681
2.275	35.2854
2.276	42.7745
2.277	51.0911
2.278	60.1275
2.279	69.7231
2.28	79.6657
2.281	89.6976
2.282	99.5265
2.283	108.84
2.284	117.327
2.285	124.696
2.286	130.7
2.287	135.153
2.288	137.956
2.289	139.103
2.29	138.692
2.291	136.923
2.292	134.095
2.293	130.592
2.294	126.865
2.295	123.412
2.296	120.751
2.297	119.396
2.298	119.836
2.299	122.506
2.3	127.766
2.301	135.885
2.302	147.02
2.303	161.205
2.304	178.337
2.305	198.169
2.306	220.308
2.307	244.221
2.308	269.242
2.309	294.593
2.31	319.413
2.311	342.792
2.312	363.816
2.313	381.613
2.314	395.405
2.315	404.554
2.316	408.603
2.317	407.308
2.318	400.653
2.319	388.858
2.32	372.358
2.321	351.785
2.322	327.918
2.323	301.641
2.324	273.888
2.325	245.587
2.326	217.616
2.327	190.756
2.328	165.663
2.329	142.848
2.33	122.664
2.331	105.313
2.332	90.8512
2.333	79.21
2.334	70.2134
2.335	63.6035
2.336	59.0641
2.337	56.2438
2.338	54.7778
2.339	54.307
2.34	54.4947
2.341	55.0414
2.342	55.6962
2.343	56.267
2.344	56.6278
2.345	56.7243
2.346	56.5779
2.347	56.287
2.348	56.0278
2.349	56.0525
2.35	56.6854
2.351	58.3182
2.352	61.4013
2.353	66.4334
2.354	73.9475
2.355	84.4919
2.356	98.6078
2.357	116.801
2.358	139.51
2.359	167.07
2.36	199.671
2.361	237.325
2.362	279.829
2.363	326.733
2.364	377.33
2.365	430.651
2.366	485.479
2.367	540.386
2.368	593.784
2.369	643.999
2.37	689.356
2.371	728.267
2.372	759.326
2.373	781.398
2.374	793.685
2.375	795.779
2.376	787.687
2.377	769.829
2.378	743.003
2.379	708.336
2.38	667.201
2.381	621.133
2.382	571.734
2.383	520.583
2.384	469.156
2.385	418.757
2.386	370.478
2.387	325.167
2.388	283.429
2.389	245.635
2.39	211.955
2.391	182.39
2.392	156.822
2.393	135.053
2.394	116.854
2.395	101.995
2.396	90.283
2.397	81.5763
2.398	75.8009
2.399	72.9536
2.4	73.0982
2.401	76.3545
2.402	82.8817
2.403	92.8569
2.404	106.45
2.405	123.795
2.406	144.967
2.407	169.949
2.408	198.615
2.409	230.71
2.41	265.843
2.411	303.482
2.412	342.968
2.413	383.532
2.414	424.327
2.415	464.464
2.416	503.055
2.417	539.255
2.418	572.306
2.419	601.57
2.42	626.554
2.421	646.927
2.422	662.515
2.423	673.293
2.424	679.361
2.425	680.916
2.426	678.219
2.427	671.561
2.428	661.239
2.429	647.538
2.43	630.715
2.431	611.003
2.432	588.621
2.433	563.784
2.434	536.72
2.435	507.691
2.436	477.002
2.437	445.009
2.438	412.119
2.439	378.782
2.44	345.472
2.441	312.671
2.442	280.845
2.443	250.417
2.444	221.751
2.445	195.133
2.446	170.765
2.447	148.755
2.448	129.129
2.449	111.833
2.45	96.7513
2.451	83.7213
2.452	72.5513
2.453	63.0374
2.454	54.9791
2.455	48.1911
2.456	42.5134
2.457	37.8159
2.458	34.0017
2.459	31.0058
2.46	28.7919
2.461	27.3481
2.462	26.6795
2.463	26.802
2.464	27.7343
2.465	29.4901
2.466	32.072
2.467	35.4639
2.468	39.6267
2.469	44.4936
2.47	49.9682
2.471	55.9234
2.472	62.2034
2.473	68.6272
2.474	74.9943
2.475	81.0928
2.476	86.7081
2.477	91.6337
2.478	95.6814
2.479	98.6916
2.48	100.542
2.481	101.154
2.482	100.497
2.483	98.5923
2.484	95.5068
2.485	91.3521
2.486	86.2756
2.487	80.4524
2.488	74.0745
2.489	67.3402
2.49	60.4442
2.491	53.5685
2.492	46.8747
2.493	40.4989
2.494	34.5481
2.495	29.0996
2.496	24.2016
2.497	19.8754
2.498	16.1195
2.499	12.9137
2.5	10.2241
2.501	8.00779
2.502	6.2176
2.503	4.80637
2.504	3.73081
2.505	2.955
2.506	2.45353
2.507	2.21464
2.508	2.24324
2.509	2.5643
2.51	3.22642
2.511	4.30588
2.512	5.91107
2.513	8.18703
2.514	11.32
2.515	15.5414
2.516	21.1305
2.517	28.4153
2.518	37.7706
2.519	49.6123
2.52	64.3872
2.521	82.5574
2.522	104.579
2.523	130.876
2.524	161.808
2.525	197.634
2.526	238.476
2.527	284.282
2.528	334.793
2.529	389.517
2.53	447.712
2.531	508.387
2.532	570.314
2.533	632.063
2.534	692.045
2.535	748.581
2.536	799.977
2.537	844.609
2.538	881.008
2.539	907.945
2.54	924.503
2.541	930.131
2.542	924.681
2.543	908.417
2.544	882.006
2.545	846.477
2.546	803.163
2.547	753.628
2.548	699.583
2.549	642.794
2.55	584.996
2.551	527.813
2.552	472.69
2.553	420.843
2.554	373.222
2.555	330.496
2.556	293.054
2.557	261.019
2.558	234.273
2.559	212.501
2.56	195.225
2.561	181.853
2.562	171.722
2.563	164.141
2.564	158.429
2.565	153.946
2.566	150.119
2.567	146.461
2.568	142.583
2.569	138.197
2.57	133.118
2.571	127.257
2.572	120.61
2.573	113.246
2.574	105.292
2.575	96.9164
2.576	88.3151
2.577	79.6951
2.578	71.2646
2.579	63.2221
2.58	55.7506
2.581	49.0134
2.582	43.1532
2.583	38.2936
2.584	34.5421
2.585	31.9945
2.586	30.7398
2.587	30.8648
2.588	32.4578
2.589	35.6111
2.59	40.4214
2.591	46.9883
2.592	55.4102
2.593	65.7786
2.594	78.1702
2.595	92.6379
2.596	109.201
2.597	127.834
2.598	148.463
2.599	170.953
2.6	195.11
2.601	220.675
2.602	247.337
2.603	274.732
2.604	302.463
2.605	330.113
2.606	357.265
2.607	383.521
2.608	408.522
2.609	431.966
2.61	453.62
2.611	473.333
2.612	491.037
2.613	506.743
2.614	520.537
2.615	532.562
2.616	543.003
2.617	552.064
2.618	559.955
2.619	566.864
2.62	572.949
2.621	578.325
2.622	583.056
2.623	587.156
2.624	590.596
2.625	593.31
2.626	595.211
2.627	596.2
2.628	596.188
2.629	595.105
2.63	592.912
2.631	589.615
2.632	585.269
2.633	579.979
2.634	573.902
2.635	567.241
2.636	560.241
2.637	553.172
2.638	546.322
2.639	539.976
2.64	534.402
2.641	529.832
2.642	526.443
2.643	524.338
2.644	523.537
2.645	523.959
2.646	525.423
2.647	527.646
2.648	530.251
2.649	532.782
2.65	534.727
2.651	535.544
2.652	534.69
2.653	531.659
2.654	526.007
2.655	517.385
2.656	505.563
2.657	490.442
2.658	472.064
2.659	450.608
2.66	426.383
2.661	399.806
2.662	371.384
2.663	341.676
2.664	311.272
2.665	280.758
2.666	250.693
2.667	221.579
2.668	193.849
2.669	167.855
2.67	143.857
2.671	122.026
2.672	102.449
2.673	85.1354
2.674	70.0294
2.675	57.0223
2.676	45.9658
2.677	36.6849
2.678	28.9897
2.679	22.6856
2.68	17.5816
2.681	13.4964
2.682	10.2635
2.683	7.73294
2.684	5.77339
2.685	4.27189
2.686	3.13313
2.687	2.2781
2.688	1.64236
2.689	1.1742
2.69	0.832675
2.691	0.585846
2.692	0.409134
2.693	0.28388
2.694	0.196119
2.695	0.135575
2.696	0.0948522
2.697	0.0688152
2.698	0.0541388
2.699	0.0490108
2.7	0.0529789
2.701	0.0669364
2.702	0.0932472
2.703	0.136019
2.704	0.201534
2.705	0.298859
2.706	0.440653
2.707	0.644185
2.708	0.93258
2.709	1.3363
2.71	1.89484
2.711	2.6586
2.712	3.69088
2.713	5.06985
2.714	6.89044
2.715	9.26584
2.716	12.3284
2.717	16.23
2.718	21.1405
2.719	27.2459
2.72	34.7437
2.721	43.8371
2.722	54.7267
2.723	67.6006
2.724	82.6224
2.725	99.9177
2.726	119.561
2.727	141.559
2.728	165.842
2.729	192.248
2.73	220.519
2.731	250.294
2.732	281.115
2.733	312.429
2.734	343.606
2.735	373.959
2.736	402.763
2.737	429.29
2.738	452.837
2.739	472.758
2.74	488.498
2.741	499.612
2.742	505.795
2.743	506.893
2.744	502.909
2.745	494.006
2.746	480.491
2.747	462.801
2.748	441.483
2.749	417.161
2.75	390.507
2.751	362.212
2.752	332.958
2.753	303.387
2.754	274.084
2.755	245.559
2.756	218.236
2.757	192.449
2.758	168.441
2.759	146.369
2.76	126.315
2.761	108.291
2.762	92.2543
2.763	78.1188
2.764	65.7674
2.765	55.0621
2.766	45.8537
2.767	37.9897
2.768	31.3198
2.769	25.7014
2.77	21.0019
2.771	17.1008
2.772	13.8908
2.773	11.278
2.774	9.18122
2.775	7.53199
2.776	6.27321
2.777	5.35845
2.778	4.75086
2.779	4.42215
2.78	4.35152
2.781	4.52454
2.782	4.93205
2.783	5.56896
2.784	6.43307
2.785	7.52381
2.786	8.84109
2.787	10.3842
2.788	12.1508
2.789	14.1362
2.79	16.3328
2.791	18.7305
2.792	21.3162
2.793	24.0755
2.794	26.9935
2.795	30.0569
2.796	33.2561
2.797	36.5877
2.798	40.0572
2.799	43.6816
2.8	47.4916
2.801	51.5338
2.802	55.8713
2.803	60.5844
2.804	65.7694
2.805	71.5368
2.806	78.0075
2.807	85.3092
2.808	93.5698
2.809	102.912
2.81	113.445
2.811	125.259
2.812	138.415
2.813	152.943
2.814	168.828
2.815	186.016
2.816	204.399
2.817	223.824
2.818	244.087
2.819	264.937
2.82	286.083
2.821	307.202
2.822	327.945
2.823	347.95
2.824	366.855
2.825	384.311
2.826	400
2.827	413.644
2.828	425.019
2.829	433.972
2.83	440.425
2.831	444.387
2.832	445.955
2.833	445.312
2.834	442.731
2.835	438.558
2.836	433.211
2.837	427.155
2.838	420.895
2.839	414.949
2.84	409.83
2.841	406.026
2.842	403.979
2.843	404.063
2.844	406.57
2.845	411.694
2.846	419.521
2.847	430.022
2.848	443.055
2.849	458.368
2.85	475.607
2.851	494.336
2.852	514.053
2.853	534.219
2.854	554.283
2.855	573.717
2.856	592.041
2.857	608.859
2.858	623.882
2.859	636.951
2.86	648.054
2.861	657.326
2.862	665.055
2.863	671.663
2.864	677.686
2.865	683.744
2.866	690.499
2.867	698.612
2.868	708.697
2.869	721.271
2.87	736.714
2.871	755.227
2.872	776.807
2.873	801.229
2.874	828.04
2.875	856.573
2.876	885.968
2.877	915.21
2.878	943.178
2.879	968.698
2.88	990.609
2.881	1007.82
2.882	1019.36
2.883	1024.46
2.884	1022.55
2.885	1013.35
2.886	996.807
2.887	973.176
2.888	942.953
2.889	906.872
2.89	865.861
2.891	821.003
2.892	773.479
2.893	724.52
2.894	675.356
2.895	627.169
2.896	581.05
2.897	537.969
2.898	498.749
2.899	464.047
2.9	434.351
2.901	409.975
2.902	391.065
2.903	377.61
2.904	369.453
2.905	366.311
2.906	367.786
2.907	373.388
2.908	382.548
2.909	394.639
2.91	408.994
2.911	424.919
2.912	441.715
2.913	458.693
2.914	475.191
2.915	490.59
2.916	504.33
2.917	515.922
2.918	524.961
2.919	531.131
2.92	534.215
2.921	534.09
2.922	530.729
2.923	524.196
2.924	514.632
2.925	502.249
2.926	487.312
2.927	470.129
2.928	451.034
2.929	430.376
2.93	408.503
2.931	385.759
2.932	362.469
2.933	338.94
2.934	315.454
2.935	292.272
2.936	269.629
2.937	247.738
2.938	226.796
2.939	206.983
2.94	188.463
2.941	171.394
2.942	155.919
2.943	142.177
2.944	130.294
2.945	120.39
2.946	112.571
2.947	106.935
2.948	103.561
2.949	102.513
2.95	103.835
2.951	107.548
2.952	113.647
2.953	122.099
2.954	132.842
2.955	145.777
2.956	160.775
2.957	177.666
2.958	196.247
2.959	216.275
2.96	237.473
2.961	259.531
2.962	282.107
2.963	304.834
2.964	327.326
2.965	349.181
2.966	369.994
2.967	389.362
2.968	406.895
2.969	422.228
2.97	435.026
2.971	445
2.972	451.912
2.973	455.585
2.974	455.907
2.975	452.842
2.976	446.426
2.977	436.768
2.978	424.051
2.979	408.523
2.98	390.493
2.981	370.315
2.982	348.383
2.983	325.115
2.984	300.938
2.985	276.278
2.986	251.544
2.987	227.119
2.988	203.349
2.989	180.534
2.99	158.925
2.991	138.722
2.992	120.069
2.993	103.058
2.994	87.737
2.995	74.1067
2.996	62.1334
2.997	51.753
2.998	42.8786
2.999	35.4078
3	29.229
3.001	24.2276
3.002	20.291
3.003	17.3132
3.004	15.1982
3.005	13.8631
3.006	13.2398
3.007	13.2772
3.008	13.9418
3.009	15.2193
3.01	17.1153
3.011	19.6558
3.012	22.8885
3.013	26.8828
3.014	31.7307
3.015	37.5469
3.016	44.4678
3.017	52.6505
3.018	62.2704
3.019	73.5171
3.02	86.5891
3.021	101.687
3.022	119.003
3.023	138.712
3.024	160.958
3.025	185.842
3.026	213.406
3.027	243.622
3.028	276.376
3.029	311.462
3.03	348.569
3.031	387.284
3.032	427.086
3.033	467.361
3.034	507.406
3.035	546.454
3.036	583.693
3.037	618.294
3.038	649.442
3.039	676.369
3.04	698.384
3.041	714.904
3.042	725.479
3.043	729.817
3.044	727.792
3.045	719.457
3.046	705.038
3.047	684.927
3.048	659.667
3.049	629.926
3.05	596.47
3.051	560.133
3.052	521.781
3.053	482.284
3.054	442.477
3.055	403.143
3.056	364.977
3.057	328.581
3.058	294.441
3.059	262.927
3.06	234.291
3.061	208.668
3.062	186.091
3.063	166.495
3.064	149.739
3.065	135.616
3.066	123.875
3.067	114.231
3.068	106.386
3.069	100.041
3.07	94.9063
3.071	90.7137
3.072	87.2232
3.073	84.229
3.074	81.5618
3.075	79.0907
3.076	76.7223
3.077	74.3986
3.078	72.0936
3.079	69.8092
3.08	67.5707
3.081	65.4217
3.082	63.4196
3.083	61.6308
3.084	60.1279
3.085	58.9858
3.086	58.2803
3.087	58.0864
3.088	58.4785
3.089	59.5305
3.09	61.3165
3.091	63.9123
3.092	67.3965
3.093	71.8515
3.094	77.3639
3.095	84.0241
3.096	91.9252
3.097	101.161
3.098	111.82
3.099	123.986
3.1	137.727
3.101	153.093
3.102	170.108
3.103	188.764
3.104	209.015
3.105	230.776
3.106	253.916
3.107	278.259
3.108	303.586
3.109	329.638
3.11	356.121
3.111	382.719
3.112	409.098
3.113	434.918
3.114	459.85
3.115	483.58
3.116	505.827
3.117	526.343
3.118	544.93
3.119	561.434
3.12	575.756
3.121	587.839
3.122	597.674
3.123	605.287
3.124	610.731
3.125	614.079
3.126	615.408
3.127	614.8
3.128	612.324
3.129	608.037
3.13	601.978
3.131	594.169
3.132	584.618
3.133	573.32
3.134	560.269
3.135	545.463
3.136	528.913
3.137	510.651
3.138	490.741
3.139	469.277
3.14	446.395
3.141	422.266
3.142	397.102
3.143	371.145
3.144	344.663
3.145	317.941
3.146	291.274
3.147	264.954
3.148	239.26
3.149	214.452
3.15	190.76
3.151	168.379
3.152	147.468
3.153	128.14
3.154	110.472
3.155	94.4981
3.156	80.2188
3.157	67.6029
3.158	56.5938
3.159	47.1162
3.16	39.0819
3.161	32.397
3.162	26.9673
3.163	22.7046
3.164	19.5307
3.165	17.3826
3.166	16.2148
3.167	16.0025
3.168	16.7429
3.169	18.4557
3.17	21.1836
3.171	24.9909
3.172	29.962
3.173	36.1992
3.174	43.819
3.175	52.9487
3.176	63.7215
3.177	76.2719
3.178	90.7299
3.179	107.215
3.18	125.832
3.181	146.663
3.182	169.765
3.183	195.162
3.184	222.847
3.185	252.771
3.186	284.851
3.187	318.964
3.188	354.95
3.189	392.615
3.19	431.732
3.191	472.051
3.192	513.295
3.193	555.174
3.194	597.384
3.195	639.611
3.196	681.538
3.197	722.842
3.198	763.2
3.199	802.287
3.2	839.776
3.201	875.336
3.202	908.634
3.203	939.331
3.204	967.087
3.205	991.562
3.206	1012.42
3.207	1029.33
3.208	1041.98
3.209	1050.09
3.21	1053.41
3.211	1051.77
3.212	1045.01
3.213	1033.1
3.214	1016.06
3.215	994.008
3.216	967.162
3.217	935.831
3.218	900.417
3.219	861.405
3.22	819.351
3.221	774.865
3.222	728.598
3.223	681.219
3.224	633.397
3.225	585.781
3.226	538.983
3.227	493.562
3.228	450.012
3.229	408.757
3.23	370.14
3.231	334.431
3.232	301.824
3.233	272.448
3.234	246.373
3.235	223.626
3.236	204.201
3.237	188.075
3.238	175.216
3.239	165.602
3.24	159.225
3.241	156.103
3.242	156.281
3.243	159.837
3.244	166.878
3.245	177.535
3.246	191.957
3.247	210.297
3.248	232.7
3.249	259.289
3.25	290.144
3.251	325.29
3.252	364.674
3.253	408.151
3.254	455.475
3.255	506.28
3.256	560.083
3.257	616.275
3.258	674.131
3.259	732.817
3.26	791.404
3.261	848.895
3.262	904.245
3.263	956.395
3.264	1004.3
3.265	1046.98
3.266	1083.51
3.267	1113.12
3.268	1135.16
3.269	1149.17
3.27	1154.85
3.271	1152.12
3.272	1141.11
3.273	1122.13
3.274	1095.68
3.275	1062.46
3.276	1023.27
3.277	979.074
3.278	930.89
3.279	879.806
3.28	826.928
3.281	773.349
3.282	720.12
3.283	668.219
3.284	618.534
3.285	571.84
3.286	528.783
3.287	489.878
3.288	455.5
3.289	425.886
3.29	401.14
3.291	381.243
3.292	366.063
3.293	355.371
3.294	348.857
3.295	346.147
3.296	346.823
3.297	350.441
3.298	356.548
3.299	364.702
3.3	374.483
3.301	385.509
3.302	397.445
3.303	410.014
3.304	422.996
3.305	436.234
3.306	449.631
3.307	463.143
3.308	476.774
3.309	490.564
3.31	504.579
3.311	518.9
3.312	533.604
3.313	548.761
3.314	564.415
3.315	580.579
3.316	597.227
3.317	614.289
3.318	631.65
3.319	649.152
3.32	666.597
3.321	683.756
3.322	700.374
3.323	716.186
3.324	730.923
3.325	744.327
3.326	756.162
3.327	766.223
3.328	774.345
3.329	780.41
3.33	784.35
3.331	786.15
3.332	785.843
3.333	783.508
3.334	779.263
3.335	773.255
3.336	765.652
3.337	756.63
3.338	746.365
3.339	735.019
3.34	722.736
3.341	709.633
3.342	695.794
3.343	681.273
3.344	666.091
3.345	650.242
3.346	633.698
3.347	616.416
3.348	598.347
3.349	579.446
3.35	559.679
3.351	539.034
3.352	517.527
3.353	495.203
3.354	472.147
3.355	448.479
3.356	424.355
3.357	399.964
3.358	375.523
3.359	351.273
3.36	327.467
3.361	304.371
3.362	282.247
3.363	261.353
3.364	241.933
3.365	224.21
3.366	208.381
3.367	194.613
3.368	183.04
3.369	173.755
3.37	166.813
3.371	162.226
3.372	159.962
3.373	159.946
3.374	162.061
3.375	166.146
3.376	172.001
3.377	179.391
3.378	188.047
3.379	197.674
3.38	207.956
3.381	218.566
3.382	229.173
3.383	239.45
3.384	249.087
3.385	257.796
3.386	265.325
3.387	271.465
3.388	276.055
3.389	278.992
3.39	280.23
3.391	279.788
3.392	277.743
3.393	274.231
3.394	269.443
3.395	263.612
3.396	257.011
3.397	249.939
3.398	242.708
3.399	235.634
3.4	229.023
3.401	223.163
3.402	218.307
3.403	214.669
3.404	212.416
3.405	211.658
3.406	212.453
3.407	214.799
3.408	218.638
3.409	223.862
3.41	230.318
3.411	237.817
3.412	246.143
3.413	255.066
3.414	264.358
3.415	273.798
3.416	283.194
3.417	292.391
3.418	301.282
3.419	309.821
3.42	318.027
3.421	325.992
3.422	333.882
3.423	341.931
3.424	350.446
3.425	359.786
3.426	370.362
3.427	382.614
3.428	396.995
3.429	413.952
3.43	433.907
3.431	457.229
3.432	484.218
3.433	515.078
3.434	549.907
3.435	588.673
3.436	631.207
3.437	677.199
3.438	726.191
3.439	777.588
3.44	830.664
3.441	884.583
3.442	938.42
3.443	991.188
3.444	1041.87
3.445	1089.46
3.446	1132.98
3.447	1171.53
3.448	1204.32
3.449	1230.7
3.45	1250.18
3.451	1262.44
3.452	1267.36
3.453	1265.03
3.454	1255.71
3.455	1239.85
3.456	1218.07
3.457	1191.14
3.458	1159.93
3.459	1125.4
3.46	1088.56
3.461	1050.45
3.462	1012.1
3.463	974.47
3.464	938.487
3.465	904.97
3.466	874.632
3.467	848.062
3.468	825.716
3.469	807.914
3.47	794.834
3.471	786.515
3.472	782.863
3.473	783.658
3.474	788.564
3.475	797.138
3.476	808.849
3.477	823.088
3.478	839.189
3.479	856.443
3.48	874.121
3.481	891.49
3.482	907.835
3.483	922.477
3.484	934.791
3.485	944.224
3.486	950.309
3.487	952.676
3.488	951.061
3.489	945.308
3.49	935.373
3.491	921.318
3.492	903.306
3.493	881.586
3.494	856.486
3.495	828.391
3.496	797.733
3.497	764.967
3.498	730.56
3.499	694.976
3.5	658.657
3.501	622.018
3.502	585.434
3.503	549.24
3.504	513.719
3.505	479.11
3.506	445.606
3.507	413.353
3.508	382.462
3.509	353.008
3.51	325.036
3.511	298.569
3.512	273.612
3.513	250.152
3.514	228.167
3.515	207.628
3.516	188.498
3.517	170.737
3.518	154.303
3.519	139.151
3.52	125.234
3.521	112.508
3.522	100.925
3.523	90.4423
3.524	81.0175
3.525	72.6124
3.526	65.1942
3.527	58.7367
3.528	53.222
3.529	48.6425
3.53	45.0022
3.531	42.3183
3.532	40.6221
3.533	39.9605
3.534	40.396
3.535	42.0068
3.536	44.8859
3.537	49.1405
3.538	54.8892
3.539	62.2597
3.54	71.3844
3.541	82.3969
3.542	95.4255
3.543	110.588
3.544	127.984
3.545	147.689
3.546	169.745
3.547	194.156
3.548	220.878
3.549	249.814
3.55	280.81
3.551	313.651
3.552	348.058
3.553	383.689
3.554	420.145
3.555	456.97
3.556	493.664
3.557	529.69
3.558	564.49
3.559	597.496
3.56	628.15
3.561	655.915
3.562	680.296
3.563	700.854
3.564	717.219
3.565	729.104
3.566	736.315
3.567	738.754
3.568	736.425
3.569	729.431
3.57	717.972
3.571	702.336
3.572	682.886
3.573	660.052
3.574	634.313
3.575	606.182
3.576	576.19
3.577	544.87
3.578	512.743
3.579	480.305
3.58	448.014
3.581	416.283
3.582	385.476
3.583	355.898
3.584	327.798
3.585	301.369
3.586	276.751
3.587	254.031
3.588	233.252
3.589	214.419
3.59	197.501
3.591	182.439
3.592	169.153
3.593	157.546
3.594	147.509
3.595	138.924
3.596	131.67
3.597	125.621
3.598	120.655
3.599	116.65
3.6	113.487
3.601	111.052
3.602	109.236
3.603	107.936
3.604	107.053
3.605	106.497
3.606	106.184
3.607	106.037
3.608	105.986
3.609	105.971
3.61	105.939
3.611	105.846
3.612	105.657
3.613	105.347
3.614	104.9
3.615	104.307
3.616	103.572
3.617	102.703
3.618	101.72
3.619	100.648
3.62	99.5171
3.621	98.3645
3.622	97.2298
3.623	96.1551
3.624	95.1831
3.625	94.3559
3.626	93.714
3.627	93.2944
3.628	93.1305
3.629	93.2508
3.63	93.6795
3.631	94.4361
3.632	95.5361
3.633	96.9923
3.634	98.8161
3.635	101.019
3.636	103.616
3.637	106.624
3.638	110.068
3.639	113.983
3.64	118.41
3.641	123.405
3.642	129.035
3.643	135.38
3.644	142.531
3.645	150.591
3.646	159.672
3.647	169.893
3.648	181.378
3.649	194.25
3.65	208.629
3.651	224.628
3.652	242.349
3.653	261.876
3.654	283.275
3.655	306.586
3.656	331.824
3.657	358.97
3.658	387.973
3.659	418.745
3.66	451.161
3.661	485.056
3.662	520.228
3.663	556.433
3.664	593.392
3.665	630.79
3.666	668.276
3.667	705.473
3.668	741.977
3.669	777.367
3.67	811.209
3.671	843.063
3.672	872.495
3.673	899.081
3.674	922.422
3.675	942.149
3.676	957.939
3.677	969.515
3.678	976.666
3.679	979.245
3.68	977.181
3.681	970.481
3.682	959.232
3.683	943.602
3.684	923.839
3.685	900.263
3.686	873.262
3.687	843.28
3.688	810.81
3.689	776.381
3.69	740.543
3.691	703.855
3.692	666.873
3.693	630.133
3.694	594.146
3.695	559.379
3.696	526.254
3.697	495.133
3.698	466.317
3.699	440.042
3.7	416.476
3.701	395.717
3.702	377.799
3.703	362.69
3.704	350.301
3.705	340.486
3.706	333.051
3.707	327.761
3.708	324.347
3.709	322.511
3.71	321.937
3.711	322.3
3.712	323.268
3.713	324.518
3.714	325.737
3.715	326.633
3.716	326.939
3.717	326.421
3.718	324.881
3.719	322.163
3.72	318.154
3.721	312.787
3.722	306.038
3.723	297.931
3.724	288.53
3.725	277.937
3.726	266.292
3.727	253.761
3.728	240.536
3.729	226.827
3.73	212.855
3.731	198.848
3.732	185.032
3.733	171.631
3.734	158.856
3.735	146.906
3.736	135.964
3.737	126.191
3.738	117.728
3.739	110.693
3.74	105.182
3.741	101.266
3.742	98.9919
3.743	98.3846
3.744	99.4454
3.745	102.153
3.746	106.464
3.747	112.314
3.748	119.618
3.749	128.268
3.75	138.14
3.751	149.091
3.752	160.962
3.753	173.581
3.754	186.761
3.755	200.314
3.756	214.042
3.757	227.753
3.758	241.26
3.759	254.388
3.76	266.981
3.761	278.906
3.762	290.063
3.763	300.385
3.764	309.846
3.765	318.463
3.766	326.298
3.767	333.462
3.768	340.106
3.769	346.427
3.77	352.657
3.771	359.058
3.772	365.913
3.773	373.518
3.774	382.168
3.775	392.148
3.776	403.719
3.777	417.105
3.778	432.485
3.779	449.981
3.78	469.65
3.781	491.479
3.782	515.38
3.783	541.189
3.784	568.672
3.785	597.526
3.786	627.39
3.787	657.853
3.788	688.47
3.789	718.774
3.79	748.292
3.791	776.561
3.792	803.142
3.793	827.637
3.794	849.697
3.795	869.038
3.796	885.442
3.797	898.766
3.798	908.943
3.799	915.978
3.8	919.943
3.801	920.975
3.802	919.26
3.803	915.028
3.804	908.539
3.805	900.07
3.806	889.908
3.807	878.337
3.808	865.63
3.809	852.043
3.81	837.811
3.811	823.141
3.812	808.217
3.813	793.198
3.814	778.22
3.815	763.4
3.816	748.842
3.817	734.638
3.818	720.873
3.819	707.627
3.82	694.98
3.821	683.01
3.822	671.794
3.823	661.404
3.824	651.908
3.825	643.365
3.826	635.819
3.827	629.299
3.828	623.808
3.829	619.329
3.83	615.815
3.831	613.191
3.832	611.352
3.833	610.168
3.834	609.487
3.835	609.135
3.836	608.927
3.837	608.673
3.838	608.185
3.839	607.282
3.84	605.803
3.841	603.609
3.842	600.591
3.843	596.672
3.844	591.813
3.845	586.011
3.846	579.297
3.847	571.736
3.848	563.421
3.849	554.465
3.85	544.998
3.851	535.157
3.852	525.078
3.853	514.891
3.854	504.71
3.855	494.631
3.856	484.728
3.857	475.046
3.858	465.605
3.859	456.4
3.86	447.402
3.861	438.563
3.862	429.819
3.863	421.1
3.864	412.331
3.865	403.44
3.866	394.365
3.867	385.056
3.868	375.482
3.869	365.633
3.87	355.517
3.871	345.168
3.872	334.64
3.873	324.003
3.874	313.346
3.875	302.768
3.876	292.374
3.877	282.274
3.878	272.576
3.879	263.38
3.88	254.78
3.881	246.857
3.882	239.681
3.883	233.304
3.884	227.768
3.885	223.102
3.886	219.322
3.887	216.439
3.888	214.457
3.889	213.377
3.89	213.202
3.891	213.938
3.892	215.597
3.893	218.198
3.894	221.765
3.895	226.334
3.896	231.943
3.897	238.636
3.898	246.458
3.899	255.45
3.9	265.647
3.901	277.072
3.902	289.731
3.903	303.608
3.904	318.665
3.905	334.833
3.906	352.012
3.907	370.073
3.908	388.852
3.909	408.156
3.91	427.765
3.911	447.433
3.912	466.9
3.913	485.891
3.914	504.127
3.915	521.335
3.916	537.25
3.917	551.627
3.918	564.245
3.919	574.917
3.92	583.491
3.921	589.858
3.922	593.95
3.923	595.744
3.924	595.261
3.925	592.562
3.926	587.745
3.927	580.945
3.928	572.32
3.929	562.054
3.93	550.343
3.931	537.395
3.932	523.419
3.933	508.624
3.934	493.21
3.935	477.367
3.936	461.269
3.937	445.077
3.938	428.932
3.939	412.955
3.94	397.254
3.941	381.917
3.942	367.016
3.943	352.611
3.944	338.748
3.945	325.464
3.946	312.784
3.947	300.73
3.948	289.312
3.949	278.539
3.95	268.41
3.951	258.921
3.952	250.064
3.953	241.823
3.954	234.178
3.955	227.103
3.956	220.568
3.957	214.534
3.958	208.961
3.959	203.804
3.96	199.012
3.961	194.536
3.962	190.324
3.963	186.327
3.964	182.497
3.965	178.794
3.966	175.181
3.967	171.632
3.968	168.132
3.969	164.673
3.97	161.263
3.971	157.919
3.972	154.674
3.973	151.569
3.974	148.659
3.975	146.007
3.976	143.686
3.977	141.775
3.978	140.356
3.979	139.514
3.98	139.336
3.981	139.902
3.982	141.292
3.983	143.576
3.984	146.815
3.985	151.062
3.986	156.355
3.987	162.721
3.988	170.171
3.989	178.702
3.99	188.295
3.991	198.915
3.992	210.513
3.993	223.023
3.994	236.367
3.995	250.449
3.996	265.165
3.997	280.395
3.998	296.01
3.999	311.872
4	327.834
4.001	343.744
4.002	359.443
4.003	374.772
4.004	389.571
4.005	403.68
4.006	416.942
4.007	429.209
4.008	440.337
4.009	450.196
4.01	458.667
4.011	465.646
4.012	471.047
4.013	474.802
4.014	476.866
4.015	477.214
4.016	475.845
4.017	472.784
4.018	468.077
4.019	461.794
4.02	454.029
4.021	444.895
4.022	434.525
4.023	423.066
4.024	410.677
4.025	397.527
4.026	383.79
4.027	369.639
4.028	355.246
4.029	340.775
4.03	326.38
4.031	312.199
4.032	298.358
4.033	284.961
4.034	272.095
4.035	259.826
4.036	248.201
4.037	237.247
4.038	226.972
4.039	217.372
4.04	208.426
4.041	200.104
4.042	192.365
4.043	185.166
4.044	178.457
4.045	172.19
4.046	166.317
4.047	160.792
4.048	155.577
4.049	150.636
4.05	145.939
4.051	141.463
4.052	137.191
4.053	133.111
4.054	129.216
4.055	125.501
4.056	121.965
4.057	118.609
4.058	115.434
4.059	112.441
4.06	109.628
4.061	106.993
4.062	104.532
4.063	102.235
4.064	100.091
4.065	98.0863
4.066	96.2032
4.067	94.4215
4.068	92.7189
4.069	91.0718
4.07	89.4554
4.071	87.8452
4.072	86.2174
4.073	84.5496
4.074	82.8224
4.075	81.019
4.076	79.1271
4.077	77.1388
4.078	75.0513
4.079	72.8674
4.08	70.5958
4.081	68.2513
4.082	65.8549
4.083	63.4336
4.084	61.0206
4.085	58.6549
4.086	56.3812
4.087	54.2496
4.088	52.3153
4.089	50.6382
4.09	49.2828
4.091	48.3176
4.092	47.8147
4.093	47.8495
4.094	48.5001
4.095	49.8466
4.096	51.9702
4.097	54.9523
4.098	58.8735
4.099	63.8115
4.1	69.8399
4.101	77.0261
4.102	85.4289
4.103	95.0958
4.104	106.061
4.105	118.342
4.106	131.937
4.107	146.822
4.108	162.95
4.109	180.246
4.11	198.61
4.111	217.911
4.112	237.991
4.113	258.666
4.114	279.725
4.115	300.936
4.116	322.05
4.117	342.803
4.118	362.925
4.119	382.148
4.12	400.209
4.121	416.858
4.122	431.872
4.123	445.052
4.124	456.238
4.125	465.311
4.126	472.2
4.127	476.881
4.128	479.386
4.129	479.796
4.13	478.246
4.131	474.917
4.132	470.036
4.133	463.868
4.134	456.707
4.135	448.872
4.136	440.695
4.137	432.513
4.138	424.657
4.139	417.447
4.14	411.177
4.141	406.112
4.142	402.477
4.143	400.454
4.144	400.174
4.145	401.718
4.146	405.109
4.147	410.319
4.148	417.262
4.149	425.802
4.15	435.755
4.151	446.894
4.152	458.954
4.153	471.642
4.154	484.639
4.155	497.614
4.156	510.228
4.157	522.146
4.158	533.043
4.159	542.61
4.16	550.566
4.161	556.661
4.162	560.684
4.163	562.467
4.164	561.885
4.165	558.866
4.166	553.383
4.167	545.463
4.168	535.177
4.169	522.644
4.17	508.022
4.171	491.509
4.172	473.333
4.173	453.748
4.174	433.027
4.175	411.457
4.176	389.329
4.177	366.936
4.178	344.561
4.179	322.477
4.18	300.938
4.181	280.176
4.182	260.397
4.183	241.777
4.184	224.461
4.185	208.565
4.186	194.168
4.187	181.32
4.188	170.038
4.189	160.313
4.19	152.109
4.191	145.367
4.192	140.008
4.193	135.941
4.194	133.06
4.195	131.256
4.196	130.417
4.197	130.432
4.198	131.197
4.199	132.62
4.2	134.621
4.201	137.134
4.202	140.116
4.203	143.541
4.204	147.406
4.205	151.726
4.206	156.539
4.207	161.901
4.208	167.883
4.209	174.571
4.21	182.059
4.211	190.446
4.212	199.833
4.213	210.315
4.214	221.977
4.215	234.892
4.216	249.109
4.217	264.658
4.218	281.537
4.219	299.715
4.22	319.129
4.221	339.678
4.222	361.231
4.223	383.62
4.224	406.645
4.225	430.079
4.226	453.669
4.227	477.141
4.228	500.208
4.229	522.573
4.23	543.938
4.231	564.008
4.232	582.5
4.233	599.148
4.234	613.711
4.235	625.975
4.236	635.761
4.237	642.928
4.238	647.373
4.239	649.039
4.24	647.911
4.241	644.018
4.242	637.43
4.243	628.259
4.244	616.653
4.245	602.796
4.246	586.898
4.247	569.196
4.248	549.943
4.249	529.408
4.25	507.867
4.251	485.595
4.252	462.867
4.253	439.947
4.254	417.086
4.255	394.517
4.256	372.45
4.257	351.074
4.258	330.549
4.259	311.008
4.26	292.556
4.261	275.27
4.262	259.2
4.263	244.37
4.264	230.781
4.265	218.413
4.266	207.231
4.267	197.182
4.268	188.204
4.269	180.229
4.27	173.185
4.271	166.996
4.272	161.593
4.273	156.908
4.274	152.884
4.275	149.468
4.276	146.62
4.277	144.309
4.278	142.513
4.279	141.22
4.28	140.427
4.281	140.138
4.282	140.359
4.283	141.103
4.284	142.381
4.285	144.205
4.286	146.581
4.287	149.512
4.288	152.992
4.289	157.007
4.29	161.536
4.291	166.546
4.292	171.994
4.293	177.83
4.294	183.993
4.295	190.419
4.296	197.037
4.297	203.772
4.298	210.549
4.299	217.296
4.3	223.943
4.301	230.424
4.302	236.684
4.303	242.674
4.304	248.354
4.305	253.696
4.306	258.68
4.307	263.298
4.308	267.549
4.309	271.438
4.31	274.979
4.311	278.188
4.312	281.082
4.313	283.679
4.314	285.998
4.315	288.049
4.316	289.843
4.317	291.382
4.318	292.664
4.319	293.68
4.32	294.417
4.321	294.855
4.322	294.973
4.323	294.747
4.324	294.153
4.325	293.168
4.326	291.772
4.327	289.952
4.328	287.698
4.329	285.009
4.33	281.895
4.331	278.37
4.332	274.462
4.333	270.206
4.334	265.645
4.335	260.832
4.336	255.827
4.337	250.694
4.338	245.505
4.339	240.336
4.34	235.265
4.341	230.374
4.342	225.745
4.343	221.465
4.344	217.62
4.345	214.297
4.346	211.587
4.347	209.58
4.348	208.37
4.349	208.052
4.35	208.725
4.351	210.488
4.352	213.441
4.353	217.686
4.354	223.323
4.355	230.449
4.356	239.157
4.357	249.529
4.358	261.638
4.359	275.539
4.36	291.272
4.361	308.85
4.362	328.261
4.363	349.464
4.364	372.382
4.365	396.907
4.366	422.889
4.367	450.146
4.368	478.456
4.369	507.565
4.37	537.187
4.371	567.012
4.372	596.707
4.373	625.927
4.374	654.322
4.375	681.543
4.376	707.253
4.377	731.135
4.378	752.901
4.379	772.297
4.38	789.112
4.381	803.184
4.382	814.402
4.383	822.708
4.384	828.101
4.385	830.631
4.386	830.399
4.387	827.549
4.388	822.267
4.389	814.769
4.39	805.296
4.391	794.1
4.392	781.444
4.393	767.585
4.394	752.771
4.395	737.233
4.396	721.178
4.397	704.785
4.398	688.204
4.399	671.553
4.4	654.919
4.401	638.357
4.402	621.898
4.403	605.549
4.404	589.298
4.405	573.121
4.406	556.988
4.407	540.864
4.408	524.718
4.409	508.528
4.41	492.281
4.411	475.976
4.412	459.63
4.413	443.273
4.414	426.952
4.415	410.728
4.416	394.673
4.417	378.87
4.418	363.408
4.419	348.379
4.42	333.877
4.421	319.991
4.422	306.805
4.423	294.396
4.424	282.829
4.425	272.16
4.426	262.431
4.427	253.672
4.428	245.902
4.429	239.129
4.43	233.35
4.431	228.555
4.432	224.729
4.433	221.85
4.434	219.898
4.435	218.851
4.436	218.688
4.437	219.393
4.438	220.955
4.439	223.365
4.44	226.624
4.441	230.736
4.442	235.708
4.443	241.553
4.444	248.284
4.445	255.915
4.446	264.455
4.447	273.91
4.448	284.274
4.449	295.533
4.45	307.657
4.451	320.599
4.452	334.294
4.453	348.657
4.454	363.58
4.455	378.935
4.456	394.572
4.457	410.322
4.458	425.998
4.459	441.402
4.46	456.322
4.461	470.544
4.462	483.855
4.463	496.045
4.464	506.918
4.465	516.295
4.466	524.021
4.467	529.969
4.468	534.044
4.469	536.187
4.47	536.377
4.471	534.632
4.472	531.01
4.473	525.605
4.474	518.547
4.475	509.994
4.476	500.134
4.477	489.173
4.478	477.331
4.479	464.836
4.48	451.917
4.481	438.798
4.482	425.69
4.483	412.788
4.484	400.265
4.485	388.271
4.486	376.925
4.487	366.319
4.488	356.515
4.489	347.546
4.49	339.417
4.491	332.11
4.492	325.584
4.493	319.78
4.494	314.624
4.495	310.034
4.496	305.917
4.497	302.183
4.498	298.738
4.499	295.493
4.5	292.366
4.501	289.281
4.502	286.173
4.503	282.985
4.504	279.671
4.505	276.194
4.506	272.53
4.507	268.658
4.508	264.57
4.509	260.262
4.51	255.736
4.511	251
4.512	246.065
4.513	240.943
4.514	235.651
4.515	230.207
4.516	224.63
4.517	218.939
4.518	213.157
4.519	207.304
4.52	201.404
4.521	195.479
4.522	189.554
4.523	183.655
4.524	177.806
4.525	172.034
4.526	166.365
4.527	160.826
4.528	155.445
4.529	150.247
4.53	145.258
4.531	140.504
4.532	136.009
4.533	131.796
4.534	127.886
4.535	124.3
4.536	121.056
4.537	118.171
4.538	115.66
4.539	113.536
4.54	111.811
4.541	110.495
4.542	109.596
4.543	109.119
4.544	109.068
4.545	109.446
4.546	110.251
4.547	111.48
4.548	113.125
4.549	115.177
4.55	117.622
4.551	120.441
4.552	123.61
4.553	127.103
4.554	130.887
4.555	134.922
4.556	139.165
4.557	143.568
4.558	148.076
4.559	152.633
4.56	157.176
4.561	161.64
4.562	165.959
4.563	170.064
4.564	173.889
4.565	177.366
4.566	180.434
4.567	183.032
4.568	185.108
4.569	186.614
4.57	187.51
4.571	187.767
4.572	187.364
4.573	186.289
4.574	184.541
4.575	182.131
4.576	179.079
4.577	175.414
4.578	171.176
4.579	166.411
4.58	161.174
4.581	155.525
4.582	149.531
4.583	143.259
4.584	136.779
4.585	130.164
4.586	123.484
4.587	116.807
4.588	110.198
4.589	103.72
4.59	97.4286
4.591	91.3762
4.592	85.6084
4.593	80.1656
4.594	75.0821
4.595	70.3867
4.596	66.103
4.597	62.2498
4.598	58.8418
4.599	55.8904
4.6	53.4044
4.601	51.3907
4.602	49.8555
4.603	48.805
4.604	48.2463
4.605	48.1879
4.606	48.6408
4.607	49.619
4.608	51.1397
4.609	53.2241
4.61	55.8973
4.611	59.1882
4.612	63.1295
4.613	67.7572
4.614	73.1101
4.615	79.2288
4.616	86.1547
4.617	93.9292
4.618	102.592
4.619	112.178
4.62	122.721
4.621	134.245
4.622	146.768
4.623	160.298
4.624	174.834
4.625	190.36
4.626	206.852
4.627	224.267
4.628	242.555
4.629	261.648
4.63	281.467
4.631	301.92
4.632	322.908
4.633	344.317
4.634	366.029
4.635	387.92
4.636	409.861
4.637	431.721
4.638	453.369
4.639	474.677
4.64	495.517
4.641	515.769
4.642	535.315
4.643	554.045
4.644	571.855
4.645	588.647
4.646	604.33
4.647	618.82
4.648	632.041
4.649	643.92
4.65	654.395
4.651	663.408
4.652	670.912
4.653	676.865
4.654	681.236
4.655	684.007
4.656	685.169
4.657	684.728
4.658	682.707
4.659	679.143
4.66	674.093
4.661	667.631
4.662	659.85
4.663	650.864
4.664	640.799
4.665	629.803
4.666	618.033
4.667	605.658
4.668	592.854
4.669	579.8
4.67	566.672
4.671	553.642
4.672	540.871
4.673	528.504
4.674	516.667
4.675	505.465
4.676	494.976
4.677	485.253
4.678	476.318
4.679	468.168
4.68	460.769
4.681	454.063
4.682	447.968
4.683	442.383
4.684	437.189
4.685	432.258
4.686	427.453
4.687	422.636
4.688	417.672
4.689	412.433
4.69	406.802
4.691	400.68
4.692	393.985
4.693	386.654
4.694	378.652
4.695	369.964
4.696	360.601
4.697	350.599
4.698	340.017
4.699	328.935
4.7	317.456
4.701	305.698
4.702	293.8
4.703	281.909
4.704	270.188
4.705	258.807
4.706	247.94
4.707	237.769
4.708	228.474
4.709	220.237
4.71	213.238
4.711	207.651
4.712	203.644
4.713	201.378
4.714	201.007
4.715	202.669
4.716	206.494
4.717	212.595
4.718	221.07
4.719	231.999
4.72	245.445
4.721	261.448
4.722	280.027
4.723	301.177
4.724	324.87
4.725	351.051
4.726	379.639
4.727	410.527
4.728	443.581
4.729	478.64
4.73	515.516
4.731	553.997
4.732	593.845
4.733	634.802
4.734	676.586
4.735	718.898
4.736	761.422
4.737	803.831
4.738	845.784
4.739	886.938
4.74	926.944
4.741	965.458
4.742	1002.14
4.743	1036.66
4.744	1068.7
4.745	1097.97
4.746	1124.19
4.747	1147.13
4.748	1166.58
4.749	1182.37
4.75	1194.36
4.751	1202.46
4.752	1206.64
4.753	1206.89
4.754	1203.27
4.755	1195.87
4.756	1184.82
4.757	1170.32
4.758	1152.57
4.759	1131.84
4.76	1108.39
4.761	1082.55
4.762	1054.63
4.763	1024.96
4.764	993.877
4.765	961.726
4.766	928.832
4.767	895.513
4.768	862.069
4.769	828.779
4.77	795.9
4.771	763.661
4.772	732.264
4.773	701.884
4.774	672.666
4.775	644.731
4.776	618.172
4.777	593.059
4.778	569.44
4.779	547.342
4.78	526.777
4.781	507.74
4.782	490.213
4.783	474.169
4.784	459.57
4.785	446.37
4.786	434.517
4.787	423.955
4.788	414.624
4.789	406.459
4.79	399.396
4.791	393.368
4.792	388.308
4.793	384.153
4.794	380.838
4.795	378.304
4.796	376.494
4.797	375.36
4.798	374.857
4.799	374.948
4.8	375.605
4.801	376.805
4.802	378.536
4.803	380.792
4.804	383.575
4.805	386.891
4.806	390.753
4.807	395.172
4.808	400.165
4.809	405.743
4.81	411.916
4.811	418.685
4.812	426.045
4.813	433.982
4.814	442.467
4.815	451.462
4.816	460.915
4.817	470.762
4.818	480.925
4.819	491.317
4.82	501.842
4.821	512.396
4.822	522.871
4.823	533.157
4.824	543.146
4.825	552.732
4.826	561.819
4.827	570.318
4.828	578.151
4.829	585.255
4.83	591.578
4.831	597.085
4.832	601.756
4.833	605.582
4.834	608.569
4.835	610.734
4.836	612.102
4.837	612.707
4.838	612.585
4.839	611.777
4.84	610.322
4.841	608.259
4.842	605.62
4.843	602.436
4.844	598.73
4.845	594.518
4.846	589.811
4.847	584.612
4.848	578.923
4.849	572.739
4.85	566.054
4.851	558.861
4.852	551.155
4.853	542.934
4.854	534.202
4.855	524.967
4.856	515.247
4.857	505.069
4.858	494.467
4.859	483.487
4.86	472.186
4.861	460.627
4.862	448.885
4.863	437.04
4.864	425.182
4.865	413.402
4.866	401.798
4.867	390.467
4.868	379.509
4.869	369.02
4.87	359.093
4.871	349.816
4.872	341.272
4.873	333.534
4.874	326.667
4.875	320.726
4.876	315.756
4.877	311.789
4.878	308.846
4.879	306.935
4.88	306.052
4.881	306.181
4.882	307.292
4.883	309.345
4.884	312.287
4.885	316.052
4.886	320.566
4.887	325.741
4.888	331.484
4.889	337.689
4.89	344.246
4.891	351.035
4.892	357.935
4.893	364.82
4.894	371.563
4.895	378.036
4.896	384.119
4.897	389.692
4.898	394.648
4.899	398.886
4.9	402.324
4.901	404.892
4.902	406.54
4.903	407.24
4.904	406.985
4.905	405.794
4.906	403.71
4.907	400.804
4.908	397.17
4.909	392.929
4.91	388.226
4.911	383.228
4.912	378.119
4.913	373.101
4.914	368.387
4.915	364.198
4.916	360.759
4.917	358.293
4.918	357.016
4.919	357.133
4.92	358.834
4.921	362.287
4.922	367.637
4.923	374.999
4.924	384.458
4.925	396.064
4.926	409.831
4.927	425.739
4.928	443.729
4.929	463.706
4.93	485.541
4.931	509.072
4.932	534.106
4.933	560.424
4.934	587.783
4.935	615.92
4.936	644.559
4.937	673.409
4.938	702.178
4.939	730.568
4.94	758.285
4.941	785.04
4.942	810.557
4.943	834.57
4.944	856.831
4.945	877.111
4.946	895.203
4.947	910.925
4.948	924.117
4.949	934.651
4.95	942.425
4.951	947.367
4.952	949.436
4.953	948.622
4.954	944.949
4.955	938.471
4.956	929.275
4.957	917.479
4.958	903.231
4.959	886.711
4.96	868.124
4.961	847.698
4.962	825.685
4.963	802.354
4.964	777.987
4.965	752.875
4.966	727.311
4.967	701.589
4.968	675.992
4.969	650.794
4.97	626.247
4.971	602.583
4.972	580.006
4.973	558.688
4.974	538.77
4.975	520.354
4.976	503.509
4.977	488.264
4.978	474.617
4.979	462.527
4.98	451.928
4.981	442.722
4.982	434.79
4.983	427.994
4.984	422.181
4.985	417.192
4.986	412.861
4.987	409.024
4.988	405.524
4.989	402.213
4.99	398.956
4.991	395.637
4.992	392.159
4.993	388.447
4.994	384.449
4.995	380.14
4.996	375.518
4.997	370.607
4.998	365.454
4.999	360.131
5	354.729
5.001	349.361
5.002	344.153
5.003	339.25
5.004	334.805
5.005	330.978
5.006	327.935
5.007	325.842
5.008	324.861
5.009	325.147
5.01	326.844
5.011	330.08
5.012	334.965
5.013	341.586
5.014	350.004
5.015	360.25
5.016	372.323
5.017	386.189
5.018	401.777
5.019	418.978
5.02	437.649
5.021	457.608
5.022	478.637
5.023	500.49
5.024	522.888
5.025	545.528
5.026	568.089
5.027	590.237
5.028	611.631
5.029	631.931
5.03	650.809
5.031	667.95
5.032	683.069
5.033	695.909
5.034	706.258
5.035	713.946
5.036	718.857
5.037	720.931
5.038	720.163
5.039	716.611
5.04	710.391
5.041	701.673
5.042	690.683
5.043	677.694
5.044	663.022
5.045	647.015
5.046	630.049
5.047	612.517
5.048	594.819
5.049	577.355
5.05	560.515
5.051	544.67
5.052	530.166
5.053	517.313
5.054	506.386
5.055	497.613
5.056	491.176
5.057	487.21
5.058	485.797
5.059	486.969
5.06	490.71
5.061	496.956
5.062	505.599
5.063	516.492
5.064	529.447
5.065	544.248
5.066	560.649
5.067	578.382
5.068	597.158
5.069	616.679
5.07	636.633
5.071	656.707
5.072	676.586
5.073	695.959
5.074	714.522
5.075	731.984
5.076	748.066
5.077	762.51
5.078	775.078
5.079	785.555
5.08	793.755
5.081	799.522
5.082	802.731
5.083	803.291
5.084	801.147
5.085	796.282
5.086	788.715
5.087	778.504
5.088	765.742
5.089	750.559
5.09	733.119
5.091	713.615
5.092	692.269
5.093	669.325
5.094	645.045
5.095	619.705
5.096	593.588
5.097	566.979
5.098	540.158
5.099	513.398
5.1	486.953
5.101	461.061
5.102	435.935
5.103	411.758
5.104	388.687
5.105	366.844
5.106	346.319
5.107	327.169
5.108	309.422
5.109	293.071
5.11	278.088
5.111	264.415
5.112	251.978
5.113	240.685
5.114	230.432
5.115	221.108
5.116	212.598
5.117	204.789
5.118	197.57
5.119	190.842
5.12	184.512
5.121	178.503
5.122	172.752
5.123	167.212
5.124	161.852
5.125	156.656
5.126	151.625
5.127	146.772
5.128	142.125
5.129	137.72
5.13	133.602
5.131	129.822
5.132	126.434
5.133	123.491
5.134	121.046
5.135	119.145
5.136	117.828
5.137	117.126
5.138	117.061
5.139	117.64
5.14	118.863
5.141	120.711
5.142	123.158
5.143	126.164
5.144	129.677
5.145	133.64
5.146	137.983
5.147	142.637
5.148	147.526
5.149	152.575
5.15	157.712
5.151	162.871
5.152	167.99
5.153	173.02
5.154	177.922
5.155	182.669
5.156	187.249
5.157	191.662
5.158	195.925
5.159	200.065
5.16	204.125
5.161	208.154
5.162	212.212
5.163	216.365
5.164	220.68
5.165	225.226
5.166	230.067
5.167	235.261
5.168	240.859
5.169	246.898
5.17	253.402
5.171	260.379
5.172	267.821
5.173	275.701
5.174	283.974
5.175	292.581
5.176	301.444
5.177	310.472
5.178	319.563
5.179	328.605
5.18	337.481
5.181	346.074
5.182	354.267
5.183	361.949
5.184	369.02
5.185	375.393
5.186	380.997
5.187	385.782
5.188	389.72
5.189	392.808
5.19	395.067
5.191	396.547
5.192	397.321
5.193	397.49
5.194	397.177
5.195	396.526
5.196	395.701
5.197	394.878
5.198	394.246
5.199	393.998
5.2	394.329
5.201	395.429
5.202	397.48
5.203	400.647
5.204	405.078
5.205	410.896
5.206	418.196
5.207	427.042
5.208	437.464
5.209	449.455
5.21	462.97
5.211	477.929
5.212	494.214
5.213	511.672
5.214	530.121
5.215	549.35
5.216	569.126
5.217	589.199
5.218	609.309
5.219	629.189
5.22	648.579
5.221	667.226
5.222	684.893
5.223	701.367
5.224	716.462
5.225	730.025
5.226	741.938
5.227	752.126
5.228	760.549
5.229	767.212
5.23	772.157
5.231	775.465
5.232	777.251
5.233	777.657
5.234	776.853
5.235	775.027
5.236	772.377
5.237	769.111
5.238	765.437
5.239	761.555
5.24	757.655
5.241	753.912
5.242	750.479
5.243	747.484
5.244	745.03
5.245	743.191
5.246	742.01
5.247	741.503
5.248	741.656
5.249	742.429
5.25	743.76
5.251	745.563
5.252	747.737
5.253	750.169
5.254	752.737
5.255	755.314
5.256	757.777
5.257	760.006
5.258	761.894
5.259	763.347
5.26	764.288
5.261	764.662
5.262	764.438
5.263	763.606
5.264	762.183
5.265	760.213
5.266	757.759
5.267	754.908
5.268	751.767
5.269	748.457
5.27	745.111
5.271	741.868
5.272	738.874
5.273	736.27
5.274	734.192
5.275	732.767
5.276	732.109
5.277	732.316
5.278	733.468
5.279	735.625
5.28	738.827
5.281	743.096
5.282	748.435
5.283	754.83
5.284	762.252
5.285	770.662
5.286	780.01
5.287	790.244
5.288	801.306
5.289	813.14
5.29	825.693
5.291	838.916
5.292	852.766
5.293	867.208
5.294	882.211
5.295	897.753
5.296	913.816
5.297	930.382
5.298	947.438
5.299	964.964
5.3	982.937
5.301	1001.33
5.302	1020.09
5.303	1039.17
5.304	1058.48
5.305	1077.95
5.306	1097.45
5.307	1116.84
5.308	1135.98
5.309	1154.68
5.31	1172.75
5.311	1189.97
5.312	1206.12
5.313	1220.97
5.314	1234.26
5.315	1245.75
5.316	1255.21
5.317	1262.41
5.318	1267.12
5.319	1269.16
5.32	1268.36
5.321	1264.58
5.322	1257.71
5.323	1247.7
5.324	1234.52
5.325	1218.2
5.326	1198.79
5.327	1176.41
5.328	1151.22
5.329	1123.41
5.33	1093.21
5.331	1060.89
5.332	1026.76
5.333	991.129
5.334	954.346
5.335	916.766
5.336	878.748
5.337	840.654
5.338	802.839
5.339	765.643
5.34	729.392
5.341	694.386
5.342	660.899
5.343	629.175
5.344	599.425
5.345	571.824
5.346	546.511
5.347	523.592
5.348	503.134
5.349	485.175
5.35	469.717
5.351	456.737
5.352	446.186
5.353	437.993
5.354	432.071
5.355	428.316
5.356	426.616
5.357	426.854
5.358	428.906
5.359	432.653
5.36	437.973
5.361	444.753
5.362	452.883
5.363	462.261
5.364	472.788
5.365	484.376
5.366	496.938
5.367	510.392
5.368	524.656
5.369	539.65
5.37	555.29
5.371	571.488
5.372	588.15
5.373	605.175
5.374	622.453
5.375	639.867
5.376	657.29
5.377	674.589
5.378	691.629
5.379	708.266
5.38	724.362
5.381	739.779
5.382	754.385
5.383	768.062
5.384	780.702
5.385	792.213
5.386	802.523
5.387	811.582
5.388	819.359
5.389	825.844
5.39	831.05
5.391	835.009
5.392	837.768
5.393	839.39
5.394	839.948
5.395	839.521
5.396	838.189
5.397	836.035
5.398	833.134
5.399	829.552
5.4	825.348
5.401	820.565
5.402	815.235
5.403	809.375
5.404	802.99
5.405	796.075
5.406	788.615
5.407	780.589
5.408	771.975
5.409	762.751
5.41	752.903
5.411	742.421
5.412	731.311
5.413	719.594
5.414	707.305
5.415	694.501
5.416	681.258
5.417	667.67
5.418	653.848
5.419	639.92
5.42	626.027
5.421	612.316
5.422	598.941
5.423	586.054
5.424	573.8
5.425	562.316
5.426	551.718
5.427	542.104
5.428	533.546
5.429	526.085
5.43	519.732
5.431	514.464
5.432	510.223
5.433	506.92
5.434	504.433
5.435	502.61
5.436	501.278
5.437	500.243
5.438	499.296
5.439	498.223
5.44	496.807
5.441	494.839
5.442	492.121
5.443	488.475
5.444	483.747
5.445	477.812
5.446	470.577
5.447	461.987
5.448	452.023
5.449	440.704
5.45	428.087
5.451	414.264
5.452	399.358
5.453	383.524
5.454	366.939
5.455	349.801
5.456	332.323
5.457	314.727
5.458	297.238
5.459	280.083
5.46	263.48
5.461	247.642
5.462	232.764
5.463	219.03
5.464	206.601
5.465	195.622
5.466	186.215
5.467	178.481
5.468	172.5
5.469	168.332
5.47	166.017
5.471	165.574
5.472	167.009
5.473	170.308
5.474	175.447
5.475	182.386
5.476	191.075
5.477	201.455
5.478	213.457
5.479	227.006
5.48	242.019
5.481	258.408
5.482	276.079
5.483	294.934
5.484	314.87
5.485	335.779
5.486	357.548
5.487	380.061
5.488	403.198
5.489	426.832
5.49	450.834
5.491	475.071
5.492	499.406
5.493	523.697
5.494	547.801
5.495	571.575
5.496	594.873
5.497	617.55
5.498	639.465
5.499	660.48
5.5	680.461
5.501	699.284
5.502	716.831
5.503	732.996
5.504	747.686
5.505	760.82
5.506	772.332
5.507	782.173
5.508	790.309
5.509	796.724
5.51	801.419
5.511	804.415
5.512	805.749
5.513	805.477
5.514	803.671
5.515	800.424
5.516	795.843
5.517	790.052
5.518	783.192
5.519	775.418
5.52	766.897
5.521	757.809
5.522	748.345
5.523	738.7
5.524	729.077
5.525	719.677
5.526	710.7
5.527	702.341
5.528	694.782
5.529	688.191
5.53	682.714
5.531	678.478
5.532	675.577
5.533	674.079
5.534	674.014
5.535	675.381
5.536	678.14
5.537	682.217
5.538	687.503
5.539	693.858
5.54	701.113
5.541	709.075
5.542	717.532
5.543	726.259
5.544	735.021
5.545	743.584
5.546	751.717
5.547	759.197
5.548	765.816
5.549	771.385
5.55	775.738
5.551	778.732
5.552	780.253
5.553	780.214
5.554	778.558
5.555	775.258
5.556	770.312
5.557	763.75
5.558	755.624
5.559	746.014
5.56	735.02
5.561	722.764
5.562	709.388
5.563	695.049
5.564	679.918
5.565	664.177
5.566	648.018
5.567	631.637
5.568	615.232
5.569	599.001
5.57	583.135
5.571	567.813
5.572	553.204
5.573	539.456
5.574	526.695
5.575	515.023
5.576	504.512
5.577	495.201
5.578	487.098
5.579	480.176
5.58	474.374
5.581	469.6
5.582	465.731
5.583	462.618
5.584	460.092
5.585	457.965
5.586	456.04
5.587	454.117
5.588	451.996
5.589	449.491
5.59	446.429
5.591	442.658
5.592	438.056
5.593	432.53
5.594	426.023
5.595	418.514
5.596	410.02
5.597	400.596
5.598	390.331
5.599	379.349
5.6	367.805
5.601	355.879
5.602	343.77
5.603	331.696
5.604	319.884
5.605	308.566
5.606	297.973
5.607	288.33
5.608	279.852
5.609	272.736
5.61	267.161
5.611	263.28
5.612	261.223
5.613	261.085
5.614	262.935
5.615	266.805
5.616	272.693
5.617	280.564
5.618	290.348
5.619	301.941
5.62	315.209
5.621	329.984
5.622	346.077
5.623	363.273
5.624	381.338
5.625	400.029
5.626	419.092
5.627	438.277
5.628	457.341
5.629	476.054
5.63	494.212
5.631	511.64
5.632	528.203
5.633	543.81
5.634	558.424
5.635	572.06
5.636	584.796
5.637	596.769
5.638	608.176
5.639	619.274
5.64	630.371
5.641	641.823
5.642	654.02
5.643	667.383
5.644	682.344
5.645	699.336
5.646	718.777
5.647	741.054
5.648	766.51
5.649	795.43
5.65	828.024
5.651	864.42
5.652	904.652
5.653	948.655
5.654	996.261
5.655	1047.2
5.656	1101.11
5.657	1157.51
5.658	1215.89
5.659	1275.62
5.66	1336.04
5.661	1396.47
5.662	1456.18
5.663	1514.48
5.664	1570.69
5.665	1624.17
5.666	1674.34
5.667	1720.69
5.668	1762.8
5.669	1800.33
5.67	1833.06
5.671	1860.84
5.672	1883.62
5.673	1901.42
5.674	1914.37
5.675	1922.63
5.676	1926.44
5.677	1926.04
5.678	1921.73
5.679	1913.81
5.68	1902.58
5.681	1888.34
5.682	1871.36
5.683	1851.92
5.684	1830.24
5.685	1806.58
5.686	1781.12
5.687	1754.09
5.688	1725.67
5.689	1696.07
5.69	1665.48
5.691	1634.11
5.692	1602.21
5.693	1570
5.694	1537.74
5.695	1505.7
5.696	1474.15
5.697	1443.37
5.698	1413.62
5.699	1385.16
5.7	1358.22
5.701	1332.98
5.702	1309.58
5.703	1288.14
5.704	1268.68
5.705	1251.17
5.706	1235.53
5.707	1221.61
5.708	1209.19
5.709	1198
5.71	1187.72
5.711	1178.01
5.712	1168.47
5.713	1158.72
5.714	1148.35
5.715	1136.99
5.716	1124.27
5.717	1109.86
5.718	1093.51
5.719	1074.98
5.72	1054.13
5.721	1030.87
5.722	1005.2
5.723	977.165
5.724	946.91
5.725	914.63
5.726	880.589
5.727	845.101
5.728	808.53
5.729	771.274
5.73	733.759
5.731	696.429
5.732	659.732
5.733	624.116
5.734	590.015
5.735	557.846
5.736	527.996
5.737	500.82
5.738	476.636
5.739	455.72
5.74	438.302
5.741	424.568
5.742	414.655
5.743	408.654
5.744	406.609
5.745	408.52
5.746	414.343
5.747	423.991
5.748	437.341
5.749	454.231
5.75	474.468
5.751	497.824
5.752	524.048
5.753	552.86
5.754	583.961
5.755	617.031
5.756	651.736
5.757	687.726
5.758	724.644
5.759	762.124
5.76	799.797
5.761	837.291
5.762	874.237
5.763	910.27
5.764	945.032
5.765	978.179
5.766	1009.38
5.767	1038.31
5.768	1064.69
5.769	1088.25
5.77	1108.75
5.771	1125.99
5.772	1139.8
5.773	1150.06
5.774	1156.69
5.775	1159.67
5.776	1159.01
5.777	1154.79
5.778	1147.14
5.779	1136.24
5.78	1122.32
5.781	1105.66
5.782	1086.58
5.783	1065.42
5.784	1042.58
5.785	1018.45
5.786	993.428
5.787	967.929
5.788	942.341
5.789	917.035
5.79	892.349
5.791	868.583
5.792	845.986
5.793	824.761
5.794	805.052
5.795	786.948
5.796	770.482
5.797	755.636
5.798	742.341
5.799	730.492
5.8	719.944
5.801	710.533
5.802	702.075
5.803	694.382
5.804	687.268
5.805	680.56
5.806	674.103
5.807	667.766
5.808	661.45
5.809	655.089
5.81	648.649
5.811	642.133
5.812	635.574
5.813	629.033
5.814	622.596
5.815	616.365
5.816	610.456
5.817	604.987
5.818	600.074
5.819	595.826
5.82	592.335
5.821	589.672
5.822	587.884
5.823	586.99
5.824	586.977
5.825	587.803
5.826	589.392
5.827	591.642
5.828	594.424
5.829	597.585
5.83	600.956
5.831	604.355
5.832	607.593
5.833	610.479
5.834	612.83
5.835	614.472
5.836	615.248
5.837	615.02
5.838	613.678
5.839	611.138
5.84	607.346
5.841	602.28
5.842	595.949
5.843	588.394
5.844	579.682
5.845	569.909
5.846	559.19
5.847	547.663
5.848	535.477
5.849	522.792
5.85	509.772
5.851	496.583
5.852	483.386
5.853	470.332
5.854	457.563
5.855	445.205
5.856	433.367
5.857	422.137
5.858	411.587
5.859	401.765
5.86	392.702
5.861	384.409
5.862	376.879
5.863	370.092
5.864	364.012
5.865	358.595
5.866	353.788
5.867	349.536
5.868	345.778
5.869	342.459
5.87	339.524
5.871	336.925
5.872	334.623
5.873	332.587
5.874	330.797
5.875	329.243
5.876	327.929
5.877	326.866
5.878	326.078
5.879	325.597
5.88	325.46
5.881	325.712
5.882	326.398
5.883	327.565
5.884	329.257
5.885	331.515
5.886	334.37
5.887	337.849
5.888	341.964
5.889	346.718
5.89	352.099
5.891	358.083
5.892	364.633
5.893	371.698
5.894	379.215
5.895	387.111
5.896	395.304
5.897	403.703
5.898	412.213
5.899	420.736
5.9	429.17
5.901	437.415
5.902	445.375
5.903	452.954
5.904	460.063
5.905	466.62
5.906	472.549
5.907	477.781
5.908	482.258
5.909	485.929
5.91	488.753
5.911	490.699
5.912	491.745
5.913	491.881
5.914	491.107
5.915	489.434
5.916	486.887
5.917	483.501
5.918	479.322
5.919	474.413
5.92	468.844
5.921	462.699
5.922	456.071
5.923	449.065
5.924	441.791
5.925	434.363
5.926	426.901
5.927	419.523
5.928	412.344
5.929	405.475
5.93	399.014
5.931	393.051
5.932	387.658
5.933	382.893
5.934	378.793
5.935	375.379
5.936	372.649
5.937	370.586
5.938	369.152
5.939	368.296
5.94	367.956
5.941	368.058
5.942	368.528
5.943	369.287
5.944	370.263
5.945	371.392
5.946	372.622
5.947	373.914
5.948	375.25
5.949	376.628
5.95	378.067
5.951	379.606
5.952	381.297
5.953	383.21
5.954	385.423
5.955	388.017
5.956	391.076
5.957	394.677
5.958	398.882
5.959	403.74
5.96	409.275
5.961	415.484
5.962	422.337
5.963	429.769
5.964	437.685
5.965	445.961
5.966	454.442
5.967	462.951
5.968	471.291
5.969	479.254
5.97	486.623
5.971	493.185
5.972	498.736
5.973	503.086
5.974	506.071
5.975	507.551
5.976	507.423
5.977	505.621
5.978	502.116
5.979	496.921
5.98	490.091
5.981	481.716
5.982	471.926
5.983	460.882
5.984	448.778
5.985	435.828
5.986	422.271
5.987	408.358
5.988	394.353
5.989	380.526
5.99	367.15
5.991	354.493
5.992	342.822
5.993	332.392
5.994	323.446
5.995	316.214
5.996	310.905
5.997	307.708
5.998	306.786
5.999	308.274
6	312.278
6.001	318.868
6.002	328.076
6.003	339.896
6.004	354.277
6.005	371.127
6.006	390.308
6.007	411.637
6.008	434.89
6.009	459.8
6.01	486.066
6.011	513.357
6.012	541.316
6.013	569.57
6.014	597.741
6.015	625.451
6.016	652.334
6.017	678.048
6.018	702.279
6.019	724.755
6.02	745.25
6.021	763.591
6.022	779.664
6.023	793.411
6.024	804.837
6.025	814
6.026	821.015
6.027	826.042
6.028	829.282
6.029	830.965
6.03	831.344
6.031	830.683
6.032	829.244
6.033	827.283
6.034	825.036
6.035	822.714
6.036	820.494
6.037	818.517
6.038	816.884
6.039	815.654
6.04	814.846
6.041	814.438
6.042	814.376
6.043	814.574
6.044	814.922
6.045	815.292
6.046	815.545
6.047	815.535
6.048	815.121
6.049	814.165
6.05	812.545
6.051	810.152
6.052	806.898
6.053	802.718
6.054	797.569
6.055	791.433
6.056	784.314
6.057	776.241
6.058	767.265
6.059	757.456
6.06	746.903
6.061	735.712
6.062	724.003
6.063	711.909
6.064	699.575
6.065	687.153
6.066	674.804
6.067	662.693
6.068	650.99
6.069	639.866
6.07	629.491
6.071	620.032
6.072	611.651
6.073	604.501
6.074	598.722
6.075	594.439
6.076	591.757
6.077	590.76
6.078	591.503
6.079	594.012
6.08	598.279
6.081	604.262
6.082	611.879
6.083	621.013
6.084	631.505
6.085	643.164
6.086	655.76
6.087	669.036
6.088	682.707
6.089	696.468
6.09	710.002
6.091	722.983
6.092	735.089
6.093	746.007
6.094	755.44
6.095	763.118
6.096	768.804
6.097	772.296
6.098	773.44
6.099	772.127
6.1	768.3
6.101	761.953
6.102	753.134
6.103	741.94
6.104	728.515
6.105	713.051
6.106	695.774
6.107	676.949
6.108	656.863
6.109	635.827
6.11	614.163
6.111	592.2
6.112	570.267
6.113	548.686
6.114	527.762
6.115	507.787
6.116	489.024
6.117	471.711
6.118	456.058
6.119	442.237
6.12	430.39
6.121	420.624
6.122	413.01
6.123	407.586
6.124	404.359
6.125	403.304
6.126	404.371
6.127	407.483
6.128	412.542
6.129	419.432
6.13	428.019
6.131	438.16
6.132	449.698
6.133	462.475
6.134	476.324
6.135	491.08
6.136	506.575
6.137	522.648
6.138	539.138
6.139	555.892
6.14	572.761
6.141	589.607
6.142	606.296
6.143	622.703
6.144	638.714
6.145	654.222
6.146	669.127
6.147	683.342
6.148	696.787
6.149	709.391
6.15	721.093
6.151	731.843
6.152	741.6
6.153	750.334
6.154	758.028
6.155	764.673
6.156	770.276
6.157	774.852
6.158	778.431
6.159	781.054
6.16	782.772
6.161	783.648
6.162	783.755
6.163	783.173
6.164	781.988
6.165	780.292
6.166	778.177
6.167	775.737
6.168	773.063
6.169	770.239
6.17	767.343
6.171	764.444
6.172	761.596
6.173	758.843
6.174	756.211
6.175	753.711
6.176	751.339
6.177	749.073
6.178	746.874
6.179	744.691
6.18	742.458
6.181	740.097
6.182	737.522
6.183	734.64
6.184	731.356
6.185	727.572
6.186	723.196
6.187	718.141
6.188	712.33
6.189	705.698
6.19	698.194
6.191	689.785
6.192	680.459
6.193	670.219
6.194	659.094
6.195	647.127
6.196	634.386
6.197	620.953
6.198	606.925
6.199	592.414
6.2	577.54
6.201	562.43
6.202	547.212
6.203	532.016
6.204	516.967
6.205	502.183
6.206	487.773
6.207	473.837
6.208	460.462
6.209	447.723
6.21	435.683
6.211	424.396
6.212	413.903
6.213	404.241
6.214	395.438
6.215	387.521
6.216	380.512
6.217	374.436
6.218	369.316
6.219	365.176
6.22	362.043
6.221	359.944
6.222	358.905
6.223	358.948
6.224	360.091
6.225	362.345
6.226	365.709
6.227	370.17
6.228	375.696
6.229	382.241
6.23	389.736
6.231	398.09
6.232	407.192
6.233	416.91
6.234	427.091
6.235	437.564
6.236	448.144
6.237	458.634
6.238	468.83
6.239	478.526
6.24	487.518
6.241	495.608
6.242	502.611
6.243	508.359
6.244	512.705
6.245	515.526
6.246	516.727
6.247	516.245
6.248	514.047
6.249	510.131
6.25	504.531
6.251	497.309
6.252	488.558
6.253	478.396
6.254	466.966
6.255	454.431
6.256	440.968
6.257	426.765
6.258	412.018
6.259	396.925
6.26	381.678
6.261	366.467
6.262	351.467
6.263	336.843
6.264	322.741
6.265	309.289
6.266	296.597
6.267	284.751
6.268	273.821
6.269	263.853
6.27	254.878
6.271	246.91
6.272	239.947
6.273	233.977
6.274	228.981
6.275	224.932
6.276	221.802
6.277	219.563
6.278	218.188
6.279	217.657
6.28	217.954
6.281	219.07
6.282	221.005
6.283	223.763
6.284	227.354
6.285	231.794
6.286	237.097
6.287	243.278
6.288	250.346
6.289	258.303
6.29	267.14
6.291	276.834
6.292	287.344
6.293	298.611
6.294	310.555
6.295	323.075
6.296	336.047
6.297	349.33
6.298	362.763
6.299	376.169
6.3	389.361
6.301	402.147
6.302	414.331
6.303	425.721
6.304	436.136
6.305	445.41
6.306	453.397
6.307	459.976
6.308	465.054
6.309	468.574
6.31	470.509
6.311	470.871
6.312	469.706
6.313	467.097
6.314	463.157
6.315	458.034
6.316	451.898
6.317	444.948
6.318	437.399
6.319	429.481
6.32	421.437
6.321	413.517
6.322	405.972
6.323	399.054
6.324	393.009
6.325	388.08
6.326	384.496
6.327	382.477
6.328	382.229
6.329	383.939
6.33	387.778
6.331	393.895
6.332	402.416
6.333	413.44
6.334	427.039
6.335	443.252
6.336	462.085
6.337	483.504
6.338	507.437
6.339	533.768
6.34	562.336
6.341	592.934
6.342	625.308
6.343	659.158
6.344	694.142
6.345	729.874
6.346	765.936
6.347	801.877
6.348	837.227
6.349	871.501
6.35	904.214
6.351	934.889
6.352	963.067
6.353	988.325
6.354	1010.28
6.355	1028.61
6.356	1043.05
6.357	1053.4
6.358	1059.57
6.359	1061.51
6.36	1059.28
6.361	1053.02
6.362	1042.94
6.363	1029.32
6.364	1012.52
6.365	992.942
6.366	971.018
6.367	947.22
6.368	922.031
6.369	895.933
6.37	869.392
6.371	842.851
6.372	816.713
6.373	791.337
6.374	767.027
6.375	744.026
6.376	722.518
6.377	702.622
6.378	684.395
6.379	667.837
6.38	652.893
6.381	639.458
6.382	627.388
6.383	616.507
6.384	606.612
6.385	597.485
6.386	588.901
6.387	580.636
6.388	572.472
6.389	564.208
6.39	555.662
6.391	546.678
6.392	537.131
6.393	526.924
6.394	515.995
6.395	504.315
6.396	491.886
6.397	478.741
6.398	464.94
6.399	450.565
6.4	435.719
6.401	420.521
6.402	405.096
6.403	389.579
6.404	374.102
6.405	358.795
6.406	343.781
6.407	329.171
6.408	315.064
6.409	301.543
6.41	288.676
6.411	276.512
6.412	265.085
6.413	254.412
6.414	244.497
6.415	235.327
6.416	226.882
6.417	219.129
6.418	212.028
6.419	205.533
6.42	199.595
6.421	194.163
6.422	189.184
6.423	184.607
6.424	180.383
6.425	176.468
6.426	172.821
6.427	169.406
6.428	166.195
6.429	163.166
6.43	160.305
6.431	157.607
6.432	155.074
6.433	152.719
6.434	150.562
6.435	148.631
6.436	146.965
6.437	145.608
6.438	144.609
6.439	144.024
6.44	143.911
6.441	144.328
6.442	145.334
6.443	146.983
6.444	149.323
6.445	152.397
6.446	156.235
6.447	160.857
6.448	166.269
6.449	172.461
6.45	179.411
6.451	187.08
6.452	195.413
6.453	204.342
6.454	213.784
6.455	223.647
6.456	233.829
6.457	244.22
6.458	254.707
6.459	265.175
6.46	275.511
6.461	285.606
6.462	295.358
6.463	304.672
6.464	313.469
6.465	321.68
6.466	329.25
6.467	336.142
6.468	342.334
6.469	347.822
6.47	352.615
6.471	356.742
6.472	360.244
6.473	363.177
6.474	365.609
6.475	367.618
6.476	369.293
6.477	370.728
6.478	372.022
6.479	373.28
6.48	374.604
6.481	376.097
6.482	377.861
6.483	379.99
6.484	382.573
6.485	385.693
6.486	389.42
6.487	393.814
6.488	398.925
6.489	404.785
6.49	411.413
6.491	418.814
6.492	426.974
6.493	435.861
6.494	445.428
6.495	455.608
6.496	466.318
6.497	477.46
6.498	488.918
6.499	500.565
6.5	512.262
6.501	523.86
6.502	535.208
6.503	546.15
6.504	556.53
6.505	566.201
6.506	575.02
6.507	582.859
6.508	589.603
6.509	595.156
6.51	599.44
6.511	602.4
6.512	604.003
6.513	604.236
6.514	603.111
6.515	600.659
6.516	596.929
6.517	591.988
6.518	585.917
6.519	578.808
6.52	570.76
6.521	561.881
6.522	552.277
6.523	542.059
6.524	531.333
6.525	520.2
6.526	508.76
6.527	497.102
6.528	485.309
6.529	473.457
6.53	461.611
6.531	449.831
6.532	438.165
6.533	426.657
6.534	415.341
6.535	404.243
6.536	393.386
6.537	382.784
6.538	372.446
6.539	362.376
6.54	352.575
6.541	343.04
6.542	333.764
6.543	324.739
6.544	315.957
6.545	307.407
6.546	299.08
6.547	290.968
6.548	283.067
6.549	275.373
6.55	267.888
6.551	260.616
6.552	253.567
6.553	246.755
6.554	240.197
6.555	233.918
6.556	227.942
6.557	222.301
6.558	217.026
6.559	212.151
6.56	207.709
6.561	203.735
6.562	200.259
6.563	197.309
6.564	194.911
6.565	193.083
6.566	191.839
6.567	191.187
6.568	191.127
6.569	191.655
6.57	192.756
6.571	194.414
6.572	196.605
6.573	199.301
6.574	202.471
6.575	206.081
6.576	210.096
6.577	214.481
6.578	219.204
6.579	224.231
6.58	229.533
6.581	235.084
6.582	240.859
6.583	246.836
6.584	252.995
6.585	259.317
6.586	265.781
6.587	272.367
6.588	279.05
6.589	285.799
6.59	292.581
6.591	299.354
6.592	306.067
6.593	312.666
6.594	319.085
6.595	325.256
6.596	331.102
6.597	336.546
6.598	341.51
6.599	345.918
6.6	349.699
6.601	352.791
6.602	355.145
6.603	356.725
6.604	357.515
6.605	357.517
6.606	356.756
6.607	355.28
6.608	353.16
6.609	350.489
6.61	347.38
6.611	343.967
6.612	340.396
6.613	336.829
6.614	333.433
6.615	330.378
6.616	327.833
6.617	325.957
6.618	324.901
6.619	324.796
6.62	325.753
6.621	327.856
6.622	331.164
6.623	335.703
6.624	341.469
6.625	348.426
6.626	356.505
6.627	365.608
6.628	375.609
6.629	386.359
6.63	397.689
6.631	409.414
6.632	421.34
6.633	433.268
6.634	445.004
6.635	456.356
6.636	467.15
6.637	477.227
6.638	486.451
6.639	494.71
6.64	501.923
6.641	508.037
6.642	513.029
6.643	516.904
6.644	519.697
6.645	521.466
6.646	522.29
6.647	522.264
6.648	521.496
6.649	520.1
6.65	518.189
6.651	515.877
6.652	513.265
6.653	510.447
6.654	507.498
6.655	504.479
6.656	501.431
6.657	498.378
6.658	495.328
6.659	492.271
6.66	489.187
6.661	486.046
6.662	482.811
6.663	479.446
6.664	475.913
6.665	472.183
6.666	468.233
6.667	464.05
6.668	459.637
6.669	455.007
6.67	450.187
6.671	445.218
6.672	440.149
6.673	435.042
6.674	429.96
6.675	424.973
6.676	420.148
6.677	415.55
6.678	411.235
6.679	407.252
6.68	403.635
6.681	400.405
6.682	397.569
6.683	395.117
6.684	393.025
6.685	391.256
6.686	389.758
6.687	388.473
6.688	387.333
6.689	386.268
6.69	385.208
6.691	384.086
6.692	382.843
6.693	381.43
6.694	379.809
6.695	377.96
6.696	375.875
6.697	373.568
6.698	371.067
6.699	368.417
6.7	365.674
6.701	362.91
6.702	360.202
6.703	357.632
6.704	355.281
6.705	353.228
6.706	351.543
6.707	350.282
6.708	349.488
6.709	349.184
6.71	349.374
6.711	350.041
6.712	351.149
6.713	352.64
6.714	354.442
6.715	356.467
6.716	358.622
6.717	360.804
6.718	362.914
6.719	364.858
6.72	366.554
6.721	367.931
6.722	368.943
6.723	369.562
6.724	369.786
6.725	369.64
6.726	369.17
6.727	368.451
6.728	367.575
6.729	366.654
6.73	365.813
6.731	365.184
6.732	364.905
6.733	365.108
6.734	365.921
6.735	367.455
6.736	369.807
6.737	373.052
6.738	377.237
6.739	382.388
6.74	388.498
6.741	395.535
6.742	403.438
6.743	412.12
6.744	421.471
6.745	431.357
6.746	441.63
6.747	452.126
6.748	462.671
6.749	473.085
6.75	483.187
6.751	492.797
6.752	501.742
6.753	509.859
6.754	516.997
6.755	523.021
6.756	527.815
6.757	531.28
6.758	533.342
6.759	533.947
6.76	533.063
6.761	530.683
6.762	526.819
6.763	521.505
6.764	514.793
6.765	506.752
6.766	497.469
6.767	487.041
6.768	475.575
6.769	463.188
6.77	450.003
6.771	436.143
6.772	421.735
6.773	406.904
6.774	391.773
6.775	376.462
6.776	361.085
6.777	345.75
6.778	330.56
6.779	315.61
6.78	300.99
6.781	286.782
6.782	273.06
6.783	259.894
6.784	247.346
6.785	235.472
6.786	224.322
6.787	213.938
6.788	204.36
6.789	195.617
6.79	187.737
6.791	180.739
6.792	174.639
6.793	169.445
6.794	165.165
6.795	161.8
6.796	159.349
6.797	157.809
6.798	157.177
6.799	157.45
6.8	158.628
6.801	160.713
6.802	163.711
6.803	167.633
6.804	172.498
6.805	178.329
6.806	185.157
6.807	193.019
6.808	201.955
6.809	212.011
6.81	223.234
6.811	235.67
6.812	249.363
6.813	264.348
6.814	280.653
6.815	298.292
6.816	317.261
6.817	337.538
6.818	359.078
6.819	381.811
6.82	405.642
6.821	430.445
6.822	456.07
6.823	482.338
6.824	509.046
6.825	535.969
6.826	562.864
6.827	589.472
6.828	615.527
6.829	640.761
6.83	664.908
6.831	687.713
6.832	708.936
6.833	728.359
6.834	745.794
6.835	761.083
6.836	774.105
6.837	784.777
6.838	793.057
6.839	798.942
6.84	802.469
6.841	803.71
6.842	802.771
6.843	799.786
6.844	794.909
6.845	788.314
6.846	780.183
6.847	770.706
6.848	760.066
6.849	748.445
6.85	736.012
6.851	722.919
6.852	709.304
6.853	695.288
6.854	680.969
6.855	666.432
6.856	651.744
6.857	636.96
6.858	622.123
6.859	607.271
6.86	592.438
6.861	577.655
6.862	562.957
6.863	548.383
6.864	533.977
6.865	519.789
6.866	505.875
6.867	492.297
6.868	479.12
6.869	466.411
6.87	454.237
6.871	442.663
6.872	431.748
6.873	421.543
6.874	412.093
6.875	403.429
6.876	395.572
6.877	388.528
6.878	382.295
6.879	376.854
6.88	372.179
6.881	368.231
6.882	364.965
6.883	362.329
6.884	360.264
6.885	358.71
6.886	357.605
6.887	356.888
6.888	356.498
6.889	356.376
6.89	356.47
6.891	356.729
6.892	357.108
6.893	357.568
6.894	358.074
6.895	358.597
6.896	359.114
6.897	359.605
6.898	360.057
6.899	360.461
6.9	360.811
6.901	361.106
6.902	361.346
6.903	361.536
6.904	361.68
6.905	361.782
6.906	361.85
6.907	361.887
6.908	361.896
6.909	361.878
6.91	361.833
6.911	361.756
6.912	361.64
6.913	361.478
6.914	361.258
6.915	360.971
6.916	360.605
6.917	360.152
6.918	359.606
6.919	358.968
6.92	358.241
6.921	357.441
6.922	356.587
6.923	355.712
6.924	354.857
6.925	354.071
6.926	353.414
6.927	352.952
6.928	352.755
6.929	352.898
6.93	353.453
6.931	354.491
6.932	356.072
6.933	358.25
6.934	361.062
6.935	364.529
6.936	368.651
6.937	373.41
6.938	378.764
6.939	384.65
6.94	390.985
6.941	397.666
6.942	404.575
6.943	411.581
6.944	418.547
6.945	425.331
6.946	431.795
6.947	437.806
6.948	443.245
6.949	448.008
6.95	452.009
6.951	455.189
6.952	457.511
6.953	458.962
6.954	459.557
6.955	459.333
6.956	458.351
6.957	456.689
6.958	454.442
6.959	451.715
6.96	448.621
6.961	445.275
6.962	441.79
6.963	438.273
6.964	434.822
6.965	431.522
6.966	428.444
6.967	425.639
6.968	423.144
6.969	420.972
6.97	419.123
6.971	417.576
6.972	416.293
6.973	415.224
6.974	414.303
6.975	413.454
6.976	412.595
6.977	411.636
6.978	410.486
6.979	409.054
6.98	407.25
6.981	404.992
6.982	402.204
6.983	398.822
6.984	394.793
6.985	390.081
6.986	384.662
6.987	378.533
6.988	371.707
6.989	364.216
6.99	356.108
6.991	347.45
6.992	338.325
6.993	328.831
6.994	319.076
6.995	309.181
6.996	299.274
6.997	289.488
6.998	279.956
6.999	270.814
7	262.192
7.001	254.216
7.002	247.002
7.003	240.658
7.004	235.282
7.005	230.955
7.006	227.751
7.007	225.726
7.008	224.924
7.009	225.376
7.01	227.1
7.011	230.098
7.012	234.365
7.013	239.88
7.014	246.612
7.015	254.519
7.016	263.55
7.017	273.64
7.018	284.718
7.019	296.701
7.02	309.496
7.021	323.002
7.022	337.108
7.023	351.694
7.024	366.633
7.025	381.792
7.026	397.029
7.027	412.2
7.028	427.156
7.029	441.747
7.03	455.823
7.031	469.236
7.032	481.842
7.033	493.505
7.034	504.094
7.035	513.491
7.036	521.589
7.037	528.295
7.038	533.532
7.039	537.241
7.04	539.379
7.041	539.924
7.042	538.872
7.043	536.24
7.044	532.063
7.045	526.397
7.046	519.313
7.047	510.903
7.048	501.27
7.049	490.534
7.05	478.824
7.051	466.278
7.052	453.042
7.053	439.264
7.054	425.094
7.055	410.681
7.056	396.169
7.057	381.695
7.058	367.39
7.059	353.373
7.06	339.75
7.061	326.618
7.062	314.058
7.063	302.136
7.064	290.905
7.065	280.407
7.066	270.667
7.067	261.699
7.068	253.507
7.069	246.084
7.07	239.415
7.071	233.479
7.072	228.245
7.073	223.684
7.074	219.757
7.075	216.429
7.076	213.661
7.077	211.413
7.078	209.65
7.079	208.335
7.08	207.433
7.081	206.914
7.082	206.748
7.083	206.91
7.084	207.376
7.085	208.128
7.086	209.149
7.087	210.426
7.088	211.953
7.089	213.724
7.09	215.74
7.091	218.007
7.092	220.537
7.093	223.347
7.094	226.462
7.095	229.912
7.096	233.737
7.097	237.98
7.098	242.696
7.099	247.94
7.1	253.778
7.101	260.275
7.102	267.498
7.103	275.515
7.104	284.387
7.105	294.168
7.106	304.904
7.107	316.622
7.108	329.333
7.109	343.024
7.11	357.66
7.111	373.176
7.112	389.48
7.113	406.447
7.114	423.925
7.115	441.735
7.116	459.67
7.117	477.505
7.118	494.995
7.119	511.891
7.12	527.937
7.121	542.885
7.122	556.499
7.123	568.565
7.124	578.897
7.125	587.348
7.126	593.81
7.127	598.226
7.128	600.585
7.129	600.934
7.13	599.368
7.131	596.035
7.132	591.128
7.133	584.885
7.134	577.574
7.135	569.495
7.136	560.963
7.137	552.303
7.138	543.837
7.139	535.876
7.14	528.714
7.141	522.613
7.142	517.798
7.143	514.454
7.144	512.716
7.145	512.669
7.146	514.345
7.147	517.723
7.148	522.731
7.149	529.246
7.15	537.102
7.151	546.093
7.152	555.978
7.153	566.492
7.154	577.349
7.155	588.25
7.156	598.896
7.157	608.987
7.158	618.238
7.159	626.38
7.16	633.169
7.161	638.393
7.162	641.871
7.163	643.464
7.164	643.073
7.165	640.644
7.166	636.166
7.167	629.674
7.168	621.244
7.169	610.996
7.17	599.088
7.171	585.711
7.172	571.089
7.173	555.472
7.174	539.13
7.175	522.349
7.176	505.425
7.177	488.66
7.178	472.354
7.179	456.804
7.18	442.294
7.181	429.095
7.182	417.458
7.183	407.613
7.184	399.764
7.185	394.085
7.186	390.72
7.187	389.78
7.188	391.341
7.189	395.441
7.19	402.08
7.191	411.22
7.192	422.783
7.193	436.651
7.194	452.667
7.195	470.636
7.196	490.326
7.197	511.471
7.198	533.774
7.199	556.913
7.2	580.542
7.201	604.3
7.202	627.817
7.203	650.723
7.204	672.65
7.205	693.248
7.206	712.185
7.207	729.162
7.208	743.915
7.209	756.222
7.21	765.913
7.211	772.866
7.212	777.018
7.213	778.36
7.214	776.938
7.215	772.852
7.216	766.251
7.217	757.326
7.218	746.309
7.219	733.46
7.22	719.061
7.221	703.408
7.222	686.805
7.223	669.552
7.224	651.94
7.225	634.245
7.226	616.72
7.227	599.594
7.228	583.068
7.229	567.308
7.23	552.454
7.231	538.611
7.232	525.854
7.233	514.232
7.234	503.766
7.235	494.454
7.236	486.275
7.237	479.191
7.238	473.15
7.239	468.089
7.24	463.937
7.241	460.617
7.242	458.046
7.243	456.141
7.244	454.817
7.245	453.989
7.246	453.575
7.247	453.494
7.248	453.669
7.249	454.027
7.25	454.502
7.251	455.033
7.252	455.566
7.253	456.058
7.254	456.473
7.255	456.786
7.256	456.982
7.257	457.056
7.258	457.014
7.259	456.873
7.26	456.656
7.261	456.395
7.262	456.127
7.263	455.893
7.264	455.735
7.265	455.693
7.266	455.804
7.267	456.098
7.268	456.597
7.269	457.312
7.27	458.245
7.271	459.381
7.272	460.695
7.273	462.149
7.274	463.694
7.275	465.27
7.276	466.811
7.277	468.243
7.278	469.492
7.279	470.485
7.28	471.152
7.281	471.431
7.282	471.271
7.283	470.63
7.284	469.484
7.285	467.821
7.286	465.647
7.287	462.983
7.288	459.865
7.289	456.342
7.29	452.472
7.291	448.326
7.292	443.975
7.293	439.495
7.294	434.962
7.295	430.445
7.296	426.008
7.297	421.706
7.298	417.582
7.299	413.668
7.3	409.98
7.301	406.526
7.302	403.297
7.303	400.276
7.304	397.436
7.305	394.744
7.306	392.164
7.307	389.656
7.308	387.183
7.309	384.713
7.31	382.22
7.311	379.687
7.312	377.107
7.313	374.486
7.314	371.842
7.315	369.204
7.316	366.614
7.317	364.125
7.318	361.796
7.319	359.695
7.32	357.893
7.321	356.462
7.322	355.473
7.323	354.989
7.324	355.071
7.325	355.765
7.326	357.107
7.327	359.12
7.328	361.811
7.329	365.172
7.33	369.179
7.331	373.794
7.332	378.964
7.333	384.627
7.334	390.708
7.335	397.127
7.336	403.797
7.337	410.631
7.338	417.541
7.339	424.442
7.34	431.254
7.341	437.904
7.342	444.326
7.343	450.461
7.344	456.263
7.345	461.69
7.346	466.71
7.347	471.297
7.348	475.431
7.349	479.094
7.35	482.272
7.351	484.951
7.352	487.114
7.353	488.745
7.354	489.823
7.355	490.326
7.356	490.226
7.357	489.493
7.358	488.099
7.359	486.011
7.36	483.2
7.361	479.64
7.362	475.312
7.363	470.203
7.364	464.31
7.365	457.643
7.366	450.224
7.367	442.09
7.368	433.29
7.369	423.892
7.37	413.973
7.371	403.626
7.372	392.954
7.373	382.069
7.374	371.088
7.375	360.132
7.376	349.323
7.377	338.777
7.378	328.606
7.379	318.912
7.38	309.787
7.381	301.304
7.382	293.526
7.383	286.494
7.384	280.233
7.385	274.75
7.386	270.033
7.387	266.052
7.388	262.764
7.389	260.109
7.39	258.018
7.391	256.41
7.392	255.196
7.393	254.286
7.394	253.585
7.395	252.999
7.396	252.438
7.397	251.816
7.398	251.056
7.399	250.089
7.4	248.857
7.401	247.313
7.402	245.425
7.403	243.171
7.404	240.547
7.405	237.56
7.406	234.231
7.407	230.594
7.408	226.697
7.409	222.596
7.41	218.359
7.411	214.061
7.412	209.785
7.413	205.617
7.414	201.645
7.415	197.96
7.416	194.649
7.417	191.795
7.418	189.478
7.419	187.768
7.42	186.727
7.421	186.404
7.422	186.839
7.423	188.058
7.424	190.074
7.425	192.884
7.426	196.475
7.427	200.819
7.428	205.877
7.429	211.598
7.43	217.922
7.431	224.78
7.432	232.098
7.433	239.797
7.434	247.795
7.435	256.01
7.436	264.361
7.437	272.768
7.438	281.158
7.439	289.463
7.44	297.619
7.441	305.573
7.442	313.279
7.443	320.697
7.444	327.797
7.445	334.559
7.446	340.967
7.447	347.014
7.448	352.698
7.449	358.023
7.45	362.997
7.451	367.63
7.452	371.937
7.453	375.931
7.454	379.629
7.455	383.046
7.456	386.196
7.457	389.094
7.458	391.752
7.459	394.184
7.46	396.4
7.461	398.412
7.462	400.229
7.463	401.863
7.464	403.324
7.465	404.625
7.466	405.779
7.467	406.798
7.468	407.699
7.469	408.498
7.47	409.211
7.471	409.855
7.472	410.446
7.473	411.001
7.474	411.532
7.475	412.05
7.476	412.563
7.477	413.074
7.478	413.581
7.479	414.077
7.48	414.55
7.481	414.983
7.482	415.352
7.483	415.631
7.484	415.788
7.485	415.791
7.486	415.605
7.487	415.197
7.488	414.537
7.489	413.597
7.49	412.357
7.491	410.805
7.492	408.938
7.493	406.765
7.494	404.307
7.495	401.6
7.496	398.691
7.497	395.645
7.498	392.538
7.499	389.461
