0.5	0
0.501	0
0.502	0
0.503	0
0.504	0
0.505	0
0.506	0
0.507	0
0.508	0
0.509	0
0.51	0
0.511	0
0.512	0
0.513	0
0.514	0
0.515	0
0.516	0
0.517	0
0.518	0
0.519	0
0.52	0
0.521	0
0.522	0
0.523	0
0.524	0
0.525	0
0.526	0
0.527	0
0.528	0
0.529	0
0.53	0
0.531	0
0.532	0
0.533	0
0.534	0
0.535	0
0.536	0
0.537	0
0.538	0
0.539	0
0.54	0
0.541	0
0.542	0
0.543	0
0.544	0
0.545	0
0.546	3.55332e-320
0.547	6.08534e-317
0.548	1.00922e-313
0.549	1.61182e-310
0.55	2.47902e-307
0.551	3.67178e-304
0.552	5.2373e-301
0.553	7.19401e-298
0.554	9.5163e-295
0.555	1.21227e-291
0.556	1.48717e-288
0.557	1.75694e-285
0.558	1.99888e-282
0.559	2.19002e-279
0.56	2.3107e-276
0.561	2.34786e-273
0.562	2.29739e-270
0.563	2.16485e-267
0.564	1.96452e-264
0.565	1.71679e-261
0.566	1.44481e-258
0.567	1.17095e-255
0.568	9.13901e-253
0.569	6.86898e-250
0.57	4.97186e-247
0.571	3.4656e-244
0.572	2.32633e-241
0.573	1.50382e-238
0.574	9.36173e-236
0.575	5.61239e-233
0.576	3.24021e-230
0.577	1.80149e-227
0.578	9.64545e-225
0.579	4.97333e-222
0.58	2.46948e-219
0.581	1.18085e-216
0.582	5.43775e-214
0.583	2.41144e-211
0.584	1.02983e-208
0.585	4.23535e-206
0.586	1.67743e-203
0.587	6.39786e-201
0.588	2.34994e-198
0.589	8.31213e-196
0.59	2.8314e-193
0.591	9.28801e-191
0.592	2.93412e-188
0.593	8.92618e-186
0.594	2.61509e-183
0.595	7.37804e-181
0.596	2.0046e-178
0.597	5.24504e-176
0.598	1.32161e-173
0.599	3.20692e-171
0.6	7.49391e-169
0.601	1.6864e-166
0.602	3.65466e-164
0.603	7.62722e-162
0.604	1.53292e-159
0.605	2.9669e-157
0.606	5.52996e-155
0.607	9.92597e-153
0.608	1.71576e-150
0.609	2.85611e-148
0.61	4.57853e-146
0.611	7.06822e-144
0.612	1.05082e-141
0.613	1.50445e-139
0.614	2.07425e-137
0.615	2.75408e-135
0.616	3.52149e-133
0.617	4.33619e-131
0.618	5.14191e-129
0.619	5.87182e-127
0.62	6.45736e-125
0.621	6.83864e-123
0.622	6.97458e-121
0.623	6.85013e-119
0.624	6.47908e-117
0.625	5.90148e-115
0.626	5.17656e-113
0.627	4.37275e-111
0.628	3.55714e-109
0.629	2.78664e-107
0.63	2.1023e-105
0.631	1.52736e-103
0.632	1.06861e-101
0.633	7.19998e-100
0.634	4.67172e-98
0.635	2.91914e-96
0.636	1.75658e-94
0.637	1.01791e-92
0.638	5.68054e-91
0.639	3.05281e-89
0.64	1.57995e-87
0.641	7.87447e-86
0.642	3.77947e-84
0.643	1.74693e-82
0.644	7.77591e-81
0.645	3.33319e-79
0.646	1.37595e-77
0.647	5.4699e-76
0.648	2.09405e-74
0.649	7.72022e-73
0.65	2.74097e-71
0.651	9.37159e-70
0.652	3.0857e-68
0.653	9.78428e-67
0.654	2.98769e-65
0.655	8.78571e-64
0.656	2.488e-62
0.657	6.78512e-61
0.658	1.78196e-59
0.659	4.50682e-58
0.66	1.09768e-56
0.661	2.57463e-55
0.662	5.81551e-54
0.663	1.26501e-52
0.664	2.64992e-51
0.665	5.34569e-50
0.666	1.0385e-48
0.667	1.94288e-47
0.668	3.5004e-46
0.669	6.07325e-45
0.67	1.01475e-43
0.671	1.63278e-42
0.672	2.53007e-41
0.673	3.77545e-40
0.674	5.42548e-39
0.675	7.50829e-38
0.676	1.00064e-36
0.677	1.28424e-35
0.678	1.58726e-34
0.679	1.88922e-33
0.68	2.16547e-32
0.681	2.3903e-31
0.682	2.5409e-30
0.683	2.60109e-29
0.684	2.56422e-28
0.685	2.43439e-27
0.686	2.22565e-26
0.687	1.95955e-25
0.688	1.66146e-24
0.689	1.35661e-23
0.69	1.06673e-22
0.691	8.0777e-22
0.692	5.89051e-21
0.693	4.13668e-20
0.694	2.79759e-19
0.695	1.822e-18
0.696	1.14274e-17
0.697	6.90204e-17
0.698	4.0146e-16
0.699	2.24874e-15
0.7	1.21302e-14
0.701	6.30134e-14
0.702	3.15232e-13
0.703	1.51866e-12
0.704	7.04567e-12
0.705	3.14788e-11
0.706	1.3544e-10
0.707	5.61189e-10
0.708	2.23926e-09
0.709	8.60465e-09
0.71	3.18416e-08
0.711	1.13472e-07
0.712	3.89419e-07
0.713	1.287e-06
0.714	4.09611e-06
0.715	1.25545e-05
0.716	3.7056e-05
0.717	0.00010533
0.718	0.000288322
0.719	0.000760043
0.72	0.00192944
0.721	0.00471689
0.722	0.0111049
0.723	0.0251772
0.724	0.0549708
0.725	0.115582
0.726	0.234035
0.727	0.456358
0.728	0.856964
0.729	1.54972
0.73	2.69884
0.731	4.5262
0.732	7.3101
0.733	11.3696
0.734	17.0295
0.735	24.5636
0.736	34.1204
0.737	45.6425
0.738	58.7974
0.739	72.9423
0.74	87.1433
0.741	100.259
0.742	111.082
0.743	118.521
0.744	121.782
0.745	120.505
0.746	114.831
0.747	105.377
0.748	93.1245
0.749	79.2531
0.75	64.9534
0.751	51.265
0.752	38.9649
0.753	28.5206
0.754	20.1037
0.755	13.6467
0.756	8.92097
0.757	5.61603
0.758	3.40471
0.759	1.98776
0.76	1.11759
0.761	0.605105
0.762	0.315511
0.763	0.158427
0.764	0.0766089
0.765	0.0356748
0.766	0.0159984
0.767	0.00690917
0.768	0.00287348
0.769	0.00115086
0.77	0.000443885
0.771	0.000164874
0.772	5.89747e-05
0.773	2.03148e-05
0.774	6.73896e-06
0.775	2.15281e-06
0.776	6.62297e-07
0.777	1.96215e-07
0.778	5.59816e-08
0.779	1.53812e-08
0.78	4.06978e-09
0.781	1.03701e-09
0.782	2.54465e-10
0.783	6.01321e-11
0.784	1.36841e-11
0.785	2.9989e-12
0.786	6.32907e-13
0.787	1.28632e-13
0.788	2.51764e-14
0.789	4.74538e-15
0.79	8.61353e-16
0.791	1.50565e-16
0.792	2.53455e-17
0.793	4.10875e-18
0.794	6.41435e-19
0.795	9.64336e-20
0.796	1.39617e-20
0.797	1.94661e-21
0.798	2.61369e-22
0.799	3.37957e-23
0.8	4.20826e-24
0.801	5.04635e-25
0.802	5.82753e-26
0.803	6.48074e-27
0.804	6.94062e-28
0.805	7.15822e-29
0.806	7.1096e-30
0.807	6.80014e-31
0.808	6.2636e-32
0.809	5.55601e-33
0.81	4.74608e-34
0.811	3.90428e-35
0.812	3.09299e-36
0.813	2.35967e-37
0.814	1.73362e-38
0.815	1.22657e-39
0.816	8.35726e-41
0.817	5.48362e-42
0.818	3.46501e-43
0.819	2.10851e-44
0.82	1.2356e-45
0.821	6.97292e-47
0.822	3.78952e-48
0.823	1.98329e-49
0.824	9.99591e-51
0.825	4.85167e-52
0.826	2.26774e-53
0.827	1.02077e-54
0.828	4.42483e-56
0.829	1.84713e-57
0.83	7.42561e-59
0.831	2.87475e-60
0.832	1.07177e-61
0.833	3.84799e-63
0.834	1.33046e-64
0.835	4.42996e-66
0.836	1.42047e-67
0.837	4.38631e-69
0.838	1.30436e-70
0.839	3.73535e-72
0.84	1.03014e-73
0.841	2.73587e-75
0.842	6.99724e-77
0.843	1.72342e-78
0.844	4.08779e-80
0.845	9.33727e-82
0.846	2.05392e-83
0.847	4.35092e-85
0.848	8.87588e-87
0.849	1.74371e-88
0.85	3.29892e-90
0.851	6.01037e-92
0.852	1.05454e-93
0.853	1.7818e-95
0.854	2.89931e-97
0.855	4.63099e-99
0.856	1.94684e-99
0.857	3.93344e-98
0.858	8.0731e-97
0.859	1.62404e-95
0.86	3.2021e-94
0.861	6.188e-93
0.862	1.17205e-91
0.863	2.1758e-90
0.864	3.95888e-89
0.865	7.06e-88
0.866	1.234e-86
0.867	2.11401e-85
0.868	3.54957e-84
0.869	5.8415e-83
0.87	9.42219e-82
0.871	1.48956e-80
0.872	2.30805e-79
0.873	3.50517e-78
0.874	5.21739e-77
0.875	7.61161e-76
0.876	1.08838e-74
0.877	1.52532e-73
0.878	2.09518e-72
0.879	2.82072e-71
0.88	3.72202e-70
0.881	4.81367e-69
0.882	6.10173e-68
0.883	7.5807e-67
0.884	9.2309e-66
0.885	1.10169e-64
0.886	1.2887e-63
0.887	1.47749e-62
0.888	1.66026e-61
0.889	1.82855e-60
0.89	1.97386e-59
0.891	2.08835e-58
0.892	2.16557e-57
0.893	2.20099e-56
0.894	2.19253e-55
0.895	2.14067e-54
0.896	2.04849e-53
0.897	1.92131e-52
0.898	1.7662e-51
0.899	1.59133e-50
0.9	1.40528e-49
0.901	1.2163e-48
0.902	1.03181e-47
0.903	8.57902e-47
0.904	6.99125e-46
0.905	5.58407e-45
0.906	4.37145e-44
0.907	3.35413e-43
0.908	2.5224e-42
0.909	1.8592e-41
0.91	1.34313e-40
0.911	9.51016e-40
0.912	6.5999e-39
0.913	4.48917e-38
0.914	2.99278e-37
0.915	1.95552e-36
0.916	1.25235e-35
0.917	7.8609e-35
0.918	4.83612e-34
0.919	2.91608e-33
0.92	1.72339e-32
0.921	9.98261e-32
0.922	5.66741e-31
0.923	3.15359e-30
0.924	1.7199e-29
0.925	9.19351e-29
0.926	4.81658e-28
0.927	2.47329e-27
0.928	1.24477e-26
0.929	6.14022e-26
0.93	2.96864e-25
0.931	1.40673e-24
0.932	6.53344e-24
0.933	2.97408e-23
0.934	1.32691e-22
0.935	5.80245e-22
0.936	2.48691e-21
0.937	1.04469e-20
0.938	4.30123e-20
0.939	1.73571e-19
0.94	6.86503e-19
0.941	2.66125e-18
0.942	1.01113e-17
0.943	3.76539e-17
0.944	1.37433e-16
0.945	4.91644e-16
0.946	1.72381e-15
0.947	5.9239e-15
0.948	1.99528e-14
0.949	6.5869e-14
0.95	2.13126e-13
0.951	6.75882e-13
0.952	2.1008e-12
0.953	6.39996e-12
0.954	1.91095e-11
0.955	5.59242e-11
0.956	1.60409e-10
0.957	4.50961e-10
0.958	1.24259e-09
0.959	3.35578e-09
0.96	8.8826e-09
0.961	2.30444e-08
0.962	5.85963e-08
0.963	1.46034e-07
0.964	3.56711e-07
0.965	8.54001e-07
0.966	2.00391e-06
0.967	4.60871e-06
0.968	1.03886e-05
0.969	2.29518e-05
0.97	4.96997e-05
0.971	0.00010548
0.972	0.000219415
0.973	0.000447343
0.974	0.00089391
0.975	0.00175076
0.976	0.00336077
0.977	0.00632309
0.978	0.01166
0.979	0.0210741
0.98	0.0373317
0.981	0.0648164
0.982	0.110299
0.983	0.183966
0.984	0.300734
0.985	0.481845
0.986	0.75668
0.987	1.16465
0.988	1.75696
0.989	2.59781
0.99	3.76475
0.991	5.34748
0.992	7.44471
0.993	10.1587
0.994	13.587
0.995	17.8123
0.996	22.8894
0.997	28.8334
0.998	35.6073
0.999	43.1141
1	51.1945
1.001	59.6327
1.002	68.1726
1.003	76.5449
1.004	84.5059
1.005	91.8872
1.006	98.6529
1.007	104.962
1.008	111.231
1.009	118.193
1.01	126.946
1.011	138.982
1.012	156.193
1.013	180.843
1.014	215.505
1.015	262.935
1.016	325.912
1.017	407.008
1.018	508.32
1.019	631.171
1.02	775.796
1.021	941.067
1.022	1124.28
1.023	1321.03
1.024	1525.29
1.025	1729.59
1.026	1925.41
1.027	2103.73
1.028	2255.7
1.029	2373.29
1.03	2450.06
1.031	2481.63
1.032	2466.19
1.033	2404.55
1.034	2300.16
1.035	2158.72
1.036	1987.67
1.037	1795.58
1.038	1591.37
1.039	1383.73
1.04	1180.42
1.041	987.945
1.042	811.217
1.043	653.507
1.044	516.502
1.045	400.5
1.046	304.678
1.047	227.399
1.048	166.512
1.049	119.622
1.05	84.3119
1.051	58.3017
1.052	39.555
1.053	26.3321
1.054	17.2039
1.055	11.0384
1.056	6.96762
1.057	4.34824
1.058	2.71911
1.059	1.76284
1.06	1.27297
1.061	1.12819
1.062	1.2737
1.063	1.70913
1.064	2.48201
1.065	3.68564
1.066	5.46002
1.067	7.99442
1.068	11.53
1.069	16.361
1.07	22.8321
1.071	31.3311
1.072	42.2743
1.073	56.0845
1.074	73.1594
1.075	93.8337
1.076	118.334
1.077	146.73
1.078	178.891
1.079	214.447
1.08	252.761
1.081	292.929
1.082	333.791
1.083	373.979
1.084	411.985
1.085	446.247
1.086	475.258
1.087	497.673
1.088	512.412
1.089	518.747
1.09	516.359
1.091	505.369
1.092	486.324
1.093	460.155
1.094	428.097
1.095	391.599
1.096	352.209
1.097	311.473
1.098	270.833
1.099	231.548
1.1	194.645
1.101	160.881
1.102	130.746
1.103	104.475
1.104	82.0831
1.105	63.41
1.106	48.1639
1.107	35.9705
1.108	26.4139
1.109	19.0712
1.11	13.5389
1.111	9.45043
1.112	6.48603
1.113	4.3769
1.114	2.90413
1.115	1.89463
1.116	1.21533
1.117	0.76652
1.118	0.475351
1.119	0.289844
1.12	0.173771
1.121	0.102435
1.122	0.0593719
1.123	0.0338356
1.124	0.0189595
1.125	0.0104458
1.126	0.00565868
1.127	0.00301405
1.128	0.0015785
1.129	0.000812834
1.13	0.000411546
1.131	0.000204879
1.132	0.000100286
1.133	4.8269e-05
1.134	2.28496e-05
1.135	1.06502e-05
1.136	4.91515e-06
1.137	2.3081e-06
1.138	1.23824e-06
1.139	1.01824e-06
1.14	1.47944e-06
1.141	2.86267e-06
1.142	5.92567e-06
1.143	1.23067e-05
1.144	2.52922e-05
1.145	5.12955e-05
1.146	0.000102609
1.147	0.000202422
1.148	0.000393812
1.149	0.000755573
1.15	0.00142962
1.151	0.00266759
1.152	0.0049088
1.153	0.00890815
1.154	0.0159425
1.155	0.0281371
1.156	0.0489733
1.157	0.0840612
1.158	0.142294
1.159	0.23754
1.16	0.391058
1.161	0.634894
1.162	1.01652
1.163	1.60506
1.164	2.49931
1.165	3.83799
1.166	5.81226
1.167	8.68044
1.168	12.7848
1.169	18.5697
1.17	26.5992
1.171	37.5743
1.172	52.3441
1.173	71.912
1.174	97.4296
1.175	130.178
1.176	171.529
1.177	222.893
1.178	285.634
1.179	360.977
1.18	449.889
1.181	552.952
1.182	670.232
1.183	801.161
1.184	944.43
1.185	1097.93
1.186	1258.75
1.187	1423.17
1.188	1586.83
1.189	1744.87
1.19	1892.12
1.191	2023.45
1.192	2133.98
1.193	2219.45
1.194	2276.44
1.195	2302.63
1.196	2296.93
1.197	2259.57
1.198	2192.11
1.199	2097.26
1.2	1978.79
1.201	1841.21
1.202	1689.52
1.203	1528.9
1.204	1364.43
1.205	1200.82
1.206	1042.23
1.207	892.078
1.208	753.007
1.209	626.832
1.21	514.588
1.211	416.604
1.212	332.617
1.213	261.891
1.214	203.354
1.215	155.719
1.216	117.594
1.217	87.5764
1.218	64.3197
1.219	46.5862
1.22	33.2756
1.221	23.4396
1.222	16.2829
1.223	11.155
1.224	7.53638
1.225	5.02125
1.226	3.29927
1.227	2.13786
1.228	1.36614
1.229	0.860935
1.23	0.535057
1.231	0.327934
1.232	0.198211
1.233	0.118148
1.234	0.0694512
1.235	0.0402615
1.236	0.0230174
1.237	0.0129771
1.238	0.00721534
1.239	0.00395632
1.24	0.00213935
1.241	0.00114085
1.242	0.000599972
1.243	0.000311164
1.244	0.000159149
1.245	8.02742e-05
1.246	3.99303e-05
1.247	1.95878e-05
1.248	9.47602e-06
1.249	4.5209e-06
1.25	2.12713e-06
1.251	9.87154e-07
1.252	4.52123e-07
1.253	2.04957e-07
1.254	9.3241e-08
1.255	4.5285e-08
1.256	2.88657e-08
1.257	3.17632e-08
1.258	5.36889e-08
1.259	1.04922e-07
1.26	2.10341e-07
1.261	4.2003e-07
1.262	8.30296e-07
1.263	1.62267e-06
1.264	3.13443e-06
1.265	5.98409e-06
1.266	1.12913e-05
1.267	2.10568e-05
1.268	3.88102e-05
1.269	7.06974e-05
1.27	0.000127281
1.271	0.000226481
1.272	0.000398292
1.273	0.000692272
1.274	0.0011892
1.275	0.00201901
1.276	0.00338786
1.277	0.00561847
1.278	0.00920902
1.279	0.0149181
1.28	0.0238846
1.281	0.0377943
1.282	0.0591071
1.283	0.0913601
1.284	0.139566
1.285	0.210719
1.286	0.314437
1.287	0.463733
1.288	0.675937
1.289	0.973752
1.29	1.38642
1.291	1.95095
1.292	2.71332
1.293	3.72959
1.294	5.0667
1.295	6.80289
1.296	9.02746
1.297	11.8397
1.298	15.347
1.299	19.6611
1.3	24.8941
1.301	31.1523
1.302	38.5291
1.303	47.0967
1.304	56.8979
1.305	67.9371
1.306	80.1718
1.307	93.5063
1.308	107.786
1.309	122.798
1.31	138.268
1.311	153.872
1.312	169.239
1.313	183.969
1.314	197.648
1.315	209.868
1.316	220.243
1.317	228.436
1.318	234.169
1.319	237.246
1.32	237.56
1.321	235.1
1.322	229.951
1.323	222.291
1.324	212.38
1.325	200.543
1.326	187.158
1.327	172.628
1.328	157.369
1.329	141.786
1.33	126.255
1.331	111.114
1.332	96.6484
1.333	83.0853
1.334	70.5923
1.335	59.2783
1.336	49.1969
1.337	40.3537
1.338	32.7141
1.339	26.2113
1.34	20.7562
1.341	16.2447
1.342	12.5655
1.343	9.60618
1.344	7.25816
1.345	5.4201
1.346	4.00029
1.347	2.91797
1.348	2.10365
1.349	1.49889
1.35	1.05553
1.351	0.734645
1.352	0.505345
1.353	0.34356
1.354	0.230845
1.355	0.153301
1.356	0.100619
1.357	0.0652717
1.358	0.041851
1.359	0.0265262
1.36	0.0166261
1.361	0.0103161
1.362	0.00635563
1.363	0.00392146
1.364	0.00247996
1.365	0.00169905
1.366	0.00138955
1.367	0.00146965
1.368	0.00194804
1.369	0.00292334
1.37	0.00459923
1.371	0.00731689
1.372	0.0116078
1.373	0.0182724
1.374	0.0284912
1.375	0.0439781
1.376	0.0671868
1.377	0.101584
1.378	0.152001
1.379	0.225087
1.38	0.329862
1.381	0.478402
1.382	0.686647
1.383	0.975338
1.384	1.37107
1.385	1.90741
1.386	2.62612
1.387	3.57825
1.388	4.82519
1.389	6.43945
1.39	8.50503
1.391	11.1173
1.392	14.3822
1.393	18.4142
1.394	23.3342
1.395	29.2651
1.396	36.3272
1.397	44.6322
1.398	54.2763
1.399	65.3325
1.4	77.8436
1.401	91.814
1.402	107.204
1.403	123.923
1.404	141.829
1.405	160.726
1.406	180.368
1.407	200.466
1.408	220.694
1.409	240.703
1.41	260.136
1.411	278.645
1.412	295.906
1.413	311.639
1.414	325.616
1.415	337.682
1.416	347.754
1.417	355.833
1.418	361.993
1.419	366.384
1.42	369.213
1.421	370.733
1.422	371.224
1.423	370.971
1.424	370.25
1.425	369.304
1.426	368.329
1.427	367.462
1.428	366.775
1.429	366.268
1.43	365.875
1.431	365.467
1.432	364.867
1.433	363.856
1.434	362.199
1.435	359.651
1.436	355.981
1.437	350.985
1.438	344.499
1.439	336.408
1.44	326.655
1.441	315.247
1.442	302.25
1.443	287.788
1.444	272.039
1.445	255.224
1.446	237.598
1.447	219.436
1.448	201.026
1.449	182.654
1.45	164.595
1.451	147.104
1.452	130.41
1.453	114.711
1.454	100.171
1.455	86.9201
1.456	75.0567
1.457	64.6505
1.458	55.7475
1.459	48.3752
1.46	42.5488
1.461	38.277
1.462	35.5668
1.463	34.4282
1.464	34.8765
1.465	36.934
1.466	40.6292
1.467	45.9946
1.468	53.0624
1.469	61.8587
1.47	72.3969
1.471	84.6692
1.472	98.6389
1.473	114.232
1.474	131.329
1.475	149.761
1.476	169.304
1.477	189.68
1.478	210.557
1.479	231.554
1.48	252.253
1.481	272.206
1.482	290.953
1.483	308.038
1.484	323.024
1.485	335.515
1.486	345.17
1.487	351.721
1.488	354.982
1.489	354.859
1.49	351.356
1.491	344.572
1.492	334.699
1.493	322.011
1.494	306.851
1.495	289.618
1.496	270.748
1.497	250.696
1.498	229.916
1.499	208.85
1.5	187.905
1.501	167.451
1.502	147.801
1.503	129.214
1.504	111.888
1.505	95.9633
1.506	81.5218
1.507	68.5953
1.508	57.171
1.509	47.1988
1.51	38.5998
1.511	31.2737
1.512	25.1066
1.513	19.9774
1.514	15.7635
1.515	12.3456
1.516	9.61113
1.517	7.45696
1.518	5.79076
1.519	4.53199
1.52	3.612
1.521	2.97365
1.522	2.57056
1.523	2.3661
1.524	2.33216
1.525	2.44792
1.526	2.69851
1.527	3.07375
1.528	3.56685
1.529	4.1733
1.53	4.88974
1.531	5.71297
1.532	6.63903
1.533	7.66246
1.534	8.77566
1.535	9.96838
1.536	11.2274
1.537	12.5365
1.538	13.8763
1.539	15.2248
1.54	16.5575
1.541	17.8484
1.542	19.0703
1.543	20.1962
1.544	21.1999
1.545	22.0573
1.546	22.7471
1.547	23.2518
1.548	23.5587
1.549	23.6602
1.55	23.5543
1.551	23.245
1.552	22.7422
1.553	22.0619
1.554	21.2253
1.555	20.2593
1.556	19.1962
1.557	18.0733
1.558	16.934
1.559	15.8282
1.56	14.8143
1.561	13.9615
1.562	13.3538
1.563	13.0953
1.564	13.3166
1.565	14.1842
1.566	15.9112
1.567	18.771
1.568	23.1135
1.569	29.3836
1.57	38.1433
1.571	50.0953
1.572	66.109
1.573	87.2478
1.574	114.796
1.575	150.285
1.576	195.517
1.577	252.577
1.578	323.848
1.579	412.004
1.58	519.992
1.581	651.001
1.582	808.403
1.583	995.676
1.584	1216.3
1.585	1473.65
1.586	1770.8
1.587	2110.4
1.588	2494.48
1.589	2924.26
1.59	3399.93
1.591	3920.5
1.592	4483.65
1.593	5085.57
1.594	5720.92
1.595	6382.77
1.596	7062.71
1.597	7750.87
1.598	8436.22
1.599	9106.74
1.6	9749.81
1.601	10352.5
1.602	10902.2
1.603	11386.8
1.604	11795.2
1.605	12117.9
1.606	12347.2
1.607	12477.4
1.608	12505.5
1.609	12430.6
1.61	12254.7
1.611	11982.1
1.612	11619.3
1.613	11174.9
1.614	10659.2
1.615	10083.8
1.616	9461.15
1.617	8803.99
1.618	8125.18
1.619	7437.11
1.62	6751.39
1.621	6078.55
1.622	5427.81
1.623	4806.92
1.624	4222.08
1.625	3677.94
1.626	3177.61
1.627	2722.79
1.628	2313.91
1.629	1950.27
1.63	1630.28
1.631	1351.6
1.632	1111.35
1.633	906.296
1.634	733.009
1.635	587.987
1.636	467.787
1.637	369.111
1.638	288.876
1.639	224.259
1.64	172.73
1.641	132.065
1.642	100.351
1.643	75.9824
1.644	57.6564
1.645	44.3648
1.646	35.3898
1.647	30.3026
1.648	28.9647
1.649	31.531
1.65	38.4499
1.651	50.4541
1.652	68.5318
1.653	93.8686
1.654	127.746
1.655	171.39
1.656	225.761
1.657	291.308
1.658	367.692
1.659	453.539
1.66	546.264
1.661	642.027
1.662	735.877
1.663	822.091
1.664	894.71
1.665	948.198
1.666	978.131
1.667	981.802
1.668	958.619
1.669	910.221
1.67	840.285
1.671	754.047
1.672	657.641
1.673	557.36
1.674	458.971
1.675	367.192
1.676	285.379
1.677	215.446
1.678	157.985
1.679	112.522
1.68	77.835
1.681	52.2901
1.682	34.1159
1.683	21.616
1.684	13.3004
1.685	7.94731
1.686	4.61141
1.687	2.59837
1.688	1.42173
1.689	0.755402
1.69	0.389746
1.691	0.195265
1.692	0.0949962
1.693	0.044877
1.694	0.0205862
1.695	0.00916983
1.696	0.00396624
1.697	0.00166582
1.698	0.000679374
1.699	0.000269042
1.7	0.000103457
1.701	3.86306e-05
1.702	1.40066e-05
1.703	4.9313e-06
1.704	1.68585e-06
1.705	5.59636e-07
1.706	1.80393e-07
1.707	5.6463e-08
1.708	1.71607e-08
1.709	5.0645e-09
1.71	1.45132e-09
1.711	4.03851e-10
1.712	1.0912e-10
1.713	2.86299e-11
1.714	7.29393e-12
1.715	1.8044e-12
1.716	4.33446e-13
1.717	1.01107e-13
1.718	2.29137e-14
1.719	5.09331e-15
1.72	1.3051e-15
1.721	1.12966e-15
1.722	3.53813e-15
1.723	1.313e-14
1.724	4.80456e-14
1.725	1.7148e-13
1.726	5.96621e-13
1.727	2.02346e-12
1.728	6.68959e-12
1.729	2.15584e-11
1.73	6.77239e-11
1.731	2.07385e-10
1.732	6.19049e-10
1.733	1.80128e-09
1.734	5.10916e-09
1.735	1.41263e-08
1.736	3.80728e-08
1.737	1.00026e-07
1.738	2.56166e-07
1.739	6.39501e-07
1.74	1.55622e-06
1.741	3.69156e-06
1.742	8.53609e-06
1.743	1.92406e-05
1.744	4.22755e-05
1.745	9.05461e-05
1.746	0.000189043
1.747	0.000384735
1.748	0.000763261
1.749	0.00147603
1.75	0.00278244
1.751	0.00511292
1.752	0.00915843
1.753	0.0159913
1.754	0.0272181
1.755	0.0451586
1.756	0.0730355
1.757	0.115143
1.758	0.176951
1.759	0.26508
1.76	0.38709
1.761	0.551006
1.762	0.764561
1.763	1.03414
1.764	1.36349
1.765	1.75243
1.766	2.19551
1.767	2.68128
1.768	3.19198
1.769	3.70414
1.77	4.1901
1.771	4.62033
1.772	4.96628
1.773	5.20355
1.774	5.31469
1.775	5.29136
1.776	5.13531
1.777	4.85821
1.778	4.48018
1.779	4.02741
1.78	3.52912
1.781	3.01451
1.782	2.51003
1.783	2.03727
1.784	1.61187
1.785	1.24315
1.786	0.934599
1.787	0.684916
1.788	0.489283
1.789	0.340717
1.79	0.231279
1.791	0.153035
1.792	0.0987084
1.793	0.0620623
1.794	0.0380376
1.795	0.0227252
1.796	0.0132346
1.797	0.00751325
1.798	0.00415772
1.799	0.00224284
1.8	0.00117945
1.801	0.000604791
1.802	0.000302736
1.803	0.000148718
1.804	7.34582e-05
1.805	4.02523e-05
1.806	3.15655e-05
1.807	4.19421e-05
1.808	7.53443e-05
1.809	0.00014602
1.81	0.000282833
1.811	0.000537702
1.812	0.000999439
1.813	0.00181476
1.814	0.00321849
1.815	0.00557499
1.816	0.00943169
1.817	0.0155843
1.818	0.0251501
1.819	0.0396409
1.82	0.0610241
1.821	0.0917512
1.822	0.134733
1.823	0.193237
1.824	0.270683
1.825	0.370325
1.826	0.494833
1.827	0.645783
1.828	0.823129
1.829	1.02471
1.83	1.24592
1.831	1.47955
1.832	1.71602
1.833	1.94388
1.834	2.15064
1.835	2.32391
1.836	2.45259
1.837	2.52803
1.838	2.54504
1.839	2.50241
1.84	2.40312
1.841	2.25395
1.842	2.06475
1.843	1.84733
1.844	1.61426
1.845	1.3777
1.846	1.14839
1.847	0.934926
1.848	0.743392
1.849	0.577314
1.85	0.437884
1.851	0.324383
1.852	0.234699
1.853	0.165851
1.854	0.114466
1.855	0.0771593
1.856	0.050799
1.857	0.0326651
1.858	0.0205163
1.859	0.012589
1.86	0.00755339
1.861	0.00444651
1.862	0.00260209
1.863	0.00158747
1.864	0.00115782
1.865	0.00123556
1.866	0.00192463
1.867	0.00357501
1.868	0.00692149
1.869	0.013335
1.87	0.0252431
1.871	0.0467988
1.872	0.0849004
1.873	0.150689
1.874	0.261652
1.875	0.444463
1.876	0.738606
1.877	1.20076
1.878	1.9097
1.879	2.97125
1.88	4.52251
1.881	6.73419
1.882	9.80972
1.883	13.9796
1.884	19.4893
1.885	26.5806
1.886	35.4649
1.887	46.2913
1.888	59.1105
1.889	73.8407
1.89	90.2386
1.891	107.883
1.892	126.178
1.893	144.37
1.894	161.598
1.895	176.954
1.896	189.562
1.897	198.659
1.898	203.672
1.899	204.277
1.9	200.434
1.901	192.394
1.902	180.666
1.903	165.969
1.904	149.157
1.905	131.137
1.906	112.79
1.907	94.9041
1.908	78.1202
1.909	62.9083
1.91	49.5585
1.911	38.1939
1.912	28.7962
1.913	21.2394
1.914	15.3255
1.915	10.8182
1.916	7.47064
1.917	5.04693
1.918	3.33551
1.919	2.15657
1.92	1.36405
1.921	0.84404
1.922	0.510929
1.923	0.302569
1.924	0.175289
1.925	0.0993457
1.926	0.055082
1.927	0.0298769
1.928	0.0158536
1.929	0.00822974
1.93	0.00417935
1.931	0.00207634
1.932	0.00100914
1.933	0.000479814
1.934	0.000223182
1.935	0.000101557
1.936	4.52094e-05
1.937	1.96884e-05
1.938	8.38803e-06
1.939	3.49602e-06
1.94	1.42546e-06
1.941	5.68591e-07
1.942	2.21877e-07
1.943	8.4701e-08
1.944	3.16323e-08
1.945	1.15569e-08
1.946	4.13065e-09
1.947	1.44444e-09
1.948	4.94529e-10
1.949	1.66844e-10
1.95	5.8727e-11
1.951	3.10022e-11
1.952	4.52132e-11
1.953	1.15207e-10
1.954	3.18291e-10
1.955	8.72403e-10
1.956	2.34787e-09
1.957	6.19738e-09
1.958	1.60424e-08
1.959	4.07238e-08
1.96	1.01379e-07
1.961	2.47498e-07
1.962	5.92535e-07
1.963	1.39117e-06
1.964	3.20306e-06
1.965	7.23228e-06
1.966	1.60143e-05
1.967	3.47751e-05
1.968	7.40548e-05
1.969	0.000154656
1.97	0.000316745
1.971	0.000636189
1.972	0.00125313
1.973	0.00242073
1.974	0.00458606
1.975	0.00852077
1.976	0.0155264
1.977	0.0277476
1.978	0.0486349
1.979	0.0836083
1.98	0.140975
1.981	0.233153
1.982	0.378236
1.983	0.601908
1.984	0.939653
1.985	1.43915
1.986	2.16261
1.987	3.18883
1.988	4.61441
1.989	6.55379
1.99	9.13763
1.991	12.509
1.992	16.8176
1.993	22.2112
1.994	28.826
1.995	36.7752
1.996	46.1386
1.997	56.9528
1.998	69.204
1.999	82.8245
2	97.6932
2.001	113.638
2.002	130.445
2.003	147.86
2.004	165.601
2.005	183.358
2.006	200.798
2.007	217.563
2.008	233.271
2.009	247.513
2.01	259.864
2.011	269.891
2.012	277.171
2.013	281.326
2.014	282.05
2.015	279.145
2.016	272.549
2.017	262.365
2.018	248.859
2.019	232.461
2.02	213.738
2.021	193.353
2.022	172.027
2.023	150.479
2.024	129.384
2.025	109.332
2.026	90.7926
2.027	74.11
2.028	59.4948
2.029	47.0389
2.03	36.7372
2.031	28.5154
2.032	22.2613
2.033	17.8559
2.034	15.2011
2.035	14.2427
2.036	14.9872
2.037	17.5105
2.038	21.9591
2.039	28.5429
2.04	37.5185
2.041	49.1644
2.042	63.7481
2.043	81.487
2.044	102.505
2.045	126.79
2.046	154.153
2.047	184.203
2.048	216.326
2.049	249.693
2.05	283.28
2.051	315.918
2.052	346.352
2.053	373.326
2.054	395.664
2.055	412.359
2.056	422.647
2.057	426.064
2.058	422.481
2.059	412.113
2.06	395.493
2.061	373.432
2.062	346.949
2.063	317.199
2.064	285.388
2.065	252.695
2.066	220.209
2.067	188.869
2.068	159.434
2.069	132.465
2.07	108.323
2.071	87.1839
2.072	69.0641
2.073	53.8498
2.074	41.3315
2.075	31.2376
2.076	23.2639
2.077	17.1003
2.078	12.4502
2.079	9.04596
2.08	6.65752
2.081	5.09799
2.082	4.22469
2.083	3.93766
2.084	4.176
2.085	4.91253
2.086	6.14725
2.087	7.89971
2.088	10.2004
2.089	13.0816
2.09	16.5674
2.091	20.6643
2.092	25.3519
2.093	30.5758
2.094	36.242
2.095	42.2156
2.096	48.323
2.097	54.3587
2.098	60.0963
2.099	65.3028
2.1	69.7562
2.101	73.2634
2.102	75.6768
2.103	76.9091
2.104	76.9426
2.105	75.8346
2.106	73.7152
2.107	70.7813
2.108	67.2849
2.109	63.5184
2.11	59.7978
2.111	56.446
2.112	53.776
2.113	52.0761
2.114	51.5967
2.115	52.5384
2.116	55.0417
2.117	59.1779
2.118	64.9409
2.119	72.241
2.12	80.901
2.121	90.6563
2.122	101.159
2.123	111.991
2.124	122.679
2.125	132.719
2.126	141.611
2.127	148.883
2.128	154.131
2.129	157.046
2.13	157.437
2.131	155.248
2.132	150.56
2.133	143.58
2.134	134.63
2.135	124.115
2.136	112.492
2.137	100.236
2.138	87.8079
2.139	75.6268
2.14	64.0464
2.141	53.3436
2.142	43.7123
2.143	35.2657
2.144	28.044
2.145	22.0267
2.146	17.1469
2.147	13.3058
2.148	10.3861
2.149	8.26461
2.15	6.82041
2.151	5.94233
2.152	5.53303
2.153	5.51172
2.154	5.81544
2.155	6.39966
2.156	7.23854
2.157	8.3251
2.158	9.67139
2.159	11.3087
2.16	13.2872
2.161	15.6757
2.162	18.5592
2.163	22.0372
2.164	26.2191
2.165	31.2192
2.166	37.1515
2.167	44.1224
2.168	52.2255
2.169	61.5348
2.17	72.1012
2.171	83.9479
2.172	97.0687
2.173	111.426
2.174	126.95
2.175	143.537
2.176	161.046
2.177	179.297
2.178	198.069
2.179	217.093
2.18	236.054
2.181	254.593
2.182	272.315
2.183	288.799
2.184	303.622
2.185	316.383
2.186	326.729
2.187	334.389
2.188	339.196
2.189	341.108
2.19	340.213
2.191	336.73
2.192	330.985
2.193	323.385
2.194	314.379
2.195	304.412
2.196	293.891
2.197	283.141
2.198	272.389
2.199	261.748
2.2	251.222
2.201	240.725
2.202	230.111
2.203	219.202
2.204	207.83
2.205	195.867
2.206	183.247
2.207	169.99
2.208	156.196
2.209	142.047
2.21	127.791
2.211	113.719
2.212	100.146
2.213	87.3851
2.214	75.7302
2.215	65.4393
2.216	56.7249
2.217	49.7479
2.218	44.6175
2.219	41.3924
2.22	40.0843
2.221	40.6616
2.222	43.0518
2.223	47.1428
2.224	52.7828
2.225	59.7794
2.226	67.899
2.227	76.867
2.228	86.3707
2.229	96.0649
2.23	105.582
2.231	114.544
2.232	122.581
2.233	129.349
2.234	134.547
2.235	137.936
2.236	139.357
2.237	138.735
2.238	136.091
2.239	131.532
2.24	125.249
2.241	117.501
2.242	108.598
2.243	98.8772
2.244	88.6858
2.245	78.3578
2.246	68.1974
2.247	58.4655
2.248	49.3707
2.249	41.0648
2.25	33.6434
2.251	27.1504
2.252	21.5843
2.253	16.9078
2.254	13.0577
2.255	9.954
2.256	7.50984
2.257	5.63909
2.258	4.2633
2.259	3.31721
2.26	2.75314
2.261	2.54457
2.262	2.68889
2.263	3.20982
2.264	4.15933
2.265	5.61897
2.266	7.70052
2.267	10.5455
2.268	14.3227
2.269	19.224
2.27	25.4567
2.271	33.2332
2.272	42.7567
2.273	54.2047
2.274	67.7088
2.275	83.3343
2.276	101.06
2.277	120.761
2.278	142.194
2.279	164.999
2.28	188.693
2.281	212.698
2.282	236.356
2.283	258.974
2.284	279.865
2.285	298.399
2.286	314.052
2.287	326.454
2.288	335.422
2.289	340.986
2.29	343.391
2.291	343.089
2.292	340.707
2.293	337.001
2.294	332.794
2.295	328.921
2.296	326.151
2.297	325.136
2.298	326.358
2.299	330.093
2.3	336.392
2.301	345.086
2.302	355.801
2.303	367.992
2.304	380.984
2.305	394.03
2.306	406.354
2.307	417.209
2.308	425.915
2.309	431.897
2.31	434.705
2.311	434.036
2.312	429.729
2.313	421.767
2.314	410.268
2.315	395.464
2.316	377.691
2.317	357.366
2.318	334.969
2.319	311.027
2.32	286.09
2.321	260.721
2.322	235.473
2.323	210.874
2.324	187.415
2.325	165.533
2.326	145.604
2.327	127.927
2.328	112.724
2.329	100.131
2.33	90.2008
2.331	82.9015
2.332	78.1215
2.333	75.6757
2.334	75.3135
2.335	76.729
2.336	79.5726
2.337	83.4647
2.338	88.0107
2.339	92.8171
2.34	97.5082
2.341	101.744
2.342	105.235
2.343	107.76
2.344	109.177
2.345	109.433
2.346	108.574
2.347	106.741
2.348	104.176
2.349	101.208
2.35	98.2536
2.351	95.7976
2.352	94.3819
2.353	94.5871
2.354	97.0134
2.355	102.259
2.356	110.894
2.357	123.436
2.358	140.319
2.359	161.863
2.36	188.241
2.361	219.451
2.362	255.286
2.363	295.314
2.364	338.871
2.365	385.057
2.366	432.756
2.367	480.672
2.368	527.372
2.369	571.356
2.37	611.128
2.371	645.281
2.372	672.575
2.373	692.013
2.374	702.902
2.375	704.895
2.376	698.013
2.377	682.635
2.378	659.476
2.379	629.529
2.38	594
2.381	554.232
2.382	511.615
2.383	467.517
2.384	423.205
2.385	379.797
2.386	338.217
2.387	299.184
2.388	263.204
2.389	230.592
2.39	201.494
2.391	175.931
2.392	153.836
2.393	135.099
2.394	119.607
2.395	107.282
2.396	98.1042
2.397	92.1372
2.398	89.5368
2.399	90.5541
2.4	95.5292
2.401	104.876
2.402	119.057
2.403	138.555
2.404	163.833
2.405	195.288
2.406	233.209
2.407	277.721
2.408	328.745
2.409	385.957
2.41	448.753
2.411	516.242
2.412	587.243
2.413	660.312
2.414	733.782
2.415	805.834
2.416	874.569
2.417	938.107
2.418	994.681
2.419	1042.73
2.42	1080.98
2.421	1108.52
2.422	1124.82
2.423	1129.79
2.424	1123.71
2.425	1107.25
2.426	1081.39
2.427	1047.34
2.428	1006.48
2.429	960.259
2.43	910.157
2.431	857.59
2.432	803.879
2.433	750.21
2.434	697.614
2.435	646.961
2.436	598.959
2.437	554.158
2.438	512.959
2.439	475.621
2.44	442.27
2.441	412.904
2.442	387.399
2.443	365.52
2.444	346.928
2.445	331.196
2.446	317.829
2.447	306.292
2.448	296.03
2.449	286.508
2.45	277.236
2.451	267.801
2.452	257.893
2.453	247.319
2.454	236.021
2.455	224.072
2.456	211.675
2.457	199.146
2.458	186.897
2.459	175.411
2.46	165.21
2.461	156.834
2.462	150.801
2.463	147.585
2.464	147.589
2.465	151.115
2.466	158.35
2.467	169.344
2.468	184.001
2.469	202.067
2.47	223.132
2.471	246.637
2.472	271.884
2.473	298.059
2.474	324.263
2.475	349.547
2.476	372.952
2.477	393.557
2.478	410.526
2.479	423.149
2.48	430.877
2.481	433.359
2.482	430.452
2.483	422.23
2.484	408.974
2.485	391.156
2.486	369.402
2.487	344.458
2.488	317.144
2.489	288.307
2.49	258.78
2.491	229.341
2.492	200.681
2.493	173.383
2.494	147.903
2.495	124.572
2.496	103.595
2.497	85.0611
2.498	68.9604
2.499	55.2016
2.5	43.6312
2.501	34.0535
2.502	26.2479
2.503	19.9851
2.504	15.039
2.505	11.1971
2.506	8.26695
2.507	6.08051
2.508	4.49648
2.509	3.40088
2.51	2.70659
2.511	2.35224
2.512	2.3008
2.513	2.53806
2.514	3.07117
2.515	3.92725
2.516	5.15208
2.517	6.80852
2.518	8.9747
2.519	11.7415
2.52	15.2095
2.521	19.4842
2.522	24.671
2.523	30.8685
2.524	38.1604
2.525	46.6073
2.526	56.2375
2.527	67.0385
2.528	78.9489
2.529	91.8522
2.53	105.573
2.531	119.878
2.532	134.477
2.533	149.031
2.534	163.165
2.535	176.481
2.536	188.579
2.537	199.071
2.538	207.61
2.539	213.9
2.54	217.72
2.541	218.934
2.542	217.499
2.543	213.468
2.544	206.988
2.545	198.29
2.546	187.675
2.547	175.498
2.548	162.15
2.549	148.033
2.55	133.546
2.551	119.061
2.552	104.914
2.553	91.3898
2.554	78.7169
2.555	67.0636
2.556	56.5393
2.557	47.1981
2.558	39.045
2.559	32.0443
2.56	26.1281
2.561	21.2056
2.562	17.1713
2.563	13.9133
2.564	11.3189
2.565	9.2808
2.566	7.7001
2.567	6.48941
2.568	5.57415
2.569	4.89329
2.57	4.39922
2.571	4.05725
2.572	3.84484
2.573	3.75065
2.574	3.77364
2.575	3.92237
2.576	4.21439
2.577	4.67592
2.578	5.34182
2.579	6.2557
2.58	7.4703
2.581	9.04793
2.582	11.0608
2.583	13.5913
2.584	16.7318
2.585	20.5841
2.586	25.2576
2.587	30.8672
2.588	37.5297
2.589	45.3585
2.59	54.4583
2.591	64.9173
2.592	76.7997
2.593	90.1367
2.594	104.919
2.595	121.086
2.596	138.527
2.597	157.067
2.598	176.476
2.599	196.465
2.6	216.696
2.601	236.793
2.602	256.357
2.603	274.985
2.604	292.293
2.605	307.935
2.606	321.632
2.607	333.19
2.608	342.522
2.609	349.662
2.61	354.774
2.611	358.161
2.612	360.258
2.613	361.626
2.614	362.934
2.615	364.942
2.616	368.474
2.617	374.383
2.618	383.524
2.619	396.712
2.62	414.685
2.621	438.066
2.622	467.325
2.623	502.74
2.624	544.37
2.625	592.021
2.626	645.232
2.627	703.261
2.628	765.09
2.629	829.44
2.63	894.796
2.631	959.461
2.632	1021.6
2.633	1079.34
2.634	1130.81
2.635	1174.25
2.636	1208.11
2.637	1231.09
2.638	1242.25
2.639	1241.01
2.64	1227.24
2.641	1201.22
2.642	1163.67
2.643	1115.64
2.644	1058.54
2.645	993.991
2.646	923.792
2.647	849.807
2.648	773.882
2.649	697.771
2.65	623.066
2.651	551.144
2.652	483.133
2.653	419.894
2.654	362.018
2.655	309.841
2.656	263.469
2.657	222.806
2.658	187.599
2.659	157.47
2.66	131.963
2.661	110.572
2.662	92.7755
2.663	78.0611
2.664	65.9449
2.665	55.9846
2.666	47.7876
2.667	41.0148
2.668	35.3808
2.669	30.6506
2.67	26.6358
2.671	23.1882
2.672	20.194
2.673	17.5676
2.674	15.2457
2.675	13.1823
2.676	11.3439
2.677	9.70626
2.678	8.25089
2.679	6.96321
2.68	5.83079
2.681	4.84221
2.682	3.98641
2.683	3.25234
2.684	2.62882
2.685	2.10463
2.686	1.6686
2.687	1.30982
2.688	1.01788
2.689	0.782977
2.69	0.59611
2.691	0.449152
2.692	0.334912
2.693	0.24714
2.694	0.180504
2.695	0.130538
2.696	0.0935667
2.697	0.0666269
2.698	0.0473828
2.699	0.0340458
2.7	0.0253045
2.701	0.0202679
2.702	0.018427
2.703	0.0196357
2.704	0.0241156
2.705	0.0324852
2.706	0.0458168
2.707	0.0657236
2.708	0.0944769
2.709	0.135157
2.71	0.191837
2.711	0.269796
2.712	0.375765
2.713	0.518197
2.714	0.707546
2.715	0.956563
2.716	1.28057
2.717	1.69773
2.718	2.22928
2.719	2.89965
2.72	3.73663
2.721	4.77137
2.722	6.03829
2.723	7.57501
2.724	9.42208
2.725	11.6227
2.726	14.2226
2.727	17.2692
2.728	20.8118
2.729	24.9009
2.73	29.5876
2.731	34.923
2.732	40.958
2.733	47.7414
2.734	55.3189
2.735	63.7315
2.736	73.0123
2.737	83.1839
2.738	94.2546
2.739	106.214
2.74	119.028
2.741	132.634
2.742	146.938
2.743	161.809
2.744	177.076
2.745	192.53
2.746	207.923
2.747	222.973
2.748	237.37
2.749	250.785
2.75	262.883
2.751	273.337
2.752	281.839
2.753	288.118
2.754	291.956
2.755	293.193
2.756	291.747
2.757	287.609
2.758	280.854
2.759	271.635
2.76	260.176
2.761	246.763
2.762	231.734
2.763	215.457
2.764	198.32
2.765	180.712
2.766	163.008
2.767	145.554
2.768	128.659
2.769	112.586
2.77	97.5453
2.771	83.6955
2.772	71.1433
2.773	59.9475
2.774	50.1247
2.775	41.656
2.776	34.4949
2.777	28.5743
2.778	23.8143
2.779	20.128
2.78	17.4274
2.781	15.6273
2.782	14.6477
2.783	14.416
2.784	14.8668
2.785	15.9416
2.786	17.5875
2.787	19.7557
2.788	22.3993
2.789	25.4714
2.79	28.9242
2.791	32.7075
2.792	36.7688
2.793	41.0537
2.794	45.508
2.795	50.0792
2.796	54.7205
2.797	59.3942
2.798	64.0755
2.799	68.7574
2.8	73.4537
2.801	78.2029
2.802	83.0702
2.803	88.1485
2.804	93.5579
2.805	99.4435
2.806	105.972
2.807	113.324
2.808	121.691
2.809	131.261
2.81	142.215
2.811	154.713
2.812	168.883
2.813	184.815
2.814	202.55
2.815	222.07
2.816	243.296
2.817	266.083
2.818	290.217
2.819	315.423
2.82	341.361
2.821	367.644
2.822	393.841
2.823	419.498
2.824	444.149
2.825	467.337
2.826	488.63
2.827	507.646
2.828	524.063
2.829	537.642
2.83	548.237
2.831	555.803
2.832	560.402
2.833	562.203
2.834	561.474
2.835	558.568
2.836	553.914
2.837	547.988
2.838	541.296
2.839	534.343
2.84	527.615
2.841	521.548
2.842	516.509
2.843	512.781
2.844	510.546
2.845	509.879
2.846	510.749
2.847	513.018
2.848	516.457
2.849	520.759
2.85	525.554
2.851	530.438
2.852	534.993
2.853	538.811
2.854	541.521
2.855	542.808
2.856	542.432
2.857	540.243
2.858	536.191
2.859	530.328
2.86	522.805
2.861	513.87
2.862	503.847
2.863	493.122
2.864	482.122
2.865	471.288
2.866	461.05
2.867	451.802
2.868	443.879
2.869	437.535
2.87	432.928
2.871	430.109
2.872	429.02
2.873	429.493
2.874	431.262
2.875	433.976
2.876	437.219
2.877	440.536
2.878	443.457
2.879	445.526
2.88	446.325
2.881	445.5
2.882	442.781
2.883	437.996
2.884	431.084
2.885	422.093
2.886	411.183
2.887	398.614
2.888	384.734
2.889	369.962
2.89	354.766
2.891	339.643
2.892	325.096
2.893	311.61
2.894	299.639
2.895	289.58
2.896	281.77
2.897	276.467
2.898	273.851
2.899	274.017
2.9	276.977
2.901	282.666
2.902	290.947
2.903	301.616
2.904	314.415
2.905	329.037
2.906	345.141
2.907	362.358
2.908	380.303
2.909	398.584
2.91	416.81
2.911	434.6
2.912	451.592
2.913	467.449
2.914	481.867
2.915	494.578
2.916	505.359
2.917	514.031
2.918	520.462
2.919	524.567
2.92	526.309
2.921	525.692
2.922	522.76
2.923	517.591
2.924	510.288
2.925	500.979
2.926	489.805
2.927	476.918
2.928	462.476
2.929	446.64
2.93	429.574
2.931	411.44
2.932	392.407
2.933	372.643
2.934	352.326
2.935	331.642
2.936	310.787
2.937	289.969
2.938	269.41
2.939	249.344
2.94	230.015
2.941	211.678
2.942	194.591
2.943	179.016
2.944	165.211
2.945	153.43
2.946	143.916
2.947	136.896
2.948	132.583
2.949	131.169
2.95	132.822
2.951	137.687
2.952	145.879
2.953	157.481
2.954	172.543
2.955	191.077
2.956	213.05
2.957	238.384
2.958	266.946
2.959	298.547
2.96	332.932
2.961	369.782
2.962	408.705
2.963	449.239
2.964	490.849
2.965	532.936
2.966	574.836
2.967	615.839
2.968	655.197
2.969	692.144
2.97	725.914
2.971	755.766
2.972	781.009
2.973	801.023
2.974	815.287
2.975	823.397
2.976	825.087
2.977	820.24
2.978	808.9
2.979	791.266
2.98	767.695
2.981	738.685
2.982	704.859
2.983	666.942
2.984	625.734
2.985	582.083
2.986	536.851
2.987	490.891
2.988	445.013
2.989	399.966
2.99	356.419
2.991	314.944
2.992	276.01
2.993	239.981
2.994	207.115
2.995	177.574
2.996	151.431
2.997	128.681
2.998	109.259
2.999	93.0489
3	79.9005
3.001	69.6402
3.002	62.0824
3.003	57.0376
3.004	54.3199
3.005	53.7506
3.006	55.1608
3.007	58.3924
3.008	63.2974
3.009	69.7362
3.01	77.5761
3.011	86.6892
3.012	96.9508
3.013	108.238
3.014	120.431
3.015	133.411
3.016	147.064
3.017	161.279
3.018	175.956
3.019	191.001
3.02	206.332
3.021	221.879
3.022	237.582
3.023	253.39
3.024	269.26
3.025	285.149
3.026	301.012
3.027	316.794
3.028	332.424
3.029	347.81
3.03	362.832
3.031	377.341
3.032	391.158
3.033	404.072
3.034	415.849
3.035	426.232
3.036	434.957
3.037	441.76
3.038	446.392
3.039	448.627
3.04	448.283
3.041	445.225
3.042	439.38
3.043	430.743
3.044	419.379
3.045	405.425
3.046	389.086
3.047	370.627
3.048	350.367
3.049	328.663
3.05	305.901
3.051	282.477
3.052	258.785
3.053	235.208
3.054	212.096
3.055	189.768
3.056	168.494
3.057	148.499
3.058	129.954
3.059	112.981
3.06	97.6522
3.061	83.997
3.062	72.0056
3.063	61.637
3.064	52.8256
3.065	45.4892
3.066	39.5357
3.067	34.8694
3.068	31.3972
3.069	29.0329
3.07	27.7006
3.071	27.3372
3.072	27.8936
3.073	29.3344
3.074	31.637
3.075	34.7895
3.076	38.7882
3.077	43.6338
3.078	49.3283
3.079	55.871
3.08	63.2546
3.081	71.4627
3.082	80.4666
3.083	90.2239
3.084	100.678
3.085	111.759
3.086	123.385
3.087	135.466
3.088	147.906
3.089	160.613
3.09	173.499
3.091	186.49
3.092	199.53
3.093	212.584
3.094	225.646
3.095	238.736
3.096	251.903
3.097	265.218
3.098	278.775
3.099	292.678
3.1	307.034
3.101	321.942
3.102	337.482
3.103	353.7
3.104	370.602
3.105	388.144
3.106	406.222
3.107	424.674
3.108	443.276
3.109	461.75
3.11	479.77
3.111	496.977
3.112	512.988
3.113	527.421
3.114	539.905
3.115	550.103
3.116	557.725
3.117	562.547
3.118	564.416
3.119	563.261
3.12	559.094
3.121	552.009
3.122	542.175
3.123	529.827
3.124	515.253
3.125	498.777
3.126	480.746
3.127	461.514
3.128	441.423
3.129	420.794
3.13	399.916
3.131	379.037
3.132	358.361
3.133	338.045
3.134	318.204
3.135	298.912
3.136	280.21
3.137	262.112
3.138	244.615
3.139	227.703
3.14	211.357
3.141	195.56
3.142	180.298
3.143	165.569
3.144	151.381
3.145	137.748
3.146	124.697
3.147	112.258
3.148	100.465
3.149	89.3545
3.15	78.957
3.151	69.2995
3.152	60.401
3.153	52.2716
3.154	44.9118
3.155	38.312
3.156	32.4535
3.157	27.3095
3.158	22.847
3.159	19.0284
3.16	15.8138
3.161	13.1633
3.162	11.0392
3.163	9.40776
3.164	8.24145
3.165	7.52039
3.166	7.23378
3.167	7.38101
3.168	7.9725
3.169	9.03025
3.17	10.5882
3.171	12.6923
3.172	15.4004
3.173	18.7821
3.174	22.9184
3.175	27.9011
3.176	33.8328
3.177	40.8265
3.178	49.0055
3.179	58.504
3.18	69.4673
3.181	82.0532
3.182	96.433
3.183	112.794
3.184	131.339
3.185	152.294
3.186	175.901
3.187	202.427
3.188	232.159
3.189	265.403
3.19	302.48
3.191	343.716
3.192	389.438
3.193	439.951
3.194	495.529
3.195	556.391
3.196	622.674
3.197	694.414
3.198	771.517
3.199	853.734
3.2	940.641
3.201	1031.62
3.202	1125.84
3.203	1222.28
3.204	1319.7
3.205	1416.69
3.206	1511.66
3.207	1602.94
3.208	1688.77
3.209	1767.38
3.21	1837.04
3.211	1896.17
3.212	1943.32
3.213	1977.33
3.214	1997.28
3.215	2002.61
3.216	1993.11
3.217	1968.93
3.218	1930.6
3.219	1878.99
3.22	1815.26
3.221	1740.89
3.222	1657.51
3.223	1566.93
3.224	1471.05
3.225	1371.74
3.226	1270.87
3.227	1170.17
3.228	1071.23
3.229	975.451
3.23	884.014
3.231	797.868
3.232	717.731
3.233	644.091
3.234	577.223
3.235	517.216
3.236	463.992
3.237	417.342
3.238	376.952
3.239	342.439
3.24	313.371
3.241	289.302
3.242	269.783
3.243	254.386
3.244	242.712
3.245	234.4
3.246	229.132
3.247	226.63
3.248	226.653
3.249	228.993
3.25	233.465
3.251	239.9
3.252	248.134
3.253	258
3.254	269.321
3.255	281.904
3.256	295.532
3.257	309.969
3.258	324.953
3.259	340.205
3.26	355.427
3.261	370.317
3.262	384.572
3.263	397.896
3.264	410.013
3.265	420.675
3.266	429.669
3.267	436.824
3.268	442.017
3.269	445.173
3.27	446.268
3.271	445.325
3.272	442.412
3.273	437.635
3.274	431.132
3.275	423.062
3.276	413.604
3.277	402.944
3.278	391.267
3.279	378.757
3.28	365.589
3.281	351.925
3.282	337.914
3.283	323.692
3.284	309.38
3.285	295.091
3.286	280.924
3.287	266.974
3.288	253.327
3.289	240.066
3.29	227.269
3.291	215.015
3.292	203.375
3.293	192.42
3.294	182.215
3.295	172.819
3.296	164.286
3.297	156.662
3.298	149.984
3.299	144.282
3.3	139.577
3.301	135.883
3.302	133.204
3.303	131.541
3.304	130.887
3.305	131.23
3.306	132.556
3.307	134.845
3.308	138.072
3.309	142.211
3.31	147.228
3.311	153.084
3.312	159.732
3.313	167.116
3.314	175.17
3.315	183.817
3.316	192.967
3.317	202.518
3.318	212.355
3.319	222.354
3.32	232.379
3.321	242.288
3.322	251.932
3.323	261.164
3.324	269.838
3.325	277.817
3.326	284.973
3.327	291.195
3.328	296.393
3.329	300.497
3.33	303.463
3.331	305.276
3.332	305.948
3.333	305.515
3.334	304.042
3.335	301.614
3.336	298.336
3.337	294.324
3.338	289.706
3.339	284.611
3.34	279.165
3.341	273.488
3.342	267.687
3.343	261.851
3.344	256.051
3.345	250.337
3.346	244.738
3.347	239.261
3.348	233.893
3.349	228.607
3.35	223.362
3.351	218.105
3.352	212.782
3.353	207.338
3.354	201.719
3.355	195.882
3.356	189.794
3.357	183.436
3.358	176.804
3.359	169.912
3.36	162.79
3.361	155.486
3.362	148.061
3.363	140.592
3.364	133.164
3.365	125.871
3.366	118.81
3.367	112.082
3.368	105.78
3.369	99.9955
3.37	94.8064
3.371	90.2796
3.372	86.4663
3.373	83.3999
3.374	81.0952
3.375	79.547
3.376	78.7302
3.377	78.6007
3.378	79.0961
3.379	80.1383
3.38	81.6357
3.381	83.4863
3.382	85.5812
3.383	87.8086
3.384	90.0573
3.385	92.2209
3.386	94.201
3.387	95.911
3.388	97.2784
3.389	98.2476
3.39	98.781
3.391	98.8599
3.392	98.4846
3.393	97.6734
3.394	96.4618
3.395	94.8997
3.396	93.0494
3.397	90.9826
3.398	88.7769
3.399	86.5132
3.4	84.2722
3.401	82.1314
3.402	80.1627
3.403	78.4303
3.404	76.9886
3.405	75.8819
3.406	75.143
3.407	74.7941
3.408	74.8472
3.409	75.3054
3.41	76.165
3.411	77.4175
3.412	79.0528
3.413	81.0618
3.414	83.4401
3.415	86.1909
3.416	89.3287
3.417	92.8819
3.418	96.896
3.419	101.435
3.42	106.585
3.421	112.45
3.422	119.157
3.423	126.851
3.424	135.692
3.425	145.854
3.426	157.513
3.427	170.847
3.428	186.025
3.429	203.196
3.43	222.485
3.431	243.979
3.432	267.718
3.433	293.687
3.434	321.81
3.435	351.943
3.436	383.868
3.437	417.296
3.438	451.865
3.439	487.149
3.44	522.663
3.441	557.874
3.442	592.217
3.443	625.112
3.444	655.979
3.445	684.26
3.446	709.438
3.447	731.057
3.448	748.737
3.449	762.194
3.45	771.247
3.451	775.832
3.452	776.004
3.453	771.94
3.454	763.934
3.455	752.388
3.456	737.804
3.457	720.769
3.458	701.934
3.459	682.003
3.46	661.702
3.461	641.767
3.462	622.922
3.463	605.857
3.464	591.209
3.465	579.552
3.466	571.373
3.467	567.067
3.468	566.925
3.469	571.122
3.47	579.719
3.471	592.653
3.472	609.744
3.473	630.688
3.474	655.074
3.475	682.381
3.476	711.995
3.477	743.221
3.478	775.301
3.479	807.429
3.48	838.777
3.481	868.513
3.482	895.829
3.483	919.96
3.484	940.21
3.485	955.973
3.486	966.751
3.487	972.167
3.488	971.979
3.489	966.084
3.49	954.521
3.491	937.463
3.492	915.211
3.493	888.181
3.494	856.884
3.495	821.907
3.496	783.893
3.497	743.515
3.498	701.455
3.499	658.384
3.5	614.941
3.501	571.717
3.502	529.243
3.503	487.981
3.504	448.317
3.505	410.557
3.506	374.932
3.507	341.599
3.508	310.646
3.509	282.102
3.51	255.943
3.511	232.1
3.512	210.474
3.513	190.935
3.514	173.341
3.515	157.535
3.516	143.36
3.517	130.656
3.518	119.272
3.519	109.064
3.52	99.9012
3.521	91.6642
3.522	84.2493
3.523	77.5681
3.524	71.5484
3.525	66.134
3.526	61.2852
3.527	56.9786
3.528	53.2072
3.529	49.9798
3.53	47.3214
3.531	45.2725
3.532	43.889
3.533	43.2417
3.534	43.4158
3.535	44.5101
3.536	46.636
3.537	49.9157
3.538	54.4807
3.539	60.4693
3.54	68.023
3.541	77.2837
3.542	88.3882
3.543	101.464
3.544	116.623
3.545	133.954
3.546	153.521
3.547	175.349
3.548	199.423
3.549	225.679
3.55	254
3.551	284.211
3.552	316.078
3.553	349.302
3.554	383.527
3.555	418.338
3.556	453.272
3.557	487.821
3.558	521.447
3.559	553.595
3.56	583.704
3.561	611.227
3.562	635.645
3.563	656.482
3.564	673.323
3.565	685.828
3.566	693.74
3.567	696.898
3.568	695.241
3.569	688.809
3.57	677.746
3.571	662.289
3.572	642.767
3.573	619.582
3.574	593.202
3.575	564.145
3.576	532.96
3.577	500.211
3.578	466.463
3.579	432.265
3.58	398.136
3.581	364.556
3.582	331.951
3.583	300.693
3.584	271.09
3.585	243.386
3.586	217.762
3.587	194.338
3.588	173.176
3.589	154.285
3.59	137.628
3.591	123.13
3.592	110.683
3.593	100.153
3.594	91.387
3.595	84.2205
3.596	78.4818
3.597	73.997
3.598	70.5946
3.599	68.1088
3.6	66.3827
3.601	65.2699
3.602	64.6364
3.603	64.362
3.604	64.3405
3.605	64.4801
3.606	64.7034
3.607	64.9475
3.608	65.1627
3.609	65.3124
3.61	65.3724
3.611	65.3296
3.612	65.181
3.613	64.9332
3.614	64.6007
3.615	64.205
3.616	63.7733
3.617	63.3376
3.618	62.933
3.619	62.5969
3.62	62.3674
3.621	62.2825
3.622	62.3788
3.623	62.6904
3.624	63.248
3.625	64.0786
3.626	65.2046
3.627	66.6438
3.628	68.4095
3.629	70.5114
3.63	72.9563
3.631	75.7492
3.632	78.8958
3.633	82.4039
3.634	86.2866
3.635	90.5643
3.636	95.2679
3.637	100.442
3.638	106.145
3.639	112.456
3.64	119.471
3.641	127.308
3.642	136.105
3.643	146.018
3.644	157.221
3.645	169.903
3.646	184.259
3.647	200.49
3.648	218.791
3.649	239.347
3.65	262.322
3.651	287.853
3.652	316.038
3.653	346.926
3.654	380.516
3.655	416.743
3.656	455.474
3.657	496.507
3.658	539.566
3.659	584.303
3.66	630.302
3.661	677.083
3.662	724.109
3.663	770.798
3.664	816.535
3.665	860.685
3.666	902.608
3.667	941.675
3.668	977.284
3.669	1008.87
3.67	1035.94
3.671	1058.06
3.672	1074.87
3.673	1086.12
3.674	1091.63
3.675	1091.36
3.676	1085.32
3.677	1073.67
3.678	1056.63
3.679	1034.53
3.68	1007.76
3.681	976.805
3.682	942.177
3.683	904.448
3.684	864.217
3.685	822.098
3.686	778.706
3.687	734.645
3.688	690.498
3.689	646.812
3.69	604.092
3.691	562.79
3.692	523.302
3.693	485.962
3.694	451.039
3.695	418.736
3.696	389.192
3.697	362.481
3.698	338.62
3.699	317.567
3.7	299.233
3.701	283.481
3.702	270.141
3.703	259.01
3.704	249.859
3.705	242.446
3.706	236.516
3.707	231.812
3.708	228.077
3.709	225.064
3.71	222.535
3.711	220.27
3.712	218.07
3.713	215.756
3.714	213.175
3.715	210.202
3.716	206.736
3.717	202.706
3.718	198.068
3.719	192.803
3.72	186.919
3.721	180.446
3.722	173.437
3.723	165.962
3.724	158.109
3.725	149.979
3.726	141.685
3.727	133.347
3.728	125.09
3.729	117.041
3.73	109.329
3.731	102.079
3.732	95.412
3.733	89.4417
3.734	84.2747
3.735	80.0078
3.736	76.7269
3.737	74.5057
3.738	73.4052
3.739	73.4722
3.74	74.7388
3.741	77.2214
3.742	80.9197
3.743	85.8165
3.744	91.8765
3.745	99.0463
3.746	107.254
3.747	116.409
3.748	126.402
3.749	137.109
3.75	148.386
3.751	160.078
3.752	172.018
3.753	184.029
3.754	195.931
3.755	207.541
3.756	218.682
3.757	229.183
3.758	238.889
3.759	247.662
3.76	255.389
3.761	261.982
3.762	267.387
3.763	271.584
3.764	274.59
3.765	276.461
3.766	277.29
3.767	277.208
3.768	276.379
3.769	275.001
3.77	273.296
3.771	271.506
3.772	269.889
3.773	268.707
3.774	268.224
3.775	268.691
3.776	270.344
3.777	273.395
3.778	278.023
3.779	284.373
3.78	292.544
3.781	302.594
3.782	314.533
3.783	328.323
3.784	343.883
3.785	361.09
3.786	379.781
3.787	399.767
3.788	420.831
3.789	442.742
3.79	465.262
3.791	488.15
3.792	511.178
3.793	534.131
3.794	556.815
3.795	579.063
3.796	600.736
3.797	621.725
3.798	641.95
3.799	661.357
3.8	679.917
3.801	697.615
3.802	714.45
3.803	730.426
3.804	745.546
3.805	759.804
3.806	773.182
3.807	785.646
3.808	797.142
3.809	807.595
3.81	816.911
3.811	824.978
3.812	831.673
3.813	836.861
3.814	840.409
3.815	842.188
3.816	842.081
3.817	839.991
3.818	835.848
3.819	829.612
3.82	821.28
3.821	810.889
3.822	798.513
3.823	784.269
3.824	768.308
3.825	750.818
3.826	732.015
3.827	712.136
3.828	691.437
3.829	670.183
3.83	648.639
3.831	627.069
3.832	605.721
3.833	584.83
3.834	564.608
3.835	545.241
3.836	526.887
3.837	509.677
3.838	493.71
3.839	479.057
3.84	465.761
3.841	453.838
3.842	443.282
3.843	434.064
3.844	426.137
3.845	419.438
3.846	413.889
3.847	409.4
3.848	405.871
3.849	403.192
3.85	401.245
3.851	399.904
3.852	399.04
3.853	398.516
3.854	398.192
3.855	397.929
3.856	397.584
3.857	397.02
3.858	396.104
3.859	394.711
3.86	392.726
3.861	390.052
3.862	386.608
3.863	382.334
3.864	377.192
3.865	371.172
3.866	364.289
3.867	356.583
3.868	348.122
3.869	338.999
3.87	329.326
3.871	319.236
3.872	308.875
3.873	298.398
3.874	287.965
3.875	277.735
3.876	267.861
3.877	258.483
3.878	249.729
3.879	241.707
3.88	234.503
3.881	228.181
3.882	222.785
3.883	218.334
3.884	214.83
3.885	212.256
3.886	210.584
3.887	209.779
3.888	209.8
3.889	210.609
3.89	212.176
3.891	214.479
3.892	217.511
3.893	221.282
3.894	225.821
3.895	231.172
3.896	237.399
3.897	244.577
3.898	252.793
3.899	262.138
3.9	272.7
3.901	284.561
3.902	297.786
3.903	312.417
3.904	328.468
3.905	345.916
3.906	364.698
3.907	384.705
3.908	405.784
3.909	427.732
3.91	450.305
3.911	473.215
3.912	496.138
3.913	518.723
3.914	540.597
3.915	561.38
3.916	580.69
3.917	598.159
3.918	613.438
3.919	626.213
3.92	636.214
3.921	643.219
3.922	647.061
3.923	647.639
3.924	644.911
3.925	638.903
3.926	629.702
3.927	617.453
3.928	602.356
3.929	584.659
3.93	564.648
3.931	542.641
3.932	518.976
3.933	494.006
3.934	468.087
3.935	441.568
3.936	414.79
3.937	388.072
3.938	361.712
3.939	335.976
3.94	311.103
3.941	287.295
3.942	264.721
3.943	243.518
3.944	223.785
3.945	205.595
3.946	188.989
3.947	173.98
3.948	160.559
3.949	148.696
3.95	138.341
3.951	129.432
3.952	121.891
3.953	115.632
3.954	110.561
3.955	106.581
3.956	103.588
3.957	101.48
3.958	100.154
3.959	99.5093
3.96	99.4489
3.961	99.8799
3.962	100.716
3.963	101.877
3.964	103.291
3.965	104.895
3.966	106.635
3.967	108.468
3.968	110.361
3.969	112.29
3.97	114.243
3.971	116.218
3.972	118.222
3.973	120.272
3.974	122.391
3.975	124.612
3.976	126.97
3.977	129.507
3.978	132.265
3.979	135.291
3.98	138.628
3.981	142.318
3.982	146.403
3.983	150.919
3.984	155.898
3.985	161.368
3.986	167.352
3.987	173.868
3.988	180.93
3.989	188.549
3.99	196.733
3.991	205.487
3.992	214.816
3.993	224.724
3.994	235.211
3.995	246.281
3.996	257.933
3.997	270.165
3.998	282.971
3.999	296.339
4	310.249
4.001	324.67
4.002	339.56
4.003	354.858
4.004	370.487
4.005	386.352
4.006	402.332
4.007	418.289
4.008	434.061
4.009	449.469
4.01	464.314
4.011	478.387
4.012	491.469
4.013	503.338
4.014	513.776
4.015	522.575
4.016	529.546
4.017	534.523
4.018	537.37
4.019	537.987
4.02	536.314
4.021	532.338
4.022	526.087
4.023	517.636
4.024	507.105
4.025	494.654
4.026	480.481
4.027	464.812
4.028	447.902
4.029	430.019
4.03	411.443
4.031	392.455
4.032	373.331
4.033	354.335
4.034	335.711
4.035	317.683
4.036	300.444
4.037	284.161
4.038	268.965
4.039	254.96
4.04	242.216
4.041	230.774
4.042	220.649
4.043	211.831
4.044	204.288
4.045	197.974
4.046	192.824
4.047	188.766
4.048	185.718
4.049	183.595
4.05	182.305
4.051	181.758
4.052	181.864
4.053	182.532
4.054	183.673
4.055	185.201
4.056	187.031
4.057	189.081
4.058	191.269
4.059	193.518
4.06	195.75
4.061	197.891
4.062	199.87
4.063	201.619
4.064	203.074
4.065	204.174
4.066	204.866
4.067	205.101
4.068	204.839
4.069	204.049
4.07	202.706
4.071	200.797
4.072	198.32
4.073	195.279
4.074	191.695
4.075	187.593
4.076	183.012
4.077	177.999
4.078	172.611
4.079	166.911
4.08	160.969
4.081	154.863
4.082	148.673
4.083	142.483
4.084	136.379
4.085	130.45
4.086	124.782
4.087	119.463
4.088	114.579
4.089	110.212
4.09	106.445
4.091	103.355
4.092	101.019
4.093	99.5098
4.094	98.8964
4.095	99.2454
4.096	100.62
4.097	103.079
4.098	106.677
4.099	111.464
4.1	117.482
4.101	124.768
4.102	133.346
4.103	143.231
4.104	154.424
4.105	166.91
4.106	180.654
4.107	195.603
4.108	211.679
4.109	228.78
4.11	246.781
4.111	265.527
4.112	284.839
4.113	304.515
4.114	324.329
4.115	344.038
4.116	363.382
4.117	382.096
4.118	399.909
4.119	416.555
4.12	431.78
4.121	445.349
4.122	457.052
4.123	466.714
4.124	474.199
4.125	479.417
4.126	482.327
4.127	482.94
4.128	481.321
4.129	477.59
4.13	471.916
4.131	464.517
4.132	455.652
4.133	445.617
4.134	434.734
4.135	423.346
4.136	411.804
4.137	400.457
4.138	389.646
4.139	379.693
4.14	370.887
4.141	363.484
4.142	357.695
4.143	353.68
4.144	351.547
4.145	351.345
4.146	353.069
4.147	356.653
4.148	361.978
4.149	368.875
4.15	377.125
4.151	386.474
4.152	396.632
4.153	407.285
4.154	418.103
4.155	428.752
4.156	438.896
4.157	448.214
4.158	456.401
4.159	463.181
4.16	468.31
4.161	471.586
4.162	472.849
4.163	471.984
4.164	468.928
4.165	463.664
4.166	456.222
4.167	446.68
4.168	435.156
4.169	421.806
4.17	406.817
4.171	390.404
4.172	372.803
4.173	354.26
4.174	335.034
4.175	315.381
4.176	295.555
4.177	275.801
4.178	256.35
4.179	237.413
4.18	219.184
4.181	201.832
4.182	185.5
4.183	170.307
4.184	156.347
4.185	143.687
4.186	132.373
4.187	122.426
4.188	113.848
4.189	106.623
4.19	100.721
4.191	96.0991
4.192	92.7042
4.193	90.479
4.194	89.3631
4.195	89.2966
4.196	90.2236
4.197	92.0947
4.198	94.8705
4.199	98.5237
4.2	103.041
4.201	108.427
4.202	114.703
4.203	121.908
4.204	130.103
4.205	139.366
4.206	149.791
4.207	161.492
4.208	174.593
4.209	189.229
4.21	205.54
4.211	223.668
4.212	243.751
4.213	265.914
4.214	290.271
4.215	316.907
4.216	345.884
4.217	377.225
4.218	410.915
4.219	446.893
4.22	485.049
4.221	525.221
4.222	567.194
4.223	610.7
4.224	655.417
4.225	700.974
4.226	746.956
4.227	792.906
4.228	838.335
4.229	882.733
4.23	925.57
4.231	966.316
4.232	1004.44
4.233	1039.44
4.234	1070.83
4.235	1098.17
4.236	1121.05
4.237	1139.15
4.238	1152.18
4.239	1159.95
4.24	1162.33
4.241	1159.28
4.242	1150.82
4.243	1137.06
4.244	1118.22
4.245	1094.54
4.246	1066.36
4.247	1034.08
4.248	998.135
4.249	959.018
4.25	917.246
4.251	873.355
4.252	827.892
4.253	781.401
4.254	734.412
4.255	687.433
4.256	640.942
4.257	595.374
4.258	551.122
4.259	508.525
4.26	467.873
4.261	429.398
4.262	393.276
4.263	359.633
4.264	328.54
4.265	300.022
4.266	274.064
4.267	250.61
4.268	229.575
4.269	210.848
4.27	194.3
4.271	179.787
4.272	167.161
4.273	156.27
4.274	146.963
4.275	139.096
4.276	132.536
4.277	127.159
4.278	122.854
4.279	119.523
4.28	117.081
4.281	115.456
4.282	114.587
4.283	114.42
4.284	114.911
4.285	116.02
4.286	117.71
4.287	119.947
4.288	122.693
4.289	125.911
4.29	129.559
4.291	133.592
4.292	137.959
4.293	142.608
4.294	147.48
4.295	152.517
4.296	157.657
4.297	162.839
4.298	168.006
4.299	173.101
4.3	178.077
4.301	182.888
4.302	187.499
4.303	191.883
4.304	196.021
4.305	199.903
4.306	203.526
4.307	206.895
4.308	210.021
4.309	212.918
4.31	215.605
4.311	218.098
4.312	220.415
4.313	222.571
4.314	224.576
4.315	226.435
4.316	228.149
4.317	229.712
4.318	231.113
4.319	232.338
4.32	233.367
4.321	234.183
4.322	234.765
4.323	235.097
4.324	235.165
4.325	234.965
4.326	234.498
4.327	233.774
4.328	232.816
4.329	231.655
4.33	230.333
4.331	228.903
4.332	227.427
4.333	225.974
4.334	224.62
4.335	223.443
4.336	222.526
4.337	221.952
4.338	221.803
4.339	222.158
4.34	223.095
4.341	224.687
4.342	227.007
4.343	230.124
4.344	234.106
4.345	239.026
4.346	244.955
4.347	251.972
4.348	260.163
4.349	269.621
4.35	280.45
4.351	292.764
4.352	306.687
4.353	322.352
4.354	339.896
4.355	359.463
4.356	381.19
4.357	405.211
4.358	431.644
4.359	460.587
4.36	492.108
4.361	526.242
4.362	562.98
4.363	602.263
4.364	643.977
4.365	687.951
4.366	733.951
4.367	781.681
4.368	830.786
4.369	880.855
4.37	931.426
4.371	981.998
4.372	1032.04
4.373	1080.99
4.374	1128.31
4.375	1173.44
4.376	1215.87
4.377	1255.1
4.378	1290.71
4.379	1322.33
4.38	1349.66
4.381	1372.5
4.382	1390.71
4.383	1404.27
4.384	1413.22
4.385	1417.69
4.386	1417.9
4.387	1414.11
4.388	1406.66
4.389	1395.92
4.39	1382.28
4.391	1366.14
4.392	1347.9
4.393	1327.95
4.394	1306.63
4.395	1284.26
4.396	1261.08
4.397	1237.32
4.398	1213.13
4.399	1188.58
4.4	1163.73
4.401	1138.58
4.402	1113.07
4.403	1087.15
4.404	1060.7
4.405	1033.64
4.406	1005.86
4.407	977.273
4.408	947.82
4.409	917.46
4.41	886.19
4.411	854.044
4.412	821.096
4.413	787.46
4.414	753.285
4.415	718.752
4.416	684.072
4.417	649.475
4.418	615.205
4.419	581.514
4.42	548.652
4.421	516.864
4.422	486.38
4.423	457.413
4.424	430.152
4.425	404.764
4.426	381.389
4.427	360.14
4.428	341.104
4.429	324.345
4.43	309.908
4.431	297.817
4.432	288.084
4.433	280.711
4.434	275.693
4.435	273.022
4.436	272.691
4.437	274.693
4.438	279.026
4.439	285.693
4.44	294.699
4.441	306.055
4.442	319.767
4.443	335.842
4.444	354.278
4.445	375.063
4.446	398.167
4.447	423.538
4.448	451.097
4.449	480.732
4.45	512.295
4.451	545.595
4.452	580.401
4.453	616.435
4.454	653.376
4.455	690.857
4.456	728.477
4.457	765.795
4.458	802.348
4.459	837.651
4.46	871.213
4.461	902.543
4.462	931.165
4.463	956.63
4.464	978.526
4.465	996.491
4.466	1010.22
4.467	1019.49
4.468	1024.13
4.469	1024.07
4.47	1019.32
4.471	1009.97
4.472	996.206
4.473	978.269
4.474	956.486
4.475	931.242
4.476	902.972
4.477	872.148
4.478	839.267
4.479	804.84
4.48	769.374
4.481	733.362
4.482	697.271
4.483	661.53
4.484	626.524
4.485	592.586
4.486	559.993
4.487	528.961
4.488	499.648
4.489	472.154
4.49	446.524
4.491	422.755
4.492	400.797
4.493	380.568
4.494	361.951
4.495	344.813
4.496	329.004
4.497	314.368
4.498	300.75
4.499	287.998
4.5	275.975
4.501	264.556
4.502	253.632
4.503	243.116
4.504	232.939
4.505	223.053
4.506	213.426
4.507	204.047
4.508	194.915
4.509	186.047
4.51	177.465
4.511	169.202
4.512	161.294
4.513	153.78
4.514	146.698
4.515	140.084
4.516	133.974
4.517	128.396
4.518	123.374
4.519	118.926
4.52	115.065
4.521	111.797
4.522	109.124
4.523	107.043
4.524	105.544
4.525	104.617
4.526	104.249
4.527	104.424
4.528	105.126
4.529	106.342
4.53	108.056
4.531	110.257
4.532	112.936
4.533	116.088
4.534	119.71
4.535	123.806
4.536	128.381
4.537	133.447
4.538	139.019
4.539	145.113
4.54	151.752
4.541	158.956
4.542	166.749
4.543	175.153
4.544	184.188
4.545	193.87
4.546	204.209
4.547	215.209
4.548	226.865
4.549	239.161
4.55	252.07
4.551	265.553
4.552	279.554
4.553	294.006
4.554	308.827
4.555	323.917
4.556	339.166
4.557	354.45
4.558	369.631
4.559	384.563
4.56	399.093
4.561	413.061
4.562	426.307
4.563	438.668
4.564	449.99
4.565	460.121
4.566	468.921
4.567	476.265
4.568	482.041
4.569	486.158
4.57	488.543
4.571	489.148
4.572	487.946
4.573	484.936
4.574	480.141
4.575	473.607
4.576	465.404
4.577	455.622
4.578	444.372
4.579	431.783
4.58	417.998
4.581	403.17
4.582	387.466
4.583	371.054
4.584	354.108
4.585	336.802
4.586	319.306
4.587	301.786
4.588	284.4
4.589	267.297
4.59	250.615
4.591	234.478
4.592	218.999
4.593	204.277
4.594	190.393
4.595	177.42
4.596	165.411
4.597	154.411
4.598	144.448
4.599	135.541
4.6	127.699
4.601	120.919
4.602	115.192
4.603	110.501
4.604	106.825
4.605	104.137
4.606	102.407
4.607	101.603
4.608	101.693
4.609	102.644
4.61	104.421
4.611	106.993
4.612	110.329
4.613	114.397
4.614	119.17
4.615	124.617
4.616	130.712
4.617	137.425
4.618	144.726
4.619	152.586
4.62	160.969
4.621	169.839
4.622	179.155
4.623	188.872
4.624	198.94
4.625	209.302
4.626	219.899
4.627	230.665
4.628	241.531
4.629	252.422
4.63	263.263
4.631	273.977
4.632	284.484
4.633	294.708
4.634	304.575
4.635	314.014
4.636	322.958
4.637	331.35
4.638	339.137
4.639	346.274
4.64	352.725
4.641	358.464
4.642	363.469
4.643	367.731
4.644	371.243
4.645	374.009
4.646	376.034
4.647	377.331
4.648	377.914
4.649	377.801
4.65	377.011
4.651	375.565
4.652	373.486
4.653	370.796
4.654	367.52
4.655	363.686
4.656	359.324
4.657	354.468
4.658	349.156
4.659	343.435
4.66	337.356
4.661	330.979
4.662	324.373
4.663	317.613
4.664	310.785
4.665	303.982
4.666	297.303
4.667	290.853
4.668	284.741
4.669	279.077
4.67	273.968
4.671	269.52
4.672	265.832
4.673	262.993
4.674	261.08
4.675	260.156
4.676	260.268
4.677	261.445
4.678	263.697
4.679	267.013
4.68	271.362
4.681	276.692
4.682	282.935
4.683	290.001
4.684	297.786
4.685	306.172
4.686	315.029
4.687	324.218
4.688	333.595
4.689	343.014
4.69	352.33
4.691	361.401
4.692	370.094
4.693	378.285
4.694	385.866
4.695	392.745
4.696	398.851
4.697	404.132
4.698	408.565
4.699	412.15
4.7	414.919
4.701	416.932
4.702	418.279
4.703	419.082
4.704	419.496
4.705	419.704
4.706	419.919
4.707	420.381
4.708	421.352
4.709	423.118
4.71	425.977
4.711	430.24
4.712	436.219
4.713	444.227
4.714	454.566
4.715	467.518
4.716	483.343
4.717	502.265
4.718	524.468
4.719	550.087
4.72	579.201
4.721	611.83
4.722	647.928
4.723	687.38
4.724	730.003
4.725	775.543
4.726	823.678
4.727	874.025
4.728	926.14
4.729	979.531
4.73	1033.66
4.731	1087.96
4.732	1141.84
4.733	1194.69
4.734	1245.92
4.735	1294.95
4.736	1341.21
4.737	1384.17
4.738	1423.35
4.739	1458.34
4.74	1488.76
4.741	1514.31
4.742	1534.78
4.743	1550.02
4.744	1559.94
4.745	1564.55
4.746	1563.93
4.747	1558.21
4.748	1547.6
4.749	1532.37
4.75	1512.85
4.751	1489.38
4.752	1462.38
4.753	1432.27
4.754	1399.51
4.755	1364.55
4.756	1327.88
4.757	1289.95
4.758	1251.22
4.759	1212.13
4.76	1173.1
4.761	1134.5
4.762	1096.7
4.763	1060
4.764	1024.68
4.765	990.965
4.766	959.055
4.767	929.09
4.768	901.176
4.769	875.377
4.77	851.72
4.771	830.199
4.772	810.779
4.773	793.4
4.774	777.978
4.775	764.418
4.776	752.608
4.777	742.432
4.778	733.77
4.779	726.497
4.78	720.494
4.781	715.643
4.782	711.831
4.783	708.947
4.784	706.887
4.785	705.55
4.786	704.834
4.787	704.642
4.788	704.874
4.789	705.429
4.79	706.203
4.791	707.089
4.792	707.977
4.793	708.756
4.794	709.314
4.795	709.539
4.796	709.327
4.797	708.581
4.798	707.213
4.799	705.156
4.8	702.359
4.801	698.796
4.802	694.47
4.803	689.412
4.804	683.685
4.805	677.384
4.806	670.638
4.807	663.604
4.808	656.469
4.809	649.443
4.81	642.754
4.811	636.641
4.812	631.353
4.813	627.131
4.814	624.211
4.815	622.81
4.816	623.119
4.817	625.299
4.818	629.471
4.819	635.715
4.82	644.063
4.821	654.497
4.822	666.95
4.823	681.304
4.824	697.392
4.825	715.006
4.826	733.893
4.827	753.769
4.828	774.319
4.829	795.211
4.83	816.099
4.831	836.63
4.832	856.456
4.833	875.241
4.834	892.665
4.835	908.433
4.836	922.279
4.837	933.973
4.838	943.321
4.839	950.173
4.84	954.415
4.841	955.979
4.842	954.838
4.843	951.001
4.844	944.517
4.845	935.466
4.846	923.96
4.847	910.135
4.848	894.15
4.849	876.179
4.85	856.412
4.851	835.047
4.852	812.286
4.853	788.336
4.854	763.4
4.855	737.68
4.856	711.373
4.857	684.668
4.858	657.748
4.859	630.786
4.86	603.948
4.861	577.392
4.862	551.267
4.863	525.717
4.864	500.878
4.865	476.881
4.866	453.852
4.867	431.914
4.868	411.186
4.869	391.786
4.87	373.828
4.871	357.424
4.872	342.683
4.873	329.713
4.874	318.614
4.875	309.483
4.876	302.41
4.877	297.474
4.878	294.743
4.879	294.273
4.88	296.1
4.881	300.244
4.882	306.702
4.883	315.447
4.884	326.425
4.885	339.553
4.886	354.722
4.887	371.787
4.888	390.577
4.889	410.889
4.89	432.492
4.891	455.129
4.892	478.523
4.893	502.375
4.894	526.375
4.895	550.207
4.896	573.552
4.897	596.098
4.898	617.548
4.899	637.624
4.9	656.076
4.901	672.691
4.902	687.293
4.903	699.756
4.904	710.002
4.905	718.006
4.906	723.801
4.907	727.471
4.908	729.157
4.909	729.051
4.91	727.389
4.911	724.453
4.912	720.555
4.913	716.039
4.914	711.265
4.915	706.605
4.916	702.429
4.917	699.104
4.918	696.978
4.919	696.376
4.92	697.591
4.921	700.88
4.922	706.455
4.923	714.486
4.924	725.091
4.925	738.34
4.926	754.252
4.927	772.801
4.928	793.912
4.929	817.469
4.93	843.318
4.931	871.273
4.932	901.116
4.933	932.609
4.934	965.493
4.935	999.495
4.936	1034.34
4.937	1069.72
4.938	1105.37
4.939	1140.98
4.94	1176.27
4.941	1210.94
4.942	1244.72
4.943	1277.3
4.944	1308.42
4.945	1337.79
4.946	1365.14
4.947	1390.2
4.948	1412.7
4.949	1432.4
4.95	1449.05
4.951	1462.42
4.952	1472.3
4.953	1478.52
4.954	1480.94
4.955	1479.43
4.956	1473.93
4.957	1464.43
4.958	1450.96
4.959	1433.63
4.96	1412.57
4.961	1388.02
4.962	1360.23
4.963	1329.55
4.964	1296.35
4.965	1261.06
4.966	1224.14
4.967	1186.07
4.968	1147.36
4.969	1108.52
4.97	1070.03
4.971	1032.37
4.972	995.999
4.973	961.306
4.974	928.644
4.975	898.307
4.976	870.521
4.977	845.448
4.978	823.178
4.979	803.732
4.98	787.065
4.981	773.069
4.982	761.578
4.983	752.379
4.984	745.215
4.985	739.797
4.986	735.816
4.987	732.946
4.988	730.86
4.989	729.238
4.99	727.773
4.991	726.181
4.992	724.21
4.993	721.644
4.994	718.307
4.995	714.068
4.996	708.845
4.997	702.603
4.998	695.358
4.999	687.172
5	678.153
5.001	668.452
5.002	658.257
5.003	647.793
5.004	637.309
5.005	627.08
5.006	617.392
5.007	608.545
5.008	600.838
5.009	594.565
5.01	590.009
5.011	587.433
5.012	587.075
5.013	589.141
5.014	593.8
5.015	601.177
5.016	611.349
5.017	624.343
5.018	640.13
5.019	658.624
5.02	679.684
5.021	703.108
5.022	728.64
5.023	755.969
5.024	784.737
5.025	814.539
5.026	844.937
5.027	875.46
5.028	905.619
5.029	934.917
5.03	962.854
5.031	988.947
5.032	1012.73
5.033	1033.79
5.034	1051.73
5.035	1066.23
5.036	1077.04
5.037	1083.95
5.038	1086.86
5.039	1085.73
5.04	1080.61
5.041	1071.61
5.042	1058.92
5.043	1042.83
5.044	1023.64
5.045	1001.75
5.046	977.569
5.047	951.554
5.048	924.178
5.049	895.922
5.05	867.266
5.051	838.673
5.052	810.589
5.053	783.424
5.054	757.553
5.055	733.307
5.056	710.971
5.057	690.781
5.058	672.92
5.059	657.524
5.06	644.68
5.061	634.428
5.062	626.765
5.063	621.649
5.064	618.999
5.065	618.704
5.066	620.62
5.067	624.58
5.068	630.392
5.069	637.843
5.07	646.705
5.071	656.732
5.072	667.669
5.073	679.246
5.074	691.19
5.075	703.221
5.076	715.056
5.077	726.417
5.078	737.029
5.079	746.625
5.08	754.953
5.081	761.779
5.082	766.89
5.083	770.099
5.084	771.251
5.085	770.222
5.086	766.929
5.087	761.323
5.088	753.399
5.089	743.191
5.09	730.775
5.091	716.261
5.092	699.799
5.093	681.568
5.094	661.772
5.095	640.639
5.096	618.412
5.097	595.341
5.098	571.679
5.099	547.677
5.1	523.573
5.101	499.592
5.102	475.94
5.103	452.796
5.104	430.316
5.105	408.627
5.106	387.826
5.107	367.985
5.108	349.146
5.109	331.328
5.11	314.528
5.111	298.725
5.112	283.886
5.113	269.965
5.114	256.913
5.115	244.679
5.116	233.215
5.117	222.479
5.118	212.437
5.119	203.069
5.12	194.367
5.121	186.338
5.122	179.004
5.123	172.402
5.124	166.584
5.125	161.614
5.126	157.566
5.127	154.524
5.128	152.577
5.129	151.815
5.13	152.328
5.131	154.2
5.132	157.508
5.133	162.315
5.134	168.667
5.135	176.592
5.136	186.094
5.137	197.151
5.138	209.712
5.139	223.698
5.14	238.998
5.141	255.47
5.142	272.941
5.143	291.213
5.144	310.057
5.145	329.225
5.146	348.452
5.147	367.457
5.148	385.957
5.149	403.665
5.15	420.302
5.151	435.604
5.152	449.326
5.153	461.252
5.154	471.195
5.155	479.01
5.156	484.59
5.157	487.877
5.158	488.855
5.159	487.557
5.16	484.06
5.161	478.484
5.162	470.988
5.163	461.764
5.164	451.032
5.165	439.035
5.166	426.03
5.167	412.279
5.168	398.048
5.169	383.594
5.17	369.16
5.171	354.974
5.172	341.239
5.173	328.13
5.174	315.796
5.175	304.353
5.176	293.889
5.177	284.461
5.178	276.099
5.179	268.807
5.18	262.571
5.181	257.356
5.182	253.118
5.183	249.8
5.184	247.347
5.185	245.699
5.186	244.805
5.187	244.62
5.188	245.109
5.189	246.252
5.19	248.04
5.191	250.48
5.192	253.594
5.193	257.415
5.194	261.987
5.195	267.364
5.196	273.604
5.197	280.766
5.198	288.908
5.199	298.084
5.2	308.336
5.201	319.694
5.202	332.171
5.203	345.765
5.204	360.449
5.205	376.176
5.206	392.878
5.207	410.465
5.208	428.825
5.209	447.831
5.21	467.338
5.211	487.191
5.212	507.229
5.213	527.288
5.214	547.206
5.215	566.83
5.216	586.019
5.217	604.651
5.218	622.625
5.219	639.863
5.22	656.318
5.221	671.969
5.222	686.826
5.223	700.928
5.224	714.339
5.225	727.148
5.226	739.463
5.227	751.406
5.228	763.107
5.229	774.698
5.23	786.31
5.231	798.059
5.232	810.047
5.233	822.352
5.234	835.028
5.235	848.096
5.236	861.545
5.237	875.332
5.238	889.38
5.239	903.579
5.24	917.795
5.241	931.868
5.242	945.619
5.243	958.858
5.244	971.389
5.245	983.017
5.246	993.553
5.247	1002.82
5.248	1010.67
5.249	1016.96
5.25	1021.58
5.251	1024.46
5.252	1025.55
5.253	1024.83
5.254	1022.3
5.255	1018.01
5.256	1012.02
5.257	1004.4
5.258	995.253
5.259	984.701
5.26	972.863
5.261	959.873
5.262	945.867
5.263	930.984
5.264	915.366
5.265	899.153
5.266	882.483
5.267	865.494
5.268	848.325
5.269	831.113
5.27	813.994
5.271	797.109
5.272	780.599
5.273	764.607
5.274	749.279
5.275	734.764
5.276	721.214
5.277	708.779
5.278	697.61
5.279	687.857
5.28	679.662
5.281	673.162
5.282	668.483
5.283	665.737
5.284	665.02
5.285	666.41
5.286	669.961
5.287	675.701
5.288	683.634
5.289	693.731
5.29	705.936
5.291	720.158
5.292	736.277
5.293	754.141
5.294	773.57
5.295	794.354
5.296	816.26
5.297	839.033
5.298	862.4
5.299	886.076
5.3	909.767
5.301	933.178
5.302	956.014
5.303	977.991
5.304	998.834
5.305	1018.29
5.306	1036.13
5.307	1052.14
5.308	1066.15
5.309	1078.01
5.31	1087.61
5.311	1094.86
5.312	1099.73
5.313	1102.2
5.314	1102.28
5.315	1100.02
5.316	1095.48
5.317	1088.74
5.318	1079.92
5.319	1069.13
5.32	1056.49
5.321	1042.13
5.322	1026.2
5.323	1008.82
5.324	990.132
5.325	970.264
5.326	949.343
5.327	927.495
5.328	904.84
5.329	881.496
5.33	857.583
5.331	833.219
5.332	808.525
5.333	783.625
5.334	758.649
5.335	733.734
5.336	709.021
5.337	684.659
5.338	660.804
5.339	637.618
5.34	615.263
5.341	593.908
5.342	573.718
5.343	554.855
5.344	537.477
5.345	521.728
5.346	507.744
5.347	495.643
5.348	485.526
5.349	477.471
5.35	471.538
5.351	467.759
5.352	466.146
5.353	466.684
5.354	469.336
5.355	474.043
5.356	480.725
5.357	489.285
5.358	499.61
5.359	511.574
5.36	525.042
5.361	539.87
5.362	555.914
5.363	573.023
5.364	591.05
5.365	609.847
5.366	629.273
5.367	649.186
5.368	669.449
5.369	689.931
5.37	710.499
5.371	731.027
5.372	751.387
5.373	771.451
5.374	791.092
5.375	810.183
5.376	828.592
5.377	846.191
5.378	862.848
5.379	878.437
5.38	892.832
5.381	905.915
5.382	917.573
5.383	927.708
5.384	936.231
5.385	943.071
5.386	948.175
5.387	951.509
5.388	953.059
5.389	952.833
5.39	950.859
5.391	947.187
5.392	941.883
5.393	935.031
5.394	926.731
5.395	917.091
5.396	906.229
5.397	894.27
5.398	881.341
5.399	867.568
5.4	853.078
5.401	837.992
5.402	822.43
5.403	806.506
5.404	790.331
5.405	774.01
5.406	757.649
5.407	741.352
5.408	725.225
5.409	709.377
5.41	693.924
5.411	678.987
5.412	664.699
5.413	651.199
5.414	638.64
5.415	627.182
5.416	616.997
5.417	608.261
5.418	601.156
5.419	595.864
5.42	592.564
5.421	591.423
5.422	592.596
5.423	596.214
5.424	602.383
5.425	611.172
5.426	622.609
5.427	636.676
5.428	653.305
5.429	672.37
5.43	693.687
5.431	717.015
5.432	742.053
5.433	768.444
5.434	795.78
5.435	823.61
5.436	851.444
5.437	878.766
5.438	905.047
5.439	929.753
5.44	952.358
5.441	972.364
5.442	989.306
5.443	1002.77
5.444	1012.4
5.445	1017.9
5.446	1019.08
5.447	1015.81
5.448	1008.04
5.449	995.834
5.45	979.326
5.451	958.737
5.452	934.362
5.453	906.568
5.454	875.781
5.455	842.473
5.456	807.156
5.457	770.362
5.458	732.639
5.459	694.532
5.46	656.577
5.461	619.285
5.462	583.139
5.463	548.584
5.464	516.016
5.465	485.787
5.466	458.193
5.467	433.477
5.468	411.829
5.469	393.384
5.47	378.228
5.471	366.396
5.472	357.882
5.473	352.635
5.474	350.573
5.475	351.576
5.476	355.501
5.477	362.179
5.478	371.423
5.479	383.027
5.48	396.776
5.481	412.443
5.482	429.792
5.483	448.585
5.484	468.58
5.485	489.533
5.486	511.2
5.487	533.339
5.488	555.711
5.489	578.082
5.49	600.222
5.491	621.912
5.492	642.938
5.493	663.097
5.494	682.202
5.495	700.075
5.496	716.556
5.497	731.503
5.498	744.792
5.499	756.318
5.5	766.001
5.501	773.78
5.502	779.62
5.503	783.505
5.504	785.448
5.505	785.479
5.506	783.654
5.507	780.045
5.508	774.748
5.509	767.87
5.51	759.538
5.511	749.888
5.512	739.071
5.513	727.242
5.514	714.567
5.515	701.215
5.516	687.36
5.517	673.179
5.518	658.85
5.519	644.554
5.52	630.469
5.521	616.777
5.522	603.657
5.523	591.284
5.524	579.835
5.525	569.477
5.526	560.376
5.527	552.686
5.528	546.551
5.529	542.101
5.53	539.449
5.531	538.687
5.532	539.884
5.533	543.079
5.534	548.283
5.535	555.472
5.536	564.591
5.537	575.543
5.538	588.199
5.539	602.393
5.54	617.923
5.541	634.557
5.542	652.036
5.543	670.076
5.544	688.374
5.545	706.617
5.546	724.485
5.547	741.66
5.548	757.83
5.549	772.701
5.55	785.996
5.551	797.47
5.552	806.906
5.553	814.128
5.554	819
5.555	821.43
5.556	821.373
5.557	818.83
5.558	813.849
5.559	806.525
5.56	796.995
5.561	785.438
5.562	772.068
5.563	757.129
5.564	740.893
5.565	723.651
5.566	705.707
5.567	687.369
5.568	668.947
5.569	650.739
5.57	633.031
5.571	616.085
5.572	600.136
5.573	585.387
5.574	572
5.575	560.099
5.576	549.763
5.577	541.025
5.578	533.874
5.579	528.255
5.58	524.07
5.581	521.185
5.582	519.43
5.583	518.608
5.584	518.501
5.585	518.872
5.586	519.481
5.587	520.083
5.588	520.442
5.589	520.335
5.59	519.558
5.591	517.936
5.592	515.322
5.593	511.605
5.594	506.714
5.595	500.618
5.596	493.326
5.597	484.891
5.598	475.403
5.599	464.991
5.6	453.822
5.601	442.09
5.602	430.017
5.603	417.85
5.604	405.848
5.605	394.285
5.606	383.439
5.607	373.587
5.608	365.004
5.609	357.949
5.61	352.668
5.611	349.385
5.612	348.296
5.613	349.567
5.614	353.329
5.615	359.674
5.616	368.649
5.617	380.261
5.618	394.464
5.619	411.169
5.62	430.236
5.621	451.475
5.622	474.655
5.623	499.497
5.624	525.686
5.625	552.874
5.626	580.685
5.627	608.728
5.628	636.599
5.629	663.898
5.63	690.235
5.631	715.241
5.632	738.582
5.633	759.965
5.634	779.149
5.635	795.955
5.636	810.27
5.637	822.053
5.638	831.339
5.639	838.235
5.64	842.923
5.641	845.655
5.642	846.741
5.643	846.546
5.644	845.478
5.645	843.972
5.646	842.481
5.647	841.46
5.648	841.349
5.649	842.566
5.65	845.484
5.651	850.429
5.652	857.664
5.653	867.382
5.654	879.702
5.655	894.665
5.656	912.235
5.657	932.301
5.658	954.679
5.659	979.124
5.66	1005.34
5.661	1032.98
5.662	1061.67
5.663	1091.01
5.664	1120.61
5.665	1150.06
5.666	1178.97
5.667	1206.99
5.668	1233.79
5.669	1259.06
5.67	1282.56
5.671	1304.07
5.672	1323.41
5.673	1340.45
5.674	1355.09
5.675	1367.27
5.676	1376.95
5.677	1384.11
5.678	1388.75
5.679	1390.89
5.68	1390.56
5.681	1387.79
5.682	1382.63
5.683	1375.13
5.684	1365.37
5.685	1353.41
5.686	1339.37
5.687	1323.35
5.688	1305.5
5.689	1285.99
5.69	1265.01
5.691	1242.79
5.692	1219.6
5.693	1195.71
5.694	1171.44
5.695	1147.11
5.696	1123.07
5.697	1099.66
5.698	1077.21
5.699	1056.05
5.7	1036.47
5.701	1018.72
5.702	1003.04
5.703	989.557
5.704	978.383
5.705	969.543
5.706	962.997
5.707	958.633
5.708	956.272
5.709	955.669
5.71	956.521
5.711	958.477
5.712	961.145
5.713	964.108
5.714	966.933
5.715	969.188
5.716	970.451
5.717	970.33
5.718	968.469
5.719	964.564
5.72	958.368
5.721	949.705
5.722	938.469
5.723	924.631
5.724	908.241
5.725	889.426
5.726	868.387
5.727	845.393
5.728	820.776
5.729	794.926
5.73	768.276
5.731	741.3
5.732	714.496
5.733	688.382
5.734	663.485
5.735	640.328
5.736	619.428
5.737	601.279
5.738	586.354
5.739	575.09
5.74	567.884
5.741	565.089
5.742	567.008
5.743	573.886
5.744	585.91
5.745	603.204
5.746	625.822
5.747	653.752
5.748	686.909
5.749	725.136
5.75	768.202
5.751	815.807
5.752	867.578
5.753	923.078
5.754	981.809
5.755	1043.22
5.756	1106.69
5.757	1171.6
5.758	1237.26
5.759	1302.97
5.76	1368.04
5.761	1431.75
5.762	1493.42
5.763	1552.36
5.764	1607.96
5.765	1659.6
5.766	1706.75
5.767	1748.92
5.768	1785.7
5.769	1816.75
5.77	1841.79
5.771	1860.64
5.772	1873.19
5.773	1879.4
5.774	1879.35
5.775	1873.14
5.776	1861
5.777	1843.19
5.778	1820.07
5.779	1792.02
5.78	1759.51
5.781	1723.04
5.782	1683.12
5.783	1640.34
5.784	1595.24
5.785	1548.42
5.786	1500.44
5.787	1451.86
5.788	1403.2
5.789	1354.95
5.79	1307.56
5.791	1261.41
5.792	1216.85
5.793	1174.14
5.794	1133.49
5.795	1095.06
5.796	1058.93
5.797	1025.12
5.798	993.621
5.799	964.365
5.8	937.254
5.801	912.166
5.802	888.962
5.803	867.499
5.804	847.638
5.805	829.251
5.806	812.231
5.807	796.495
5.808	781.988
5.809	768.689
5.81	756.605
5.811	745.775
5.812	736.262
5.813	728.151
5.814	721.541
5.815	716.538
5.816	713.25
5.817	711.773
5.818	712.188
5.819	714.553
5.82	718.894
5.821	725.201
5.822	733.423
5.823	743.466
5.824	755.189
5.825	768.406
5.826	782.89
5.827	798.371
5.828	814.543
5.829	831.071
5.83	847.598
5.831	863.747
5.832	879.139
5.833	893.392
5.834	906.137
5.835	917.021
5.836	925.719
5.837	931.941
5.838	935.437
5.839	936.004
5.84	933.493
5.841	927.806
5.842	918.906
5.843	906.813
5.844	891.602
5.845	873.405
5.846	852.405
5.847	828.83
5.848	802.95
5.849	775.068
5.85	745.516
5.851	714.639
5.852	682.798
5.853	650.352
5.854	617.655
5.855	585.05
5.856	552.857
5.857	521.372
5.858	490.862
5.859	461.557
5.86	433.655
5.861	407.315
5.862	382.66
5.863	359.78
5.864	338.731
5.865	319.541
5.866	302.212
5.867	286.726
5.868	273.052
5.869	261.146
5.87	250.957
5.871	242.435
5.872	235.528
5.873	230.192
5.874	226.386
5.875	224.079
5.876	223.244
5.877	223.865
5.878	225.928
5.879	229.423
5.88	234.341
5.881	240.667
5.882	248.382
5.883	257.457
5.884	267.849
5.885	279.5
5.886	292.336
5.887	306.26
5.888	321.16
5.889	336.901
5.89	353.332
5.891	370.288
5.892	387.588
5.893	405.044
5.894	422.464
5.895	439.655
5.896	456.428
5.897	472.605
5.898	488.019
5.899	502.523
5.9	515.989
5.901	528.314
5.902	539.417
5.903	549.244
5.904	557.768
5.905	564.984
5.906	570.909
5.907	575.583
5.908	579.06
5.909	581.411
5.91	582.714
5.911	583.059
5.912	582.537
5.913	581.242
5.914	579.267
5.915	576.704
5.916	573.64
5.917	570.158
5.918	566.336
5.919	562.249
5.92	557.967
5.921	553.556
5.922	549.08
5.923	544.601
5.924	540.179
5.925	535.874
5.926	531.741
5.927	527.838
5.928	524.218
5.929	520.93
5.93	518.022
5.931	515.532
5.932	513.495
5.933	511.935
5.934	510.87
5.935	510.307
5.936	510.243
5.937	510.667
5.938	511.559
5.939	512.895
5.94	514.644
5.941	516.776
5.942	519.262
5.943	522.079
5.944	525.213
5.945	528.662
5.946	532.439
5.947	536.577
5.948	541.124
5.949	546.15
5.95	551.743
5.951	558.006
5.952	565.056
5.953	573.016
5.954	582.012
5.955	592.165
5.956	603.582
5.957	616.348
5.958	630.521
5.959	646.122
5.96	663.128
5.961	681.468
5.962	701.02
5.963	721.609
5.964	743.004
5.965	764.928
5.966	787.055
5.967	809.023
5.968	830.442
5.969	850.902
5.97	869.986
5.971	887.284
5.972	902.406
5.973	914.989
5.974	924.714
5.975	931.314
5.976	934.583
5.977	934.381
5.978	930.64
5.979	923.365
5.98	912.636
5.981	898.601
5.982	881.481
5.983	861.553
5.984	839.154
5.985	814.667
5.986	788.514
5.987	761.149
5.988	733.047
5.989	704.697
5.99	676.595
5.991	649.233
5.992	623.095
5.993	598.65
5.994	576.342
5.995	556.588
5.996	539.772
5.997	526.237
5.998	516.28
5.999	510.148
6	508.033
6.001	510.064
6.002	516.308
6.003	526.76
6.004	541.343
6.005	559.906
6.006	582.223
6.007	607.992
6.008	636.84
6.009	668.328
6.01	701.953
6.011	737.163
6.012	773.364
6.013	809.93
6.014	846.224
6.015	881.605
6.016	915.451
6.017	947.167
6.018	976.208
6.019	1002.09
6.02	1024.39
6.021	1042.79
6.022	1057.04
6.023	1067
6.024	1072.63
6.025	1073.98
6.026	1071.2
6.027	1064.51
6.028	1054.22
6.029	1040.69
6.03	1024.35
6.031	1005.65
6.032	985.068
6.033	963.073
6.034	940.138
6.035	916.711
6.036	893.207
6.037	869.996
6.038	847.403
6.039	825.695
6.04	805.086
6.041	785.733
6.042	767.74
6.043	751.161
6.044	736.003
6.045	722.239
6.046	709.805
6.047	698.617
6.048	688.572
6.049	679.554
6.05	671.446
6.051	664.128
6.052	657.486
6.053	651.414
6.054	645.816
6.055	640.609
6.056	635.72
6.057	631.092
6.058	626.678
6.059	622.444
6.06	618.368
6.061	614.435
6.062	610.644
6.063	607.001
6.064	603.522
6.065	600.229
6.066	597.157
6.067	594.344
6.068	591.842
6.069	589.708
6.07	588.005
6.071	586.807
6.072	586.188
6.073	586.228
6.074	587.007
6.075	588.601
6.076	591.079
6.077	594.502
6.078	598.913
6.079	604.34
6.08	610.784
6.081	618.222
6.082	626.601
6.083	635.835
6.084	645.807
6.085	656.365
6.086	667.329
6.087	678.487
6.088	689.603
6.089	700.423
6.09	710.675
6.091	720.085
6.092	728.376
6.093	735.283
6.094	740.555
6.095	743.964
6.096	745.316
6.097	744.451
6.098	741.253
6.099	735.649
6.1	727.616
6.101	717.18
6.102	704.414
6.103	689.439
6.104	672.418
6.105	653.555
6.106	633.085
6.107	611.274
6.108	588.407
6.109	564.785
6.11	540.715
6.111	516.507
6.112	492.465
6.113	468.878
6.114	446.023
6.115	424.153
6.116	403.494
6.117	384.248
6.118	366.581
6.119	350.63
6.12	336.499
6.121	324.259
6.122	313.95
6.123	305.58
6.124	299.131
6.125	294.557
6.126	291.789
6.127	290.739
6.128	291.298
6.129	293.346
6.13	296.751
6.131	301.371
6.132	307.062
6.133	313.674
6.134	321.062
6.135	329.081
6.136	337.592
6.137	346.465
6.138	355.579
6.139	364.825
6.14	374.105
6.141	383.336
6.142	392.452
6.143	401.397
6.144	410.137
6.145	418.651
6.146	426.932
6.147	434.992
6.148	442.857
6.149	450.565
6.15	458.169
6.151	465.733
6.152	473.333
6.153	481.049
6.154	488.973
6.155	497.198
6.156	505.82
6.157	514.934
6.158	524.632
6.159	535.001
6.16	546.116
6.161	558.042
6.162	570.828
6.163	584.502
6.164	599.075
6.165	614.53
6.166	630.825
6.167	647.89
6.168	665.626
6.169	683.904
6.17	702.566
6.171	721.427
6.172	740.275
6.173	758.875
6.174	776.973
6.175	794.302
6.176	810.584
6.177	825.539
6.178	838.89
6.179	850.37
6.18	859.727
6.181	866.732
6.182	871.183
6.183	872.916
6.184	871.8
6.185	867.751
6.186	860.727
6.187	850.734
6.188	837.824
6.189	822.096
6.19	803.694
6.191	782.802
6.192	759.643
6.193	734.472
6.194	707.57
6.195	679.239
6.196	649.797
6.197	619.566
6.198	588.872
6.199	558.034
6.2	527.36
6.201	497.142
6.202	467.65
6.203	439.13
6.204	411.799
6.205	385.848
6.206	361.437
6.207	338.694
6.208	317.724
6.209	298.603
6.21	281.384
6.211	266.102
6.212	252.772
6.213	241.399
6.214	231.977
6.215	224.496
6.216	218.94
6.217	215.292
6.218	213.539
6.219	213.664
6.22	215.655
6.221	219.5
6.222	225.184
6.223	232.691
6.224	241.999
6.225	253.076
6.226	265.879
6.227	280.35
6.228	296.412
6.229	313.969
6.23	332.899
6.231	353.058
6.232	374.274
6.233	396.353
6.234	419.075
6.235	442.195
6.236	465.454
6.237	488.572
6.238	511.263
6.239	533.23
6.24	554.179
6.241	573.822
6.242	591.881
6.243	608.1
6.244	622.244
6.245	634.11
6.246	643.532
6.247	650.382
6.248	654.577
6.249	656.077
6.25	654.894
6.251	651.083
6.252	644.748
6.253	636.038
6.254	625.141
6.255	612.282
6.256	597.716
6.257	581.724
6.258	564.602
6.259	546.658
6.26	528.201
6.261	509.536
6.262	490.952
6.263	472.723
6.264	455.093
6.265	438.278
6.266	422.457
6.267	407.773
6.268	394.327
6.269	382.183
6.27	371.363
6.271	361.858
6.272	353.62
6.273	346.579
6.274	340.637
6.275	335.684
6.276	331.594
6.277	328.243
6.278	325.504
6.279	323.259
6.28	321.406
6.281	319.855
6.282	318.54
6.283	317.415
6.284	316.46
6.285	315.675
6.286	315.085
6.287	314.73
6.288	314.668
6.289	314.97
6.29	315.709
6.291	316.965
6.292	318.81
6.293	321.31
6.294	324.517
6.295	328.466
6.296	333.172
6.297	338.625
6.298	344.794
6.299	351.62
6.3	359.021
6.301	366.894
6.302	375.113
6.303	383.537
6.304	392.013
6.305	400.379
6.306	408.469
6.307	416.12
6.308	423.176
6.309	429.492
6.31	434.94
6.311	439.413
6.312	442.825
6.313	445.121
6.314	446.274
6.315	446.288
6.316	445.197
6.317	443.07
6.318	440.006
6.319	436.134
6.32	431.613
6.321	426.625
6.322	421.378
6.323	416.099
6.324	411.03
6.325	406.424
6.326	402.544
6.327	399.654
6.328	398.013
6.329	397.875
6.33	399.481
6.331	403.053
6.332	408.788
6.333	416.857
6.334	427.397
6.335	440.505
6.336	456.236
6.337	474.601
6.338	495.56
6.339	519.021
6.34	544.841
6.341	572.822
6.342	602.715
6.343	634.221
6.344	666.993
6.345	700.643
6.346	734.747
6.347	768.852
6.348	802.489
6.349	835.175
6.35	866.432
6.351	895.792
6.352	922.812
6.353	947.084
6.354	968.245
6.355	985.989
6.356	1000.07
6.357	1010.33
6.358	1016.65
6.359	1019.02
6.36	1017.49
6.361	1012.21
6.362	1003.36
6.363	991.218
6.364	976.091
6.365	958.342
6.366	938.362
6.367	916.559
6.368	893.349
6.369	869.14
6.37	844.325
6.371	819.268
6.372	794.298
6.373	769.699
6.374	745.711
6.375	722.521
6.376	700.265
6.377	679.032
6.378	658.862
6.379	639.752
6.38	621.662
6.381	604.521
6.382	588.234
6.383	572.688
6.384	557.759
6.385	543.32
6.386	529.243
6.387	515.408
6.388	501.708
6.389	488.048
6.39	474.352
6.391	460.562
6.392	446.641
6.393	432.57
6.394	418.352
6.395	404.006
6.396	389.568
6.397	375.087
6.398	360.625
6.399	346.253
6.4	332.047
6.401	318.086
6.402	304.452
6.403	291.224
6.404	278.475
6.405	266.277
6.406	254.69
6.407	243.767
6.408	233.553
6.409	224.08
6.41	215.372
6.411	207.441
6.412	200.291
6.413	193.915
6.414	188.297
6.415	183.414
6.416	179.235
6.417	175.722
6.418	172.834
6.419	170.522
6.42	168.736
6.421	167.42
6.422	166.518
6.423	165.973
6.424	165.726
6.425	165.719
6.426	165.897
6.427	166.207
6.428	166.599
6.429	167.029
6.43	167.459
6.431	167.859
6.432	168.206
6.433	168.488
6.434	168.703
6.435	168.857
6.436	168.968
6.437	169.066
6.438	169.188
6.439	169.379
6.44	169.693
6.441	170.189
6.442	170.926
6.443	171.968
6.444	173.375
6.445	175.204
6.446	177.503
6.447	180.313
6.448	183.665
6.449	187.575
6.45	192.048
6.451	197.073
6.452	202.623
6.453	208.66
6.454	215.131
6.455	221.971
6.456	229.105
6.457	236.451
6.458	243.921
6.459	251.425
6.46	258.874
6.461	266.18
6.462	273.265
6.463	280.055
6.464	286.491
6.465	292.524
6.466	298.12
6.467	303.262
6.468	307.949
6.469	312.195
6.47	316.031
6.471	319.505
6.472	322.679
6.473	325.627
6.474	328.436
6.475	331.201
6.476	334.026
6.477	337.018
6.478	340.285
6.479	343.934
6.48	348.069
6.481	352.787
6.482	358.174
6.483	364.304
6.484	371.238
6.485	379.018
6.486	387.671
6.487	397.201
6.488	407.593
6.489	418.812
6.49	430.801
6.491	443.483
6.492	456.764
6.493	470.53
6.494	484.654
6.495	498.994
6.496	513.4
6.497	527.712
6.498	541.771
6.499	555.412
6.5	568.476
6.501	580.81
6.502	592.269
6.503	602.721
6.504	612.047
6.505	620.145
6.506	626.932
6.507	632.341
6.508	636.329
6.509	638.867
6.51	639.95
6.511	639.588
6.512	637.809
6.513	634.656
6.514	630.186
6.515	624.467
6.516	617.576
6.517	609.599
6.518	600.627
6.519	590.756
6.52	580.084
6.521	568.711
6.522	556.737
6.523	544.265
6.524	531.393
6.525	518.221
6.526	504.848
6.527	491.368
6.528	477.878
6.529	464.468
6.53	451.227
6.531	438.243
6.532	425.595
6.533	413.36
6.534	401.608
6.535	390.4
6.536	379.79
6.537	369.822
6.538	360.528
6.539	351.929
6.54	344.037
6.541	336.847
6.542	330.344
6.543	324.504
6.544	319.288
6.545	314.652
6.546	310.541
6.547	306.898
6.548	303.66
6.549	300.765
6.55	298.152
6.551	295.764
6.552	293.55
6.553	291.469
6.554	289.486
6.555	287.58
6.556	285.741
6.557	283.971
6.558	282.281
6.559	280.696
6.56	279.247
6.561	277.972
6.562	276.917
6.563	276.127
6.564	275.648
6.565	275.522
6.566	275.788
6.567	276.475
6.568	277.603
6.569	279.18
6.57	281.205
6.571	283.662
6.572	286.522
6.573	289.747
6.574	293.286
6.575	297.081
6.576	301.067
6.577	305.175
6.578	309.333
6.579	313.471
6.58	317.521
6.581	321.421
6.582	325.113
6.583	328.551
6.584	331.694
6.585	334.513
6.586	336.985
6.587	339.098
6.588	340.846
6.589	342.231
6.59	343.256
6.591	343.932
6.592	344.27
6.593	344.282
6.594	343.981
6.595	343.38
6.596	342.492
6.597	341.33
6.598	339.909
6.599	338.248
6.6	336.368
6.601	334.298
6.602	332.074
6.603	329.744
6.604	327.364
6.605	325.004
6.606	322.746
6.607	320.688
6.608	318.935
6.609	317.605
6.61	316.827
6.611	316.731
6.612	317.452
6.613	319.122
6.614	321.869
6.615	325.809
6.616	331.043
6.617	337.654
6.618	345.702
6.619	355.222
6.62	366.218
6.621	378.667
6.622	392.51
6.623	407.66
6.624	423.998
6.625	441.376
6.626	459.618
6.627	478.527
6.628	497.886
6.629	517.461
6.63	537.013
6.631	556.295
6.632	575.062
6.633	593.074
6.634	610.105
6.635	625.944
6.636	640.399
6.637	653.305
6.638	664.522
6.639	673.942
6.64	681.488
6.641	687.112
6.642	690.802
6.643	692.573
6.644	692.471
6.645	690.568
6.646	686.957
6.647	681.752
6.648	675.081
6.649	667.083
6.65	657.903
6.651	647.689
6.652	636.586
6.653	624.736
6.654	612.273
6.655	599.321
6.656	585.992
6.657	572.389
6.658	558.604
6.659	544.717
6.66	530.802
6.661	516.925
6.662	503.149
6.663	489.535
6.664	476.143
6.665	463.038
6.666	450.286
6.667	437.959
6.668	426.133
6.669	414.889
6.67	404.31
6.671	394.48
6.672	385.482
6.673	377.393
6.674	370.283
6.675	364.209
6.676	359.216
6.677	355.327
6.678	352.55
6.679	350.866
6.68	350.237
6.681	350.6
6.682	351.872
6.683	353.949
6.684	356.711
6.685	360.025
6.686	363.75
6.687	367.74
6.688	371.851
6.689	375.949
6.69	379.907
6.691	383.618
6.692	386.995
6.693	389.975
6.694	392.518
6.695	394.615
6.696	396.28
6.697	397.553
6.698	398.499
6.699	399.198
6.7	399.749
6.701	400.257
6.702	400.834
6.703	401.591
6.704	402.629
6.705	404.04
6.706	405.899
6.707	408.261
6.708	411.157
6.709	414.596
6.71	418.559
6.711	423.007
6.712	427.877
6.713	433.089
6.714	438.55
6.715	444.154
6.716	449.797
6.717	455.372
6.718	460.782
6.719	465.943
6.72	470.786
6.721	475.266
6.722	479.359
6.723	483.068
6.724	486.42
6.725	489.467
6.726	492.284
6.727	494.962
6.728	497.609
6.729	500.342
6.73	503.282
6.731	506.549
6.732	510.255
6.733	514.501
6.734	519.37
6.735	524.925
6.736	531.203
6.737	538.218
6.738	545.952
6.739	554.364
6.74	563.383
6.741	572.914
6.742	582.839
6.743	593.018
6.744	603.298
6.745	613.511
6.746	623.481
6.747	633.025
6.748	641.961
6.749	650.108
6.75	657.293
6.751	663.35
6.752	668.126
6.753	671.482
6.754	673.297
6.755	673.47
6.756	671.916
6.757	668.578
6.758	663.417
6.759	656.42
6.76	647.597
6.761	636.981
6.762	624.629
6.763	610.62
6.764	595.051
6.765	578.042
6.766	559.725
6.767	540.251
6.768	519.777
6.769	498.474
6.77	476.514
6.771	454.074
6.772	431.33
6.773	408.453
6.774	385.612
6.775	362.963
6.776	340.655
6.777	318.825
6.778	297.596
6.779	277.078
6.78	257.366
6.781	238.542
6.782	220.675
6.783	203.817
6.784	188.012
6.785	173.289
6.786	159.668
6.787	147.158
6.788	135.763
6.789	125.475
6.79	116.284
6.791	108.175
6.792	101.127
6.793	95.119
6.794	90.1268
6.795	86.1268
6.796	83.0957
6.797	81.0116
6.798	79.8549
6.799	79.609
6.8	80.2611
6.801	81.8022
6.802	84.2282
6.803	87.5392
6.804	91.7401
6.805	96.8401
6.806	102.852
6.807	109.79
6.808	117.673
6.809	126.518
6.81	136.341
6.811	147.154
6.812	158.967
6.813	171.78
6.814	185.586
6.815	200.366
6.816	216.088
6.817	232.709
6.818	250.166
6.819	268.385
6.82	287.271
6.821	306.716
6.822	326.596
6.823	346.773
6.824	367.095
6.825	387.401
6.826	407.524
6.827	427.292
6.828	446.532
6.829	465.076
6.83	482.761
6.831	499.437
6.832	514.966
6.833	529.23
6.834	542.131
6.835	553.594
6.836	563.568
6.837	572.03
6.838	578.979
6.839	584.442
6.84	588.467
6.841	591.123
6.842	592.499
6.843	592.694
6.844	591.821
6.845	589.993
6.846	587.328
6.847	583.936
6.848	579.923
6.849	575.379
6.85	570.381
6.851	564.99
6.852	559.247
6.853	553.176
6.854	546.783
6.855	540.057
6.856	532.975
6.857	525.505
6.858	517.607
6.859	509.239
6.86	500.361
6.861	490.941
6.862	480.954
6.863	470.388
6.864	459.25
6.865	447.559
6.866	435.355
6.867	422.695
6.868	409.655
6.869	396.324
6.87	382.806
6.871	369.217
6.872	355.678
6.873	342.318
6.874	329.264
6.875	316.643
6.876	304.576
6.877	293.178
6.878	282.551
6.879	272.786
6.88	263.958
6.881	256.129
6.882	249.342
6.883	243.624
6.884	238.986
6.885	235.42
6.886	232.902
6.887	231.392
6.888	230.834
6.889	231.159
6.89	232.285
6.891	234.119
6.892	236.558
6.893	239.493
6.894	242.808
6.895	246.385
6.896	250.104
6.897	253.847
6.898	257.503
6.899	260.962
6.9	264.129
6.901	266.913
6.902	269.242
6.903	271.053
6.904	272.3
6.905	272.954
6.906	272.999
6.907	272.436
6.908	271.282
6.909	269.566
6.91	267.332
6.911	264.633
6.912	261.53
6.913	258.095
6.914	254.401
6.915	250.528
6.916	246.555
6.917	242.561
6.918	238.625
6.919	234.822
6.92	231.226
6.921	227.902
6.922	224.917
6.923	222.327
6.924	220.187
6.925	218.547
6.926	217.449
6.927	216.933
6.928	217.032
6.929	217.774
6.93	219.18
6.931	221.267
6.932	224.041
6.933	227.503
6.934	231.645
6.935	236.451
6.936	241.894
6.937	247.937
6.938	254.537
6.939	261.639
6.94	269.18
6.941	277.092
6.942	285.297
6.943	293.717
6.944	302.269
6.945	310.871
6.946	319.444
6.947	327.912
6.948	336.207
6.949	344.268
6.95	352.047
6.951	359.507
6.952	366.623
6.953	373.387
6.954	379.803
6.955	385.888
6.956	391.675
6.957	397.207
6.958	402.538
6.959	407.73
6.96	412.852
6.961	417.976
6.962	423.176
6.963	428.524
6.964	434.086
6.965	439.922
6.966	446.082
6.967	452.602
6.968	459.505
6.969	466.793
6.97	474.453
6.971	482.45
6.972	490.728
6.973	499.213
6.974	507.806
6.975	516.393
6.976	524.841
6.977	533.003
6.978	540.72
6.979	547.827
6.98	554.157
6.981	559.545
6.982	563.832
6.983	566.874
6.984	568.544
6.985	568.74
6.986	567.386
6.987	564.436
6.988	559.881
6.989	553.743
6.99	546.083
6.991	536.996
6.992	526.61
6.993	515.085
6.994	502.603
6.995	489.37
6.996	475.605
6.997	461.538
6.998	447.398
6.999	433.414
7	419.802
7.001	406.764
7.002	394.479
7.003	383.107
7.004	372.775
7.005	363.585
7.006	355.608
7.007	348.887
7.008	343.435
7.009	339.24
7.01	336.269
7.011	334.468
7.012	333.767
7.013	334.085
7.014	335.332
7.015	337.416
7.016	340.241
7.017	343.716
7.018	347.751
7.019	352.266
7.02	357.186
7.021	362.442
7.022	367.976
7.023	373.736
7.024	379.675
7.025	385.753
7.026	391.932
7.027	398.177
7.028	404.452
7.029	410.719
7.03	416.941
7.031	423.071
7.032	429.063
7.033	434.864
7.034	440.414
7.035	445.651
7.036	450.508
7.037	454.917
7.038	458.807
7.039	462.108
7.04	464.753
7.041	466.68
7.042	467.833
7.043	468.162
7.044	467.63
7.045	466.209
7.046	463.884
7.047	460.65
7.048	456.519
7.049	451.511
7.05	445.662
7.051	439.016
7.052	431.63
7.053	423.567
7.054	414.9
7.055	405.707
7.056	396.068
7.057	386.069
7.058	375.797
7.059	365.337
7.06	354.777
7.061	344.198
7.062	333.684
7.063	323.311
7.064	313.154
7.065	303.282
7.066	293.76
7.067	284.648
7.068	276.001
7.069	267.867
7.07	260.29
7.071	253.307
7.072	246.95
7.073	241.245
7.074	236.21
7.075	231.861
7.076	228.203
7.077	225.241
7.078	222.97
7.079	221.383
7.08	220.465
7.081	220.199
7.082	220.563
7.083	221.53
7.084	223.069
7.085	225.147
7.086	227.726
7.087	230.766
7.088	234.225
7.089	238.055
7.09	242.212
7.091	246.647
7.092	251.312
7.093	256.16
7.094	261.146
7.095	266.229
7.096	271.372
7.097	276.544
7.098	281.721
7.099	286.891
7.1	292.047
7.101	297.196
7.102	302.353
7.103	307.545
7.104	312.808
7.105	318.186
7.106	323.729
7.107	329.49
7.108	335.524
7.109	341.881
7.11	348.606
7.111	355.733
7.112	363.283
7.113	371.259
7.114	379.643
7.115	388.397
7.116	397.459
7.117	406.743
7.118	416.141
7.119	425.521
7.12	434.738
7.121	443.627
7.122	452.018
7.123	459.734
7.124	466.601
7.125	472.452
7.126	477.134
7.127	480.515
7.128	482.485
7.129	482.968
7.13	481.916
7.131	479.321
7.132	475.209
7.133	469.642
7.134	462.719
7.135	454.57
7.136	445.356
7.137	435.258
7.138	424.48
7.139	413.236
7.14	401.746
7.141	390.233
7.142	378.91
7.143	367.982
7.144	357.633
7.145	348.029
7.146	339.308
7.147	331.581
7.148	324.931
7.149	319.408
7.15	315.032
7.151	311.794
7.152	309.657
7.153	308.557
7.154	308.41
7.155	309.11
7.156	310.537
7.157	312.556
7.158	315.027
7.159	317.803
7.16	320.74
7.161	323.692
7.162	326.522
7.163	329.102
7.164	331.316
7.165	333.06
7.166	334.248
7.167	334.81
7.168	334.695
7.169	333.871
7.17	332.325
7.171	330.064
7.172	327.113
7.173	323.516
7.174	319.332
7.175	314.638
7.176	309.525
7.177	304.097
7.178	298.466
7.179	292.758
7.18	287.101
7.181	281.632
7.182	276.488
7.183	271.806
7.184	267.721
7.185	264.364
7.186	261.858
7.187	260.315
7.188	259.835
7.189	260.502
7.19	262.383
7.191	265.524
7.192	269.949
7.193	275.657
7.194	282.625
7.195	290.801
7.196	300.107
7.197	310.443
7.198	321.68
7.199	333.671
7.2	346.249
7.201	359.23
7.202	372.421
7.203	385.619
7.204	398.624
7.205	411.238
7.206	423.271
7.207	434.551
7.208	444.925
7.209	454.262
7.21	462.461
7.211	469.452
7.212	475.196
7.213	479.686
7.214	482.948
7.215	485.037
7.216	486.036
7.217	486.05
7.218	485.202
7.219	483.627
7.22	481.47
7.221	478.872
7.222	475.973
7.223	472.901
7.224	469.769
7.225	466.671
7.226	463.679
7.227	460.842
7.228	458.183
7.229	455.701
7.23	453.372
7.231	451.153
7.232	448.983
7.233	446.789
7.234	444.487
7.235	441.993
7.236	439.221
7.237	436.092
7.238	432.539
7.239	428.504
7.24	423.948
7.241	418.85
7.242	413.209
7.243	407.043
7.244	400.391
7.245	393.308
7.246	385.866
7.247	378.151
7.248	370.258
7.249	362.292
7.25	354.359
7.251	346.565
7.252	339.015
7.253	331.806
7.254	325.028
7.255	318.76
7.256	313.066
7.257	307.999
7.258	303.597
7.259	299.883
7.26	296.866
7.261	294.54
7.262	292.888
7.263	291.88
7.264	291.478
7.265	291.634
7.266	292.291
7.267	293.389
7.268	294.864
7.269	296.649
7.27	298.674
7.271	300.871
7.272	303.173
7.273	305.515
7.274	307.837
7.275	310.081
7.276	312.197
7.277	314.14
7.278	315.872
7.279	317.364
7.28	318.594
7.281	319.55
7.282	320.229
7.283	320.637
7.284	320.789
7.285	320.707
7.286	320.424
7.287	319.975
7.288	319.405
7.289	318.759
7.29	318.085
7.291	317.43
7.292	316.84
7.293	316.355
7.294	316.011
7.295	315.832
7.296	315.837
7.297	316.032
7.298	316.412
7.299	316.961
7.3	317.652
7.301	318.447
7.302	319.301
7.303	320.161
7.304	320.969
7.305	321.667
7.306	322.195
7.307	322.498
7.308	322.525
7.309	322.237
7.31	321.602
7.311	320.603
7.312	319.235
7.313	317.51
7.314	315.452
7.315	313.101
7.316	310.509
7.317	307.74
7.318	304.867
7.319	301.968
7.32	299.127
7.321	296.426
7.322	293.947
7.323	291.764
7.324	289.941
7.325	288.534
7.326	287.582
7.327	287.11
7.328	287.126
7.329	287.622
7.33	288.572
7.331	289.935
7.332	291.653
7.333	293.659
7.334	295.872
7.335	298.205
7.336	300.566
7.337	302.863
7.338	305.001
7.339	306.895
7.34	308.461
7.341	309.63
7.342	310.339
7.343	310.542
7.344	310.204
7.345	309.305
7.346	307.839
7.347	305.814
7.348	303.248
7.349	300.173
7.35	296.628
7.351	292.663
7.352	288.329
7.353	283.685
7.354	278.79
7.355	273.703
7.356	268.481
7.357	263.18
7.358	257.851
7.359	252.539
7.36	247.286
7.361	242.129
7.362	237.097
7.363	232.216
7.364	227.508
7.365	222.99
7.366	218.674
7.367	214.573
7.368	210.694
7.369	207.045
7.37	203.634
7.371	200.465
7.372	197.546
7.373	194.883
7.374	192.481
7.375	190.347
7.376	188.488
7.377	186.908
7.378	185.612
7.379	184.603
7.38	183.882
7.381	183.447
7.382	183.293
7.383	183.41
7.384	183.787
7.385	184.404
7.386	185.24
7.387	186.268
7.388	187.456
7.389	188.767
7.39	190.163
7.391	191.598
7.392	193.029
7.393	194.407
7.394	195.686
7.395	196.819
7.396	197.763
7.397	198.477
7.398	198.927
7.399	199.084
7.4	198.926
7.401	198.442
7.402	197.63
7.403	196.496
7.404	195.059
7.405	193.348
7.406	191.402
7.407	189.269
7.408	187.008
7.409	184.683
7.41	182.367
7.411	180.135
7.412	178.067
7.413	176.241
7.414	174.734
7.415	173.621
7.416	172.97
7.417	172.841
7.418	173.285
7.419	174.344
7.42	176.045
7.421	178.406
7.422	181.431
7.423	185.108
7.424	189.419
7.425	194.329
7.426	199.794
7.427	205.763
7.428	212.176
7.429	218.966
7.43	226.065
7.431	233.402
7.432	240.904
7.433	248.503
7.434	256.133
7.435	263.731
7.436	271.242
7.437	278.614
7.438	285.805
7.439	292.778
7.44	299.502
7.441	305.953
7.442	312.113
7.443	317.966
7.444	323.503
7.445	328.716
7.446	333.597
7.447	338.143
7.448	342.348
7.449	346.206
7.45	349.713
7.451	352.861
7.452	355.644
7.453	358.054
7.454	360.084
7.455	361.728
7.456	362.981
7.457	363.841
7.458	364.308
7.459	364.389
7.46	364.09
7.461	363.427
7.462	362.418
7.463	361.085
7.464	359.456
7.465	357.564
7.466	355.443
7.467	353.131
7.468	350.666
7.469	348.088
7.47	345.435
7.471	342.746
7.472	340.056
7.473	337.395
7.474	334.794
7.475	332.277
7.476	329.866
7.477	327.577
7.478	325.425
7.479	323.422
7.48	321.578
7.481	319.901
7.482	318.399
7.483	317.083
7.484	315.963
7.485	315.053
7.486	314.369
7.487	313.932
7.488	313.767
7.489	313.902
7.49	314.371
7.491	315.21
7.492	316.462
7.493	318.17
7.494	320.38
7.495	323.14
7.496	326.496
7.497	330.496
7.498	335.182
7.499	340.597
