0.5	0
0.501	0
0.502	0
0.503	0
0.504	0
0.505	0
0.506	0
0.507	0
0.508	0
0.509	0
0.51	0
0.511	0
0.512	0
0.513	0
0.514	0
0.515	0
0.516	0
0.517	0
0.518	0
0.519	0
0.52	0
0.521	0
0.522	0
0.523	0
0.524	0
0.525	0
0.526	0
0.527	0
0.528	0
0.529	0
0.53	0
0.531	0
0.532	0
0.533	0
0.534	0
0.535	0
0.536	0
0.537	0
0.538	0
0.539	0
0.54	0
0.541	0
0.542	0
0.543	0
0.544	0
0.545	0
0.546	2.31519e-320
0.547	3.96539e-317
0.548	6.57636e-314
0.549	1.05031e-310
0.55	1.6154e-307
0.551	2.39265e-304
0.552	3.41278e-301
0.553	4.68784e-298
0.554	6.20111e-295
0.555	7.89949e-292
0.556	9.69086e-289
0.557	1.14488e-285
0.558	1.30253e-282
0.559	1.42708e-279
0.56	1.50572e-276
0.561	1.52994e-273
0.562	1.49705e-270
0.563	1.41068e-267
0.564	1.28014e-264
0.565	1.11871e-261
0.566	9.41484e-259
0.567	7.63027e-256
0.568	5.95525e-253
0.569	4.47604e-250
0.57	3.23981e-247
0.571	2.25829e-244
0.572	1.51591e-241
0.573	9.79937e-239
0.574	6.10038e-236
0.575	3.6572e-233
0.576	2.11142e-230
0.577	1.1739e-227
0.578	6.28527e-225
0.579	3.24077e-222
0.58	1.60918e-219
0.581	7.69479e-217
0.582	3.5434e-214
0.583	1.57137e-211
0.584	6.71069e-209
0.585	2.75988e-206
0.586	1.09307e-203
0.587	4.16904e-201
0.588	1.53129e-198
0.589	5.41644e-196
0.59	1.84503e-193
0.591	6.05235e-191
0.592	1.91196e-188
0.593	5.81657e-186
0.594	1.70407e-183
0.595	4.80775e-181
0.596	1.30626e-178
0.597	3.41782e-176
0.598	8.61198e-174
0.599	2.08973e-171
0.6	4.88326e-169
0.601	1.09891e-166
0.602	2.38149e-164
0.603	4.97012e-162
0.604	9.98894e-160
0.605	1.93332e-157
0.606	3.60349e-155
0.607	6.46806e-153
0.608	1.11804e-150
0.609	1.86113e-148
0.61	2.98351e-146
0.611	4.60587e-144
0.612	6.84744e-142
0.613	9.80344e-140
0.614	1.35164e-137
0.615	1.79464e-135
0.616	2.29471e-133
0.617	2.82559e-131
0.618	3.35062e-129
0.619	3.82626e-127
0.62	4.20781e-125
0.621	4.45626e-123
0.622	4.54484e-121
0.623	4.46375e-119
0.624	4.22196e-117
0.625	3.84558e-115
0.626	3.3732e-113
0.627	2.84942e-111
0.628	2.31794e-109
0.629	1.81586e-107
0.63	1.36992e-105
0.631	9.95271e-104
0.632	6.96339e-102
0.633	4.69173e-100
0.634	3.04423e-98
0.635	1.9022e-96
0.636	1.14464e-94
0.637	6.63304e-93
0.638	3.70161e-91
0.639	1.9893e-89
0.64	1.02955e-87
0.641	5.13124e-86
0.642	2.46282e-84
0.643	1.13835e-82
0.644	5.06702e-81
0.645	2.17201e-79
0.646	8.96612e-78
0.647	3.56435e-76
0.648	1.36455e-74
0.649	5.03073e-73
0.65	1.7861e-71
0.651	6.10681e-70
0.652	2.01074e-68
0.653	6.37573e-67
0.654	1.94687e-65
0.655	5.72503e-64
0.656	1.62126e-62
0.657	4.42139e-61
0.658	1.16118e-59
0.659	2.93678e-58
0.66	7.15282e-57
0.661	1.67771e-55
0.662	3.78956e-54
0.663	8.24318e-53
0.664	1.72676e-51
0.665	3.48341e-50
0.666	6.76721e-49
0.667	1.26604e-47
0.668	2.28096e-46
0.669	3.95752e-45
0.67	6.61241e-44
0.671	1.06397e-42
0.672	1.64867e-41
0.673	2.4602e-40
0.674	3.53541e-39
0.675	4.89263e-38
0.676	6.52046e-37
0.677	8.36849e-36
0.678	1.03431e-34
0.679	1.23107e-33
0.68	1.41108e-32
0.681	1.55759e-31
0.682	1.65573e-30
0.683	1.69495e-29
0.684	1.67092e-28
0.685	1.58632e-27
0.686	1.4503e-26
0.687	1.2769e-25
0.688	1.08266e-24
0.689	8.8401e-24
0.69	6.95115e-23
0.691	5.26367e-22
0.692	3.83844e-21
0.693	2.69559e-20
0.694	1.82299e-19
0.695	1.18727e-18
0.696	7.44642e-18
0.697	4.49758e-17
0.698	2.61603e-16
0.699	1.46535e-15
0.7	7.90443e-15
0.701	4.10614e-14
0.702	2.05414e-13
0.703	9.89602e-13
0.704	4.59117e-12
0.705	2.05125e-11
0.706	8.82569e-11
0.707	3.65688e-10
0.708	1.45917e-09
0.709	5.60705e-09
0.71	2.07489e-08
0.711	7.39419e-08
0.712	2.53757e-07
0.713	8.38647e-07
0.714	2.66915e-06
0.715	8.18088e-06
0.716	2.41468e-05
0.717	6.86362e-05
0.718	0.00018788
0.719	0.000495267
0.72	0.00125728
0.721	0.00307367
0.722	0.00723629
0.723	0.0164062
0.724	0.0358206
0.725	0.0753167
0.726	0.152504
0.727	0.297376
0.728	0.558424
0.729	1.00984
0.73	1.75864
0.731	2.94941
0.732	4.76348
0.733	7.4088
0.734	11.097
0.735	16.0064
0.736	22.2339
0.737	29.742
0.738	38.3141
0.739	47.5314
0.74	56.7852
0.741	65.3316
0.742	72.3843
0.743	77.2322
0.744	79.357
0.745	78.5246
0.746	74.8271
0.747	68.6666
0.748	60.6827
0.749	51.6437
0.75	42.3256
0.751	33.4058
0.752	25.3907
0.753	18.5849
0.754	13.1002
0.755	8.8926
0.756	5.81317
0.757	3.65958
0.758	2.21861
0.759	1.29528
0.76	0.728253
0.761	0.394305
0.762	0.205596
0.763	0.103236
0.764	0.0499207
0.765	0.0232468
0.766	0.0104251
0.767	0.00450222
0.768	0.00187244
0.769	0.000749935
0.77	0.000289249
0.771	0.000107437
0.772	3.84297e-05
0.773	1.32377e-05
0.774	4.39131e-06
0.775	1.40284e-06
0.776	4.31573e-07
0.777	1.2786e-07
0.778	3.64793e-08
0.779	1.00229e-08
0.78	2.65199e-09
0.781	6.75746e-10
0.782	1.65817e-10
0.783	3.91839e-11
0.784	8.917e-12
0.785	1.95417e-12
0.786	4.12421e-13
0.787	8.38208e-14
0.788	1.64057e-14
0.789	3.09223e-15
0.79	5.61284e-16
0.791	9.81128e-17
0.792	1.65159e-17
0.793	2.67739e-18
0.794	4.17978e-19
0.795	6.2839e-20
0.796	9.09784e-21
0.797	1.26847e-21
0.798	1.70316e-22
0.799	2.20223e-23
0.8	2.74223e-24
0.801	3.28835e-25
0.802	3.79739e-26
0.803	4.22305e-27
0.804	4.52272e-28
0.805	4.66451e-29
0.806	4.63283e-30
0.807	4.43118e-31
0.808	4.08155e-32
0.809	3.62046e-33
0.81	3.09269e-34
0.811	2.54414e-35
0.812	2.01549e-36
0.813	1.53763e-37
0.814	1.12968e-38
0.815	7.99271e-40
0.816	5.44584e-41
0.817	3.57329e-42
0.818	2.25791e-43
0.819	1.37397e-44
0.82	8.05155e-46
0.821	4.54376e-47
0.822	2.46936e-48
0.823	1.29237e-49
0.824	6.51364e-51
0.825	3.16149e-52
0.826	1.47773e-53
0.827	6.65165e-55
0.828	2.88335e-56
0.829	1.20365e-57
0.83	4.83875e-59
0.831	1.87327e-60
0.832	6.98395e-62
0.833	2.50746e-63
0.834	8.66965e-65
0.835	2.8867e-66
0.836	9.25624e-68
0.837	2.85825e-69
0.838	8.49962e-71
0.839	2.43406e-72
0.84	6.7127e-74
0.841	1.78277e-75
0.842	4.55961e-77
0.843	1.12303e-78
0.844	2.66373e-80
0.845	6.08445e-82
0.846	1.3384e-83
0.847	2.83519e-85
0.848	5.78379e-87
0.849	1.13626e-88
0.85	2.14967e-90
0.851	3.91654e-92
0.852	6.87171e-94
0.853	1.16108e-95
0.854	1.88932e-97
0.855	3.1099e-99
0.856	3.23861e-99
0.857	6.68852e-98
0.858	1.37279e-96
0.859	2.76161e-95
0.86	5.44501e-94
0.861	1.05224e-92
0.862	1.99301e-91
0.863	3.69984e-90
0.864	6.73188e-89
0.865	1.20052e-87
0.866	2.09836e-86
0.867	3.59476e-85
0.868	6.03586e-84
0.869	9.93317e-83
0.87	1.6022e-81
0.871	2.53293e-80
0.872	3.92472e-79
0.873	5.96037e-78
0.874	8.87191e-77
0.875	1.29432e-75
0.876	1.85073e-74
0.877	2.59373e-73
0.878	3.56274e-72
0.879	4.79649e-71
0.88	6.32911e-70
0.881	8.18541e-69
0.882	1.03757e-67
0.883	1.28906e-66
0.884	1.56967e-65
0.885	1.87336e-64
0.886	2.19137e-63
0.887	2.51239e-62
0.888	2.82318e-61
0.889	3.10935e-60
0.89	3.35644e-59
0.891	3.55114e-58
0.892	3.68244e-57
0.893	3.74268e-56
0.894	3.72828e-55
0.895	3.6401e-54
0.896	3.48335e-53
0.897	3.26709e-52
0.898	3.00333e-51
0.899	2.70598e-50
0.9	2.3896e-49
0.901	2.06826e-48
0.902	1.75454e-47
0.903	1.45882e-46
0.904	1.18883e-45
0.905	9.49543e-45
0.906	7.43344e-44
0.907	5.70353e-43
0.908	4.28921e-42
0.909	3.16147e-41
0.91	2.28392e-40
0.911	1.61715e-39
0.912	1.12228e-38
0.913	7.63361e-38
0.914	5.08907e-37
0.915	3.32526e-36
0.916	2.12957e-35
0.917	1.33671e-34
0.918	8.22357e-34
0.919	4.95866e-33
0.92	2.93053e-32
0.921	1.69749e-31
0.922	9.63715e-31
0.923	5.36251e-30
0.924	2.92461e-29
0.925	1.56331e-28
0.926	8.19035e-28
0.927	4.2057e-27
0.928	2.11667e-26
0.929	1.04411e-25
0.93	5.04802e-25
0.931	2.39207e-24
0.932	1.11098e-23
0.933	5.05727e-23
0.934	2.25635e-22
0.935	9.86677e-22
0.936	4.22886e-21
0.937	1.77644e-20
0.938	7.31402e-20
0.939	2.95149e-19
0.94	1.16736e-18
0.941	4.52532e-18
0.942	1.71938e-17
0.943	6.40286e-17
0.944	2.33698e-16
0.945	8.36016e-16
0.946	2.93125e-15
0.947	1.00733e-14
0.948	3.39288e-14
0.949	1.12007e-13
0.95	3.6241e-13
0.951	1.1493e-12
0.952	3.5723e-12
0.953	1.08828e-11
0.954	3.24947e-11
0.955	9.50963e-11
0.956	2.72768e-10
0.957	7.66836e-10
0.958	2.11296e-09
0.959	5.70634e-09
0.96	1.51044e-08
0.961	3.91859e-08
0.962	9.96401e-08
0.963	2.48323e-07
0.964	6.06569e-07
0.965	1.45219e-06
0.966	3.40756e-06
0.967	7.83688e-06
0.968	1.76653e-05
0.969	3.90284e-05
0.97	8.45118e-05
0.971	0.000179363
0.972	0.000373104
0.973	0.000760684
0.974	0.00152005
0.975	0.00297708
0.976	0.00571482
0.977	0.0107521
0.978	0.0198273
0.979	0.0358354
0.98	0.0634806
0.981	0.110217
0.982	0.187558
0.983	0.312825
0.984	0.511383
0.985	0.819352
0.986	1.28669
0.987	1.98042
0.988	2.9876
0.989	4.41739
0.99	6.40165
0.991	9.09284
0.992	12.6588
0.993	17.2731
0.994	23.1016
0.995	30.2839
0.996	38.9124
0.997	49.0106
0.998	60.5119
0.999	73.2452
1	86.929
1.001	101.179
1.002	115.53
1.003	129.478
1.004	142.541
1.005	154.324
1.006	164.61
1.007	173.446
1.008	181.228
1.009	188.78
1.01	197.409
1.011	208.941
1.012	225.718
1.013	250.55
1.014	286.623
1.015	337.347
1.016	406.14
1.017	496.157
1.018	609.971
1.019	749.212
1.02	914.212
1.021	1103.68
1.022	1314.46
1.023	1541.41
1.024	1777.47
1.025	2013.91
1.026	2240.77
1.027	2447.5
1.028	2623.75
1.029	2760.17
1.03	2849.21
1.031	2885.79
1.032	2867.73
1.033	2796.01
1.034	2674.59
1.035	2510.1
1.036	2311.2
1.037	2087.83
1.038	1850.39
1.039	1608.94
1.04	1372.54
1.041	1148.74
1.042	943.248
1.043	759.87
1.044	600.566
1.045	465.684
1.046	354.267
1.047	264.41
1.048	193.613
1.049	139.091
1.05	98.0338
1.051	67.79
1.052	45.9915
1.053	30.6153
1.054	19.9994
1.055	12.8268
1.056	8.08722
1.057	5.03088
1.058	3.11881
1.059	1.97773
1.06	1.36113
1.061	1.1184
1.062	1.17198
1.063	1.50184
1.064	2.13612
1.065	3.14667
1.066	4.64807
1.067	6.79862
1.068	9.80188
1.069	13.907
1.07	19.4067
1.071	26.6302
1.072	35.9314
1.073	47.6693
1.074	62.1823
1.075	79.7545
1.076	100.578
1.077	124.714
1.078	152.049
1.079	182.27
1.08	214.836
1.081	248.977
1.082	283.708
1.083	317.866
1.084	350.169
1.085	379.29
1.086	403.948
1.087	423
1.088	435.528
1.089	440.912
1.09	438.882
1.091	429.541
1.092	413.354
1.093	391.111
1.094	363.864
1.095	332.842
1.096	299.362
1.097	264.738
1.098	230.196
1.099	196.806
1.1	165.44
1.101	136.742
1.102	111.128
1.103	88.7987
1.104	69.767
1.105	53.8957
1.106	40.9372
1.107	30.5734
1.108	22.4506
1.109	16.2097
1.11	11.5075
1.111	8.03245
1.112	5.51284
1.113	3.72017
1.114	2.46838
1.115	1.61035
1.116	1.03298
1.117	0.651508
1.118	0.404027
1.119	0.246355
1.12	0.147697
1.121	0.0870652
1.122	0.0504635
1.123	0.0287588
1.124	0.0161147
1.125	0.00887845
1.126	0.00480963
1.127	0.00256181
1.128	0.00134166
1.129	0.000690873
1.13	0.000349796
1.131	0.000174138
1.132	8.52394e-05
1.133	4.10283e-05
1.134	1.94252e-05
1.135	9.06168e-06
1.136	4.1995e-06
1.137	2.0113e-06
1.138	1.16317e-06
1.139	1.1096e-06
1.14	1.78837e-06
1.141	3.57172e-06
1.142	7.44457e-06
1.143	1.54825e-05
1.144	3.18276e-05
1.145	6.45535e-05
1.146	0.000129131
1.147	0.000254744
1.148	0.000495604
1.149	0.000950873
1.15	0.00179914
1.151	0.00335711
1.152	0.00617763
1.153	0.0112107
1.154	0.0200633
1.155	0.03541
1.156	0.0616319
1.157	0.105789
1.158	0.179075
1.159	0.298939
1.16	0.492138
1.161	0.799001
1.162	1.27928
1.163	2.01993
1.164	3.14532
1.165	4.83003
1.166	7.31461
1.167	10.9242
1.168	16.0894
1.169	23.3695
1.17	33.4746
1.171	47.2864
1.172	65.874
1.173	90.4997
1.174	122.613
1.175	163.826
1.176	215.866
1.177	280.506
1.178	359.464
1.179	454.282
1.18	566.176
1.181	695.878
1.182	843.474
1.183	1008.24
1.184	1188.55
1.185	1381.73
1.186	1584.11
1.187	1791.03
1.188	1997
1.189	2195.88
1.19	2381.2
1.191	2546.47
1.192	2685.57
1.193	2793.13
1.194	2864.86
1.195	2897.81
1.196	2890.63
1.197	2843.62
1.198	2758.72
1.199	2639.36
1.2	2490.27
1.201	2317.13
1.202	2126.23
1.203	1924.09
1.204	1717.11
1.205	1511.21
1.206	1311.62
1.207	1122.66
1.208	947.643
1.209	788.855
1.21	647.598
1.211	524.288
1.212	418.591
1.213	329.584
1.214	255.917
1.215	195.969
1.216	147.99
1.217	110.213
1.218	80.945
1.219	58.6277
1.22	41.8766
1.221	29.4983
1.222	20.4917
1.223	14.0383
1.224	9.48437
1.225	6.31914
1.226	4.15206
1.227	2.69045
1.228	1.71926
1.229	1.08347
1.23	0.673358
1.231	0.412698
1.232	0.249444
1.233	0.148687
1.234	0.0874029
1.235	0.0506683
1.236	0.0289669
1.237	0.0163314
1.238	0.00908036
1.239	0.00497895
1.24	0.00269233
1.241	0.00143574
1.242	0.000755053
1.243	0.000391594
1.244	0.000200286
1.245	0.000101023
1.246	5.02515e-05
1.247	2.46509e-05
1.248	1.19254e-05
1.249	5.68943e-06
1.25	2.67689e-06
1.251	1.24219e-06
1.252	5.68713e-07
1.253	2.57329e-07
1.254	1.16029e-07
1.255	5.41709e-08
1.256	3.03448e-08
1.257	2.74286e-08
1.258	4.15664e-08
1.259	7.8784e-08
1.26	1.56888e-07
1.261	3.12859e-07
1.262	6.18272e-07
1.263	1.20824e-06
1.264	2.33387e-06
1.265	4.45569e-06
1.266	8.40736e-06
1.267	1.56786e-05
1.268	2.88976e-05
1.269	5.26405e-05
1.27	9.47724e-05
1.271	0.000168635
1.272	0.000296564
1.273	0.000515458
1.274	0.000885466
1.275	0.00150333
1.276	0.00252257
1.277	0.00418345
1.278	0.00685694
1.279	0.0111079
1.28	0.0177842
1.281	0.0281412
1.282	0.0440105
1.283	0.0680257
1.284	0.103919
1.285	0.156899
1.286	0.234126
1.287	0.34529
1.288	0.503295
1.289	0.725045
1.29	1.03231
1.291	1.45266
1.292	2.02031
1.293	2.77701
1.294	3.77261
1.295	5.06535
1.296	6.72174
1.297	8.81573
1.298	11.4272
1.299	14.6394
1.3	18.5359
1.301	23.1957
1.302	28.6883
1.303	35.0677
1.304	42.3656
1.305	50.5852
1.306	59.695
1.307	69.6237
1.308	80.2566
1.309	91.4341
1.31	102.953
1.311	114.571
1.312	126.013
1.313	136.981
1.314	147.167
1.315	156.265
1.316	163.991
1.317	170.091
1.318	174.36
1.319	176.651
1.32	176.885
1.321	175.053
1.322	171.219
1.323	165.515
1.324	158.135
1.325	149.322
1.326	139.356
1.327	128.537
1.328	117.175
1.329	105.572
1.33	94.0081
1.331	82.7344
1.332	71.9633
1.333	61.8644
1.334	52.5623
1.335	44.1379
1.336	36.6314
1.337	30.0469
1.338	24.3585
1.339	19.5167
1.34	15.4548
1.341	12.0956
1.342	9.35611
1.343	7.15265
1.344	5.40435
1.345	4.03574
1.346	2.97857
1.347	2.17268
1.348	1.56635
1.349	1.11606
1.35	0.785938
1.351	0.547009
1.352	0.376274
1.353	0.255811
1.354	0.171886
1.355	0.114148
1.356	0.0749215
1.357	0.0486043
1.358	0.0311686
1.359	0.0197635
1.36	0.012402
1.361	0.00772125
1.362	0.0048031
1.363	0.00304367
1.364	0.00206087
1.365	0.0016323
1.366	0.00165726
1.367	0.00213901
1.368	0.00318535
1.369	0.0050277
1.37	0.00806124
1.371	0.0129107
1.372	0.0205296
1.373	0.032342
1.374	0.0504422
1.375	0.0778671
1.376	0.118962
1.377	0.179864
1.378	0.269129
1.379	0.398522
1.38	0.584011
1.381	0.846966
1.382	1.21559
1.383	1.72659
1.384	2.42698
1.385	3.37615
1.386	4.6479
1.387	6.33244
1.388	8.53819
1.389	11.3931
1.39	15.0454
1.391	19.6628
1.392	25.4317
1.393	32.5532
1.394	41.2385
1.395	51.7017
1.396	64.151
1.397	78.7776
1.398	95.7432
1.399	115.166
1.4	137.107
1.401	161.555
1.402	188.417
1.403	217.503
1.404	248.527
1.405	281.099
1.406	314.734
1.407	348.86
1.408	382.833
1.409	415.96
1.41	447.528
1.411	476.83
1.412	503.199
1.413	526.039
1.414	544.857
1.415	559.283
1.416	569.092
1.417	574.214
1.418	574.734
1.419	570.891
1.42	563.055
1.421	551.711
1.422	537.428
1.423	520.828
1.424	502.549
1.425	483.219
1.426	463.418
1.427	443.658
1.428	424.363
1.429	405.853
1.43	388.344
1.431	371.946
1.432	356.672
1.433	342.452
1.434	329.148
1.435	316.575
1.436	304.518
1.437	292.756
1.438	281.077
1.439	269.292
1.44	257.247
1.441	244.836
1.442	231.997
1.443	218.719
1.444	205.039
1.445	191.033
1.446	176.814
1.447	162.519
1.448	148.306
1.449	134.34
1.45	120.788
1.451	107.81
1.452	95.5574
1.453	84.1657
1.454	73.7548
1.455	64.4285
1.456	56.2761
1.457	49.3757
1.458	43.7976
1.459	39.6093
1.46	36.88
1.461	35.6845
1.462	36.1072
1.463	38.2438
1.464	42.2022
1.465	48.1009
1.466	56.0658
1.467	66.2242
1.468	78.6971
1.469	93.5892
1.47	110.978
1.471	130.9
1.472	153.341
1.473	178.218
1.474	205.376
1.475	234.574
1.476	265.478
1.477	297.669
1.478	330.636
1.479	363.792
1.48	396.483
1.481	428.012
1.482	457.656
1.483	484.699
1.484	508.454
1.485	528.294
1.486	543.682
1.487	554.187
1.488	559.515
1.489	559.513
1.49	554.181
1.491	543.67
1.492	528.278
1.493	508.431
1.494	484.669
1.495	457.615
1.496	427.955
1.497	396.406
1.498	363.684
1.499	330.485
1.5	297.455
1.501	265.177
1.502	234.149
1.503	204.784
1.504	177.395
1.505	152.208
1.506	129.354
1.507	108.888
1.508	90.7913
1.509	74.9871
1.51	61.3529
1.511	49.7319
1.512	39.9455
1.513	31.8032
1.514	25.1124
1.515	19.685
1.516	15.3438
1.517	11.9258
1.518	9.28577
1.519	7.29664
1.52	5.85038
1.521	4.8572
1.522	4.24441
1.523	3.95484
1.524	3.9449
1.525	4.18257
1.526	4.64531
1.527	5.31794
1.528	6.19066
1.529	7.2571
1.53	8.5125
1.531	9.95209
1.532	11.5696
1.533	13.3559
1.534	15.2981
1.535	17.3784
1.536	19.5742
1.537	21.8569
1.538	24.1931
1.539	26.5444
1.54	28.868
1.541	31.1186
1.542	33.249
1.543	35.2118
1.544	36.9617
1.545	38.4562
1.546	39.6582
1.547	40.5373
1.548	41.0708
1.549	41.2451
1.55	41.0564
1.551	40.5107
1.552	39.624
1.553	38.422
1.554	36.9391
1.555	35.2177
1.556	33.3078
1.557	31.2654
1.558	29.1528
1.559	27.0384
1.56	24.9976
1.561	23.1143
1.562	21.4843
1.563	20.2196
1.564	19.4541
1.565	19.3525
1.566	20.1201
1.567	22.0155
1.568	25.366
1.569	30.5856
1.57	38.1949
1.571	48.8443
1.572	63.3381
1.573	82.6602
1.574	108
1.575	140.776
1.576	182.658
1.577	235.582
1.578	301.759
1.579	383.672
1.58	484.058
1.581	605.88
1.582	752.272
1.583	926.468
1.584	1131.71
1.585	1371.11
1.586	1647.55
1.587	1963.5
1.588	2320.83
1.589	2720.68
1.59	3163.23
1.591	3647.55
1.592	4171.49
1.593	4731.5
1.594	5322.61
1.595	5938.39
1.596	6570.98
1.597	7211.24
1.598	7848.87
1.599	8472.71
1.6	9071
1.601	9631.76
1.602	10143.2
1.603	10594
1.604	10974
1.605	11274.2
1.606	11487.5
1.607	11608.7
1.608	11634.8
1.609	11565.2
1.61	11401.5
1.611	11147.9
1.612	10810.3
1.613	10396.9
1.614	9917.11
1.615	9381.78
1.616	8802.44
1.617	8191.03
1.618	7559.48
1.619	6919.32
1.62	6281.34
1.621	5655.34
1.622	5049.91
1.623	4472.25
1.624	3928.13
1.625	3421.87
1.626	2956.38
1.627	2533.22
1.628	2152.81
1.629	1814.49
1.63	1516.77
1.631	1257.49
1.632	1033.97
1.633	843.197
1.634	681.975
1.635	547.049
1.636	435.216
1.637	343.408
1.638	268.753
1.639	208.625
1.64	160.664
1.641	122.796
1.642	93.2299
1.643	70.4545
1.644	53.2315
1.645	40.5836
1.646	31.7859
1.647	26.359
1.648	24.0639
1.649	24.8991
1.65	29.0951
1.651	37.1036
1.652	49.5738
1.653	67.3068
1.654	91.1812
1.655	122.043
1.656	160.558
1.657	207.028
1.658	261.205
1.659	322.106
1.66	387.889
1.661	455.827
1.662	522.405
1.663	583.561
1.664	635.067
1.665	672.994
1.666	694.207
1.667	696.785
1.668	680.309
1.669	645.944
1.67	596.299
1.671	535.091
1.672	466.671
1.673	395.505
1.674	325.684
1.675	260.555
1.676	202.5
1.677	152.876
1.678	112.102
1.679	79.842
1.68	55.2293
1.681	37.1033
1.682	24.2074
1.683	15.3379
1.684	9.43746
1.685	5.6391
1.686	3.27207
1.687	1.8437
1.688	1.0088
1.689	0.536001
1.69	0.276547
1.691	0.138552
1.692	0.0674052
1.693	0.0318428
1.694	0.014607
1.695	0.00650651
1.696	0.00281427
1.697	0.00118199
1.698	0.000482054
1.699	0.0001909
1.7	7.34087e-05
1.701	2.74106e-05
1.702	9.93844e-06
1.703	3.49903e-06
1.704	1.1962e-06
1.705	3.97093e-07
1.706	1.27999e-07
1.707	4.00637e-08
1.708	1.21765e-08
1.709	3.59354e-09
1.71	1.0298e-09
1.711	2.86555e-10
1.712	7.74271e-11
1.713	2.03145e-11
1.714	5.17546e-12
1.715	1.28033e-12
1.716	3.07557e-13
1.717	7.17424e-14
1.718	1.62596e-14
1.719	3.61656e-15
1.72	9.35802e-16
1.721	8.3987e-16
1.722	2.65803e-15
1.723	9.8706e-15
1.724	3.612e-14
1.725	1.28917e-13
1.726	4.48532e-13
1.727	1.52121e-12
1.728	5.02914e-12
1.729	1.62073e-11
1.73	5.09139e-11
1.731	1.5591e-10
1.732	4.65393e-10
1.733	1.35418e-09
1.734	3.841e-09
1.735	1.06199e-08
1.736	2.86226e-08
1.737	7.51983e-08
1.738	1.92582e-07
1.739	4.80768e-07
1.74	1.16994e-06
1.741	2.77526e-06
1.742	6.41732e-06
1.743	1.44648e-05
1.744	3.17822e-05
1.745	6.80713e-05
1.746	0.00014212
1.747	0.000289238
1.748	0.000573809
1.749	0.00110966
1.75	0.0020918
1.751	0.00384382
1.752	0.00688519
1.753	0.012022
1.754	0.0204622
1.755	0.0339496
1.756	0.0549071
1.757	0.086563
1.758	0.133029
1.759	0.199283
1.76	0.291009
1.761	0.414239
1.762	0.574786
1.763	0.777449
1.764	1.02506
1.765	1.31745
1.766	1.65056
1.767	2.01575
1.768	2.39969
1.769	2.78472
1.77	3.15006
1.771	3.4735
1.772	3.73358
1.773	3.91195
1.774	3.99551
1.775	3.97797
1.776	3.86065
1.777	3.65233
1.778	3.36814
1.779	3.02775
1.78	2.65314
1.781	2.26627
1.782	1.887
1.783	1.5316
1.784	1.21178
1.785	0.934582
1.786	0.702619
1.787	0.514911
1.788	0.367836
1.789	0.256146
1.79	0.173873
1.791	0.115049
1.792	0.0742076
1.793	0.0466576
1.794	0.0285961
1.795	0.0170845
1.796	0.00994963
1.797	0.00564836
1.798	0.00312572
1.799	0.00168614
1.8	0.000886698
1.801	0.000454677
1.802	0.000227601
1.803	0.000111823
1.804	5.5267e-05
1.805	3.03536e-05
1.806	2.39286e-05
1.807	3.19459e-05
1.808	5.74897e-05
1.809	0.000111466
1.81	0.000215924
1.811	0.000410507
1.812	0.000763022
1.813	0.00138548
1.814	0.00245716
1.815	0.00425623
1.816	0.00720063
1.817	0.0118979
1.818	0.0192009
1.819	0.0302639
1.82	0.0465889
1.821	0.0700475
1.822	0.102862
1.823	0.147527
1.824	0.206653
1.825	0.282725
1.826	0.377781
1.827	0.493024
1.828	0.628419
1.829	0.782318
1.83	0.951197
1.831	1.12956
1.832	1.3101
1.833	1.48406
1.834	1.64191
1.835	1.77419
1.836	1.87243
1.837	1.93003
1.838	1.94301
1.839	1.91047
1.84	1.83466
1.841	1.72078
1.842	1.57634
1.843	1.41034
1.844	1.23241
1.845	1.05181
1.846	0.87674
1.847	0.713771
1.848	0.567544
1.849	0.440751
1.85	0.334303
1.851	0.247651
1.852	0.179181
1.853	0.126619
1.854	0.0873891
1.855	0.0589074
1.856	0.0387826
1.857	0.0249382
1.858	0.0156631
1.859	0.00961096
1.86	0.00576627
1.861	0.00339382
1.862	0.00198459
1.863	0.00120757
1.864	0.00087446
1.865	0.000923224
1.866	0.00142783
1.867	0.00264526
1.868	0.00511765
1.869	0.00985786
1.87	0.01866
1.871	0.0345937
1.872	0.0627583
1.873	0.111389
1.874	0.193413
1.875	0.328546
1.876	0.545977
1.877	0.8876
1.878	1.41165
1.879	2.19634
1.88	3.34303
1.881	4.9779
1.882	7.25133
1.883	10.3337
1.884	14.4065
1.885	19.6484
1.886	26.2156
1.887	34.2185
1.888	43.6944
1.889	54.583
1.89	66.7043
1.891	79.7474
1.892	93.2705
1.893	106.718
1.894	119.453
1.895	130.805
1.896	140.124
1.897	146.849
1.898	150.554
1.899	151.001
1.9	148.161
1.901	142.217
1.902	133.548
1.903	122.684
1.904	110.256
1.905	96.9361
1.906	83.3745
1.907	70.153
1.908	57.7464
1.909	46.5018
1.91	36.6336
1.911	28.2329
1.912	21.2861
1.913	15.7001
1.914	11.3286
1.915	7.99677
1.916	5.52229
1.917	3.73069
1.918	2.46561
1.919	1.59413
1.92	1.0083
1.921	0.623913
1.922	0.377678
1.923	0.223659
1.924	0.129573
1.925	0.0734362
1.926	0.0407166
1.927	0.022085
1.928	0.011719
1.929	0.00608341
1.93	0.00308937
1.931	0.00153483
1.932	0.000745958
1.933	0.000354678
1.934	0.000164976
1.935	7.5071e-05
1.936	3.34187e-05
1.937	1.45537e-05
1.938	6.20042e-06
1.939	2.58426e-06
1.94	1.0537e-06
1.941	4.20302e-07
1.942	1.64011e-07
1.943	6.26109e-08
1.944	2.33826e-08
1.945	8.54283e-09
1.946	3.0534e-09
1.947	1.06782e-09
1.948	3.65846e-10
1.949	1.24227e-10
1.95	4.61249e-11
1.951	3.09711e-11
1.952	5.68625e-11
1.953	1.52063e-10
1.954	4.2253e-10
1.955	1.15883e-09
1.956	3.11893e-09
1.957	8.2327e-09
1.958	2.13109e-08
1.959	5.40982e-08
1.96	1.34674e-07
1.961	3.28779e-07
1.962	7.8713e-07
1.963	1.84803e-06
1.964	4.25496e-06
1.965	9.60736e-06
1.966	2.12734e-05
1.967	4.61948e-05
1.968	9.83731e-05
1.969	0.000205441
1.97	0.000420753
1.971	0.000845083
1.972	0.00166458
1.973	0.00321551
1.974	0.00609165
1.975	0.0113179
1.976	0.0206229
1.977	0.0368546
1.978	0.0645952
1.979	0.111041
1.98	0.187222
1.981	0.309623
1.982	0.502258
1.983	0.799207
1.984	1.24754
1.985	1.91049
1.986	2.87052
1.987	4.232
1.988	6.12278
1.989	8.69418
1.99	12.1187
1.991	16.5849
1.992	22.2894
1.993	29.4255
1.994	38.1701
1.995	48.6687
1.996	61.0212
1.997	75.2688
1.998	91.3853
1.999	109.273
2	128.762
2.001	149.62
2.002	171.557
2.003	194.24
2.004	217.3
2.005	240.344
2.006	262.953
2.007	284.683
2.008	305.067
2.009	323.608
2.01	339.787
2.011	353.073
2.012	362.944
2.013	368.92
2.014	370.602
2.015	367.716
2.016	360.148
2.017	347.982
2.018	331.505
2.019	311.209
2.02	287.766
2.021	261.982
2.022	234.745
2.023	206.962
2.024	179.499
2.025	153.127
2.026	128.483
2.027	106.051
2.028	86.148
2.029	68.9422
2.03	54.4707
2.031	42.6736
2.032	33.4298
2.033	26.5952
2.034	22.0369
2.035	19.6634
2.036	19.4469
2.037	21.4377
2.038	25.7688
2.039	32.6509
2.04	42.3564
2.041	55.1938
2.042	71.4714
2.043	91.4541
2.044	115.314
2.045	143.078
2.046	174.583
2.047	209.435
2.048	246.986
2.049	286.33
2.05	326.323
2.051	365.628
2.052	402.78
2.053	436.278
2.054	464.681
2.055	486.711
2.056	501.347
2.057	507.907
2.058	506.092
2.059	496.015
2.06	478.188
2.061	453.477
2.062	423.033
2.063	388.208
2.064	350.452
2.065	311.22
2.066	271.88
2.067	233.642
2.068	197.505
2.069	164.227
2.07	134.319
2.071	108.053
2.072	85.4934
2.073	66.5299
2.074	50.9218
2.075	38.34
2.076	28.4069
2.077	20.7304
2.078	14.9308
2.079	10.66
2.08	7.61451
2.081	5.54163
2.082	4.24071
2.083	3.56108
2.084	3.3973
2.085	3.68271
2.086	4.38211
2.087	5.48384
2.088	6.99164
2.089	8.9164
2.09	11.2681
2.091	14.0483
2.092	17.243
2.093	20.8178
2.094	24.7135
2.095	28.8454
2.096	33.1051
2.097	37.3644
2.098	41.4831
2.099	45.3186
2.1	48.7368
2.101	51.6238
2.102	53.8961
2.103	55.509
2.104	56.4617
2.105	56.7993
2.106	56.61
2.107	56.02
2.108	55.1848
2.109	54.2798
2.11	53.49
2.111	52.9997
2.112	52.9847
2.113	53.6039
2.114	54.994
2.115	57.2636
2.116	60.4878
2.117	64.7029
2.118	69.8998
2.119	76.0185
2.12	82.942
2.121	90.4938
2.122	98.4373
2.123	106.481
2.124	114.289
2.125	121.497
2.126	127.735
2.127	132.651
2.128	135.939
2.129	137.362
2.13	136.775
2.131	134.135
2.132	129.507
2.133	123.062
2.134	115.058
2.135	105.824
2.136	95.7306
2.137	85.1655
2.138	74.5038
2.139	64.0862
2.14	54.2005
2.141	45.0703
2.142	36.8504
2.143	29.6285
2.144	23.4317
2.145	18.2367
2.146	13.9818
2.147	10.5801
2.148	7.93124
2.149	5.93207
2.15	4.48555
2.151	3.5075
2.152	2.93164
2.153	2.71316
2.154	2.83116
2.155	3.29023
2.156	4.12155
2.157	5.38323
2.158	7.16004
2.159	9.56204
2.16	12.7218
2.161	16.7897
2.162	21.9269
2.163	28.2965
2.164	36.0512
2.165	45.3206
2.166	56.1967
2.167	68.7194
2.168	82.8651
2.169	98.5372
2.17	115.562
2.171	133.691
2.172	152.608
2.173	171.942
2.174	191.289
2.175	210.231
2.176	228.357
2.177	245.287
2.178	260.689
2.179	274.289
2.18	285.879
2.181	295.318
2.182	302.53
2.183	307.495
2.184	310.249
2.185	310.872
2.186	309.487
2.187	306.258
2.188	301.387
2.189	295.111
2.19	287.699
2.191	279.442
2.192	270.643
2.193	261.598
2.194	252.573
2.195	243.791
2.196	235.407
2.197	227.495
2.198	220.047
2.199	212.971
2.2	206.104
2.201	199.238
2.202	192.139
2.203	184.581
2.204	176.374
2.205	167.388
2.206	157.568
2.207	146.949
2.208	135.648
2.209	123.859
2.21	111.839
2.211	99.8854
2.212	88.3184
2.213	77.4582
2.214	67.6098
2.215	59.0501
2.216	52.0192
2.217	46.7169
2.218	43.3015
2.219	41.8906
2.22	42.5622
2.221	45.3542
2.222	50.2626
2.223	57.2367
2.224	66.1728
2.225	76.9069
2.226	89.2074
2.227	102.771
2.228	117.222
2.229	132.115
2.23	146.952
2.231	161.194
2.232	174.29
2.233	185.702
2.234	194.941
2.235	201.597
2.236	205.362
2.237	206.058
2.238	203.644
2.239	198.222
2.24	190.029
2.241	179.416
2.242	166.827
2.243	152.767
2.244	137.766
2.245	122.347
2.246	106.999
2.247	92.1494
2.248	78.1496
2.249	65.2647
2.25	53.672
2.251	43.465
2.252	34.6636
2.253	27.227
2.254	21.0683
2.255	16.0698
2.256	12.0974
2.257	9.01268
2.258	6.68346
2.259	4.99173
2.26	3.83958
2.261	3.15323
2.262	2.88577
2.263	3.01864
2.264	3.56251
2.265	4.55736
2.266	6.07188
2.267	8.20206
2.268	11.0685
2.269	14.8119
2.27	19.5871
2.271	25.5541
2.272	32.8668
2.273	41.6598
2.274	52.0328
2.275	64.0347
2.276	77.6475
2.277	92.7728
2.278	109.222
2.279	126.713
2.28	144.872
2.281	163.246
2.282	181.322
2.283	198.558
2.284	214.413
2.285	228.389
2.286	240.066
2.287	249.142
2.288	255.46
2.289	259.025
2.29	260.014
2.291	258.767
2.292	255.768
2.293	251.611
2.294	246.961
2.295	242.506
2.296	238.906
2.297	236.753
2.298	236.527
2.299	238.568
2.3	243.057
2.301	250.007
2.302	259.271
2.303	270.554
2.304	283.435
2.305	297.395
2.306	311.845
2.307	326.16
2.308	339.706
2.309	351.87
2.31	362.079
2.311	369.83
2.312	374.7
2.313	376.365
2.314	374.61
2.315	369.34
2.316	360.582
2.317	348.487
2.318	333.322
2.319	315.466
2.32	295.39
2.321	273.639
2.322	250.808
2.323	227.514
2.324	204.372
2.325	181.965
2.326	160.819
2.327	141.389
2.328	124.035
2.329	109.02
2.33	96.5012
2.331	86.5317
2.332	79.067
2.333	73.9732
2.334	71.039
2.335	69.9902
2.336	70.5042
2.337	72.227
2.338	74.7896
2.339	77.8247
2.34	80.9832
2.341	83.9506
2.342	86.4608
2.343	88.3103
2.344	89.3684
2.345	89.5862
2.346	89.0015
2.347	87.742
2.348	86.0239
2.349	84.1481
2.35	82.4937
2.351	81.5083
2.352	81.696
2.353	83.6028
2.354	87.7991
2.355	94.8592
2.356	105.338
2.357	119.744
2.358	138.509
2.359	161.956
2.36	190.264
2.361	223.436
2.362	261.27
2.363	303.334
2.364	348.957
2.365	397.224
2.366	446.996
2.367	496.944
2.368	545.594
2.369	591.401
2.37	632.818
2.371	668.387
2.372	696.82
2.373	717.079
2.374	728.438
2.375	730.53
2.376	723.367
2.377	707.338
2.378	683.178
2.379	651.914
2.38	614.801
2.381	573.233
2.382	528.663
2.383	482.52
2.384	436.133
2.385	390.675
2.386	347.121
2.387	306.229
2.388	268.535
2.389	234.372
2.39	203.891
2.391	177.106
2.392	153.93
2.393	134.219
2.394	117.818
2.395	104.589
2.396	94.4443
2.397	87.3652
2.398	83.4133
2.399	82.7338
2.4	85.55
2.401	92.1497
2.402	102.865
2.403	118.044
2.404	138.022
2.405	163.08
2.406	193.411
2.407	229.078
2.408	269.98
2.409	315.822
2.41	366.095
2.411	420.067
2.412	476.786
2.413	535.109
2.414	593.733
2.415	651.25
2.416	706.21
2.417	757.192
2.418	802.878
2.419	842.117
2.42	873.985
2.421	897.828
2.422	913.285
2.423	920.293
2.424	919.068
2.425	910.077
2.426	893.991
2.427	871.628
2.428	843.901
2.429	811.762
2.43	776.16
2.431	738
2.432	698.126
2.433	657.3
2.434	616.202
2.435	575.433
2.436	535.518
2.437	496.912
2.438	460.006
2.439	425.127
2.44	392.54
2.441	362.436
2.442	334.933
2.443	310.068
2.444	287.795
2.445	267.987
2.446	250.444
2.447	234.905
2.448	221.066
2.449	208.599
2.45	197.18
2.451	186.508
2.452	176.329
2.453	166.452
2.454	156.764
2.455	147.233
2.456	137.911
2.457	128.929
2.458	120.485
2.459	112.831
2.46	106.254
2.461	101.06
2.462	97.5517
2.463	96.0095
2.464	96.6734
2.465	99.7252
2.466	105.274
2.467	113.341
2.468	123.855
2.469	136.639
2.47	151.415
2.471	167.803
2.472	185.331
2.473	203.447
2.474	221.543
2.475	238.975
2.476	255.093
2.477	269.271
2.478	280.942
2.479	289.623
2.48	294.942
2.481	296.662
2.482	294.686
2.483	289.066
2.484	279.997
2.485	267.802
2.486	252.911
2.487	235.834
2.488	217.135
2.489	197.392
2.49	177.177
2.491	157.021
2.492	137.399
2.493	118.709
2.494	101.264
2.495	85.2906
2.496	70.9288
2.497	58.2402
2.498	47.218
2.499	37.8001
2.5	29.882
2.501	23.3303
2.502	17.9955
2.503	13.7221
2.504	10.3583
2.505	7.76221
2.506	5.80772
2.507	4.38754
2.508	3.41564
2.509	2.82853
2.51	2.58607
2.511	2.67183
2.512	3.09354
2.513	3.88337
2.514	5.09837
2.515	6.82071
2.516	9.1576
2.517	12.2406
2.518	16.224
2.519	21.2815
2.52	27.6015
2.521	35.3798
2.522	44.8107
2.523	56.0747
2.524	69.3253
2.525	84.6732
2.526	102.17
2.527	121.794
2.528	143.434
2.529	166.878
2.53	191.808
2.531	217.799
2.532	244.325
2.533	270.772
2.534	296.457
2.535	320.661
2.536	342.655
2.537	361.74
2.538	377.283
2.539	388.753
2.54	395.752
2.541	398.035
2.542	395.53
2.543	388.341
2.544	376.74
2.545	361.156
2.546	342.144
2.547	320.361
2.548	296.523
2.549	271.372
2.55	245.638
2.551	220.006
2.552	195.089
2.553	171.406
2.554	149.369
2.555	129.277
2.556	111.315
2.557	95.5657
2.558	82.0152
2.559	70.5716
2.56	61.0812
2.561	53.3449
2.562	47.1364
2.563	42.2164
2.564	38.347
2.565	35.3021
2.566	32.8761
2.567	30.8896
2.568	29.193
2.569	27.668
2.57	26.2273
2.571	24.8125
2.572	23.3923
2.573	21.9581
2.574	20.5214
2.575	19.1093
2.576	17.7619
2.577	16.529
2.578	15.4682
2.579	14.6429
2.58	14.1218
2.581	13.9786
2.582	14.2919
2.583	15.1463
2.584	16.6324
2.585	18.8477
2.586	21.8961
2.587	25.8871
2.588	30.9338
2.589	37.1501
2.59	44.6454
2.591	53.5195
2.592	63.8555
2.593	75.7117
2.594	89.1139
2.595	104.047
2.596	120.448
2.597	138.201
2.598	157.134
2.599	177.019
2.6	197.575
2.601	218.477
2.602	239.368
2.603	259.869
2.604	279.605
2.605	298.22
2.606	315.398
2.607	330.885
2.608	344.509
2.609	356.19
2.61	365.956
2.611	373.947
2.612	380.413
2.613	385.709
2.614	390.281
2.615	394.649
2.616	399.388
2.617	405.095
2.618	412.369
2.619	421.779
2.62	433.835
2.621	448.959
2.622	467.465
2.623	489.531
2.624	515.184
2.625	544.286
2.626	576.523
2.627	611.406
2.628	648.28
2.629	686.33
2.63	724.609
2.631	762.066
2.632	797.587
2.633	830.033
2.634	858.297
2.635	881.349
2.636	898.291
2.637	908.397
2.638	911.158
2.639	906.304
2.64	893.822
2.641	873.957
2.642	847.198
2.643	814.248
2.644	775.991
2.645	733.439
2.646	687.68
2.647	639.825
2.648	590.958
2.649	542.083
2.65	494.096
2.651	447.749
2.652	403.64
2.653	362.208
2.654	323.736
2.655	288.365
2.656	256.115
2.657	226.91
2.658	200.6
2.659	176.984
2.66	155.837
2.661	136.925
2.662	120.02
2.663	104.909
2.664	91.4003
2.665	79.3279
2.666	68.5483
2.667	58.9397
2.668	50.3982
2.669	42.8342
2.67	36.1681
2.671	30.3275
2.672	25.2446
2.673	20.8539
2.674	17.0919
2.675	13.8962
2.676	11.2058
2.677	8.96168
2.678	7.1075
2.679	5.59005
2.68	4.36005
2.681	3.37256
2.682	2.58728
2.683	1.96866
2.684	1.48586
2.685	1.11248
2.686	0.826333
2.687	0.608969
2.688	0.445291
2.689	0.323097
2.69	0.23265
2.691	0.166272
2.692	0.117985
2.693	0.083189
2.694	0.058391
2.695	0.0409812
2.696	0.0290517
2.697	0.0212576
2.698	0.016716
2.699	0.0149413
2.7	0.0158151
2.701	0.0195919
2.702	0.02694
2.703	0.0390243
2.704	0.0576314
2.705	0.0853465
2.706	0.125785
2.707	0.18389
2.708	0.266288
2.709	0.381727
2.71	0.541567
2.711	0.76034
2.712	1.05634
2.713	1.45224
2.714	1.97569
2.715	2.65979
2.716	3.54354
2.717	4.67197
2.718	6.09602
2.719	7.87217
2.72	10.0615
2.721	12.7282
2.722	15.938
2.723	19.7556
2.724	24.2419
2.725	29.4507
2.726	35.4256
2.727	42.1964
2.728	49.7758
2.729	58.1572
2.73	67.3121
2.731	77.1889
2.732	87.7136
2.733	98.7899
2.734	110.302
2.735	122.119
2.736	134.095
2.737	146.08
2.738	157.919
2.739	169.46
2.74	180.556
2.741	191.072
2.742	200.881
2.743	209.873
2.744	217.947
2.745	225.018
2.746	231.009
2.747	235.853
2.748	239.492
2.749	241.873
2.75	242.953
2.751	242.694
2.752	241.071
2.753	238.069
2.754	233.692
2.755	227.963
2.756	220.927
2.757	212.657
2.758	203.252
2.759	192.835
2.76	181.558
2.761	169.592
2.762	157.125
2.763	144.355
2.764	131.483
2.765	118.706
2.766	106.21
2.767	94.1644
2.768	82.7169
2.769	71.9884
2.77	62.0725
2.771	53.034
2.772	44.9106
2.773	37.7141
2.774	31.4345
2.775	26.0434
2.776	21.4982
2.777	17.7467
2.778	14.7306
2.779	12.3896
2.78	10.664
2.781	9.49692
2.782	8.83615
2.783	8.63465
2.784	8.85082
2.785	9.44816
2.786	10.3945
2.787	11.6611
2.788	13.2214
2.789	15.0505
2.79	17.1239
2.791	19.4178
2.792	21.9085
2.793	24.5736
2.794	27.3932
2.795	30.3511
2.796	33.4375
2.797	36.6513
2.798	40.0026
2.799	43.5153
2.8	47.2297
2.801	51.2039
2.802	55.515
2.803	60.2591
2.804	65.5506
2.805	71.5193
2.806	78.3074
2.807	86.0646
2.808	94.9417
2.809	105.084
2.81	116.625
2.811	129.674
2.812	144.314
2.813	160.59
2.814	178.501
2.815	197.999
2.816	218.98
2.817	241.283
2.818	264.691
2.819	288.929
2.82	313.675
2.821	338.563
2.822	363.196
2.823	387.152
2.824	410.009
2.825	431.35
2.826	450.788
2.827	467.978
2.828	482.636
2.829	494.55
2.83	503.596
2.831	509.742
2.832	513.057
2.833	513.707
2.834	511.951
2.835	508.133
2.836	502.666
2.837	496.017
2.838	488.682
2.839	481.167
2.84	473.965
2.841	467.53
2.842	462.261
2.843	458.477
2.844	456.41
2.845	456.19
2.846	457.839
2.847	461.277
2.848	466.321
2.849	472.697
2.85	480.058
2.851	487.998
2.852	496.077
2.853	503.841
2.854	510.852
2.855	516.708
2.856	521.065
2.857	523.66
2.858	524.325
2.859	522.997
2.86	519.725
2.861	514.67
2.862	508.094
2.863	500.348
2.864	491.858
2.865	483.092
2.866	474.542
2.867	466.689
2.868	459.979
2.869	454.79
2.87	451.412
2.871	450.025
2.872	450.688
2.873	453.331
2.874	457.756
2.875	463.648
2.876	470.59
2.877	478.083
2.878	485.578
2.879	492.502
2.88	498.296
2.881	502.438
2.882	504.479
2.883	504.067
2.884	500.964
2.885	495.059
2.886	486.375
2.887	475.069
2.888	461.419
2.889	445.81
2.89	428.717
2.891	410.681
2.892	392.279
2.893	374.103
2.894	356.734
2.895	340.718
2.896	326.544
2.897	314.634
2.898	305.327
2.899	298.871
2.9	295.423
2.901	295.047
2.902	297.715
2.903	303.319
2.904	311.669
2.905	322.513
2.906	335.535
2.907	350.373
2.908	366.628
2.909	383.87
2.91	401.655
2.911	419.531
2.912	437.051
2.913	453.784
2.914	469.324
2.915	483.299
2.916	495.383
2.917	505.299
2.918	512.829
2.919	517.815
2.92	520.159
2.921	519.829
2.922	516.845
2.923	511.284
2.924	503.268
2.925	492.957
2.926	480.54
2.927	466.229
2.928	450.247
2.929	432.826
2.93	414.198
2.931	394.593
2.932	374.235
2.933	353.344
2.934	332.132
2.935	310.81
2.936	289.582
2.937	268.654
2.938	248.231
2.939	228.519
2.94	209.724
2.941	192.053
2.942	175.714
2.943	160.909
2.944	147.837
2.945	136.688
2.946	127.645
2.947	120.874
2.948	116.528
2.949	114.74
2.95	115.624
2.951	119.269
2.952	125.74
2.953	135.075
2.954	147.277
2.955	162.318
2.956	180.132
2.957	200.614
2.958	223.611
2.959	248.927
2.96	276.314
2.961	305.474
2.962	336.054
2.963	367.651
2.964	399.813
2.965	432.043
2.966	463.805
2.967	494.539
2.968	523.662
2.969	550.594
2.97	574.766
2.971	595.639
2.972	612.723
2.973	625.593
2.974	633.906
2.975	637.415
2.976	635.982
2.977	629.584
2.978	618.314
2.979	602.386
2.98	582.122
2.981	557.947
2.982	530.37
2.983	499.965
2.984	467.356
2.985	433.19
2.986	398.116
2.987	362.765
2.988	327.73
2.989	293.55
2.99	260.7
2.991	229.576
2.992	200.498
2.993	173.704
2.994	149.353
2.995	127.534
2.996	108.271
2.997	91.5335
2.998	77.2471
2.999	65.3044
3	55.5745
3.001	47.913
3.002	42.1695
3.003	38.1945
3.004	35.8444
3.005	34.9846
3.006	35.4919
3.007	37.2554
3.008	40.1763
3.009	44.1676
3.01	49.1532
3.011	55.0668
3.012	61.8511
3.013	69.4578
3.014	77.8471
3.015	86.9879
3.016	96.8587
3.017	107.447
3.018	118.753
3.019	130.783
3.02	143.555
3.021	157.093
3.022	171.427
3.023	186.585
3.024	202.588
3.025	219.446
3.026	237.149
3.027	255.657
3.028	274.896
3.029	294.749
3.03	315.051
3.031	335.587
3.032	356.09
3.033	376.245
3.034	395.695
3.035	414.05
3.036	430.901
3.037	445.831
3.038	458.437
3.039	468.344
3.04	475.223
3.041	478.808
3.042	478.907
3.043	475.418
3.044	468.331
3.045	457.732
3.046	443.801
3.047	426.805
3.048	407.089
3.049	385.058
3.05	361.166
3.051	335.897
3.052	309.742
3.053	283.188
3.054	256.696
3.055	230.693
3.056	205.555
3.057	181.601
3.058	159.092
3.059	138.221
3.06	119.124
3.061	101.877
3.062	86.5032
3.063	72.9833
3.064	61.2604
3.065	51.2501
3.066	42.8488
3.067	35.9418
3.068	30.41
3.069	26.1364
3.07	23.0105
3.071	20.9322
3.072	19.8137
3.073	19.5806
3.074	20.1723
3.075	21.5403
3.076	23.6474
3.077	26.4647
3.078	29.9694
3.079	34.142
3.08	38.9639
3.081	44.4146
3.082	50.4702
3.083	57.1018
3.084	64.2755
3.085	71.9521
3.086	80.0889
3.087	88.6411
3.088	97.5652
3.089	106.822
3.09	116.379
3.091	126.217
3.092	136.33
3.093	146.73
3.094	157.448
3.095	168.534
3.096	180.054
3.097	192.092
3.098	204.738
3.099	218.086
3.1	232.227
3.101	247.235
3.102	263.165
3.103	280.036
3.104	297.829
3.105	316.478
3.106	335.866
3.107	355.821
3.108	376.124
3.109	396.506
3.11	416.66
3.111	436.25
3.112	454.927
3.113	472.338
3.114	488.147
3.115	502.044
3.116	513.766
3.117	523.101
3.118	529.9
3.119	534.083
3.12	535.639
3.121	534.625
3.122	531.159
3.123	525.41
3.124	517.59
3.125	507.936
3.126	496.701
3.127	484.139
3.128	470.494
3.129	455.988
3.13	440.815
3.131	425.137
3.132	409.079
3.133	392.736
3.134	376.172
3.135	359.426
3.136	342.52
3.137	325.469
3.138	308.283
3.139	290.977
3.14	273.576
3.141	256.121
3.142	238.667
3.143	221.287
3.144	204.069
3.145	187.112
3.146	170.525
3.147	154.422
3.148	138.912
3.149	124.1
3.15	110.082
3.151	96.9355
3.152	84.7244
3.153	73.4923
3.154	63.2635
3.155	54.0436
3.156	45.8207
3.157	38.5675
3.158	32.2442
3.159	26.8016
3.16	22.1843
3.161	18.3344
3.162	15.1943
3.163	12.71
3.164	10.8335
3.165	9.52525
3.166	8.75585
3.167	8.50759
3.168	8.77543
3.169	9.56767
3.17	10.9063
3.171	12.8269
3.172	15.3783
3.173	18.6223
3.174	22.6327
3.175	27.4942
3.176	33.3019
3.177	40.1598
3.178	48.1803
3.179	57.4828
3.18	68.1932
3.181	80.4437
3.182	94.3723
3.183	110.123
3.184	127.846
3.185	147.697
3.186	169.841
3.187	194.447
3.188	221.693
3.189	251.76
3.19	284.829
3.191	321.082
3.192	360.687
3.193	403.797
3.194	450.533
3.195	500.974
3.196	555.143
3.197	612.984
3.198	674.354
3.199	739.001
3.2	806.552
3.201	876.498
3.202	948.194
3.203	1020.85
3.204	1093.54
3.205	1165.21
3.206	1234.72
3.207	1300.83
3.208	1362.27
3.209	1417.79
3.21	1466.14
3.211	1506.21
3.212	1536.98
3.213	1557.65
3.214	1567.6
3.215	1566.46
3.216	1554.16
3.217	1530.84
3.218	1496.96
3.219	1453.2
3.22	1400.5
3.221	1339.96
3.222	1272.86
3.223	1200.57
3.224	1124.52
3.225	1046.15
3.226	966.852
3.227	887.949
3.228	810.64
3.229	735.983
3.23	664.874
3.231	598.034
3.232	536.012
3.233	479.189
3.234	427.787
3.235	381.891
3.236	341.465
3.237	306.381
3.238	276.435
3.239	251.376
3.24	230.924
3.241	214.79
3.242	202.691
3.243	194.361
3.244	189.56
3.245	188.076
3.246	189.728
3.247	194.36
3.248	201.837
3.249	212.037
3.25	224.841
3.251	240.123
3.252	257.736
3.253	277.508
3.254	299.23
3.255	322.646
3.256	347.458
3.257	373.314
3.258	399.819
3.259	426.532
3.26	452.983
3.261	478.678
3.262	503.112
3.263	525.788
3.264	546.231
3.265	564.003
3.266	578.72
3.267	590.065
3.268	597.797
3.269	601.763
3.27	601.899
3.271	598.235
3.272	590.888
3.273	580.062
3.274	566.033
3.275	549.144
3.276	529.785
3.277	508.384
3.278	485.393
3.279	461.268
3.28	436.462
3.281	411.41
3.282	386.519
3.283	362.158
3.284	338.658
3.285	316.3
3.286	295.319
3.287	275.901
3.288	258.182
3.289	242.255
3.29	228.17
3.291	215.937
3.292	205.534
3.293	196.909
3.294	189.986
3.295	184.67
3.296	180.852
3.297	178.416
3.298	177.24
3.299	177.205
3.3	178.198
3.301	180.112
3.302	182.855
3.303	186.349
3.304	190.531
3.305	195.354
3.306	200.789
3.307	206.816
3.308	213.431
3.309	220.635
3.31	228.433
3.311	236.83
3.312	245.825
3.313	255.406
3.314	265.55
3.315	276.213
3.316	287.333
3.317	298.826
3.318	310.587
3.319	322.489
3.32	334.387
3.321	346.121
3.322	357.521
3.323	368.412
3.324	378.618
3.325	387.969
3.326	396.312
3.327	403.507
3.328	409.441
3.329	414.028
3.33	417.211
3.331	418.966
3.332	419.301
3.333	418.255
3.334	415.893
3.335	412.304
3.336	407.596
3.337	401.889
3.338	395.31
3.339	387.984
3.34	380.033
3.341	371.568
3.342	362.686
3.343	353.465
3.344	343.967
3.345	334.234
3.346	324.292
3.347	314.154
3.348	303.819
3.349	293.281
3.35	282.532
3.351	271.566
3.352	260.38
3.353	248.984
3.354	237.399
3.355	225.66
3.356	213.816
3.357	201.933
3.358	190.09
3.359	178.377
3.36	166.897
3.361	155.759
3.362	145.075
3.363	134.959
3.364	125.523
3.365	116.872
3.366	109.104
3.367	102.303
3.368	96.5408
3.369	91.8718
3.37	88.3322
3.371	85.938
3.372	84.6845
3.373	84.5447
3.374	85.4696
3.375	87.3884
3.376	90.2089
3.377	93.8195
3.378	98.0908
3.379	102.878
3.38	108.026
3.381	113.37
3.382	118.744
3.383	123.98
3.384	128.92
3.385	133.414
3.386	137.329
3.387	140.552
3.388	142.995
3.389	144.593
3.39	145.315
3.391	145.154
3.392	144.138
3.393	142.318
3.394	139.773
3.395	136.606
3.396	132.936
3.397	128.896
3.398	124.628
3.399	120.276
3.4	115.983
3.401	111.884
3.402	108.102
3.403	104.747
3.404	101.908
3.405	99.6552
3.406	98.0357
3.407	97.0768
3.408	96.7848
3.409	97.1478
3.41	98.1386
3.411	99.718
3.412	101.84
3.413	104.456
3.414	107.519
3.415	110.993
3.416	114.854
3.417	119.096
3.418	123.736
3.419	128.82
3.42	134.42
3.421	140.64
3.422	147.616
3.423	155.512
3.424	164.516
3.425	174.841
3.426	186.709
3.427	200.351
3.428	215.993
3.429	233.845
3.43	254.091
3.431	276.875
3.432	302.288
3.433	330.362
3.434	361.054
3.435	394.239
3.436	429.709
3.437	467.165
3.438	506.219
3.439	546.403
3.44	587.172
3.441	627.917
3.442	667.986
3.443	706.695
3.444	743.355
3.445	777.292
3.446	807.872
3.447	834.521
3.448	856.751
3.449	874.176
3.45	886.528
3.451	893.668
3.452	895.597
3.453	892.454
3.454	884.514
3.455	872.182
3.456	855.98
3.457	836.527
3.458	814.527
3.459	790.74
3.46	765.966
3.461	741.014
3.462	716.686
3.463	693.749
3.464	672.92
3.465	654.842
3.466	640.073
3.467	629.072
3.468	622.187
3.469	619.646
3.47	621.558
3.471	627.906
3.472	638.549
3.473	653.226
3.474	671.561
3.475	693.073
3.476	717.184
3.477	743.238
3.478	770.513
3.479	798.24
3.48	825.624
3.481	851.867
3.482	876.186
3.483	897.842
3.484	916.154
3.485	930.526
3.486	940.461
3.487	945.573
3.488	945.604
3.489	940.422
3.49	930.028
3.491	914.55
3.492	894.233
3.493	869.431
3.494	840.586
3.495	808.215
3.496	772.883
3.497	735.19
3.498	695.742
3.499	655.141
3.5	613.96
3.501	572.732
3.502	531.938
3.503	492.001
3.504	453.275
3.505	416.051
3.506	380.553
3.507	346.941
3.508	315.321
3.509	285.747
3.51	258.23
3.511	232.746
3.512	209.243
3.513	187.65
3.514	167.877
3.515	149.831
3.516	133.408
3.517	118.508
3.518	105.03
3.519	92.8785
3.52	81.9613
3.521	72.1937
3.522	63.4974
3.523	55.8014
3.524	49.0426
3.525	43.1661
3.526	38.1258
3.527	33.8849
3.528	30.4169
3.529	27.7058
3.53	25.7478
3.531	24.5515
3.532	24.1386
3.533	24.5451
3.534	25.821
3.535	28.0309
3.536	31.2531
3.537	35.5791
3.538	41.1121
3.539	47.9645
3.54	56.2555
3.541	66.1071
3.542	77.6401
3.543	90.9683
3.544	106.194
3.545	123.399
3.546	142.643
3.547	163.95
3.548	187.308
3.549	212.66
3.55	239.897
3.551	268.857
3.552	299.321
3.553	331.013
3.554	363.598
3.555	396.691
3.556	429.856
3.557	462.622
3.558	494.485
3.559	524.927
3.56	553.426
3.561	579.473
3.562	602.585
3.563	622.323
3.564	638.303
3.565	650.211
3.566	657.814
3.567	660.967
3.568	659.618
3.569	653.81
3.57	643.681
3.571	629.458
3.572	611.448
3.573	590.031
3.574	565.644
3.575	538.767
3.576	509.912
3.577	479.601
3.578	448.357
3.579	416.687
3.58	385.071
3.581	353.948
3.582	323.713
3.583	294.706
3.584	267.21
3.585	241.449
3.586	217.59
3.587	195.743
3.588	175.965
3.589	158.268
3.59	142.618
3.591	128.95
3.592	117.165
3.593	107.144
3.594	98.7502
3.595	91.8345
3.596	86.2416
3.597	81.8138
3.598	78.395
3.599	75.8337
3.6	73.9857
3.601	72.716
3.602	71.9001
3.603	71.4256
3.604	71.1926
3.605	71.1138
3.606	71.1152
3.607	71.1356
3.608	71.1262
3.609	71.0507
3.61	70.8838
3.611	70.6112
3.612	70.2286
3.613	69.7405
3.614	69.1595
3.615	68.5052
3.616	67.8029
3.617	67.0829
3.618	66.3789
3.619	65.7268
3.62	65.164
3.621	64.7276
3.622	64.4537
3.623	64.3762
3.624	64.5259
3.625	64.9298
3.626	65.6103
3.627	66.5854
3.628	67.8684
3.629	69.4682
3.63	71.3905
3.631	73.6383
3.632	76.2141
3.633	79.1212
3.634	82.3663
3.635	85.9615
3.636	89.9271
3.637	94.2939
3.638	99.1056
3.639	104.421
3.64	110.315
3.641	116.88
3.642	124.228
3.643	132.484
3.644	141.794
3.645	152.313
3.646	164.207
3.647	177.646
3.648	192.802
3.649	209.839
3.65	228.905
3.651	250.132
3.652	273.622
3.653	299.441
3.654	327.615
3.655	358.122
3.656	390.888
3.657	425.78
3.658	462.611
3.659	501.131
3.66	541.034
3.661	581.959
3.662	623.496
3.663	665.191
3.664	706.555
3.665	747.073
3.666	786.216
3.667	823.453
3.668	858.258
3.669	890.131
3.67	918.6
3.671	943.239
3.672	963.676
3.673	979.602
3.674	990.776
3.675	997.036
3.676	998.3
3.677	994.565
3.678	985.913
3.679	972.505
3.68	954.576
3.681	932.433
3.682	906.447
3.683	877.039
3.684	844.68
3.685	809.87
3.686	773.135
3.687	735.01
3.688	696.032
3.689	656.725
3.69	617.594
3.691	579.112
3.692	541.711
3.693	505.78
3.694	471.655
3.695	439.616
3.696	409.885
3.697	382.624
3.698	357.936
3.699	335.868
3.7	316.413
3.701	299.511
3.702	285.061
3.703	272.918
3.704	262.906
3.705	254.82
3.706	248.434
3.707	243.508
3.708	239.791
3.709	237.032
3.71	234.982
3.711	233.398
3.712	232.052
3.713	230.733
3.714	229.249
3.715	227.432
3.716	225.141
3.717	222.261
3.718	218.708
3.719	214.425
3.72	209.385
3.721	203.591
3.722	197.071
3.723	189.878
3.724	182.089
3.725	173.798
3.726	165.119
3.727	156.176
3.728	147.105
3.729	138.048
3.73	129.149
3.731	120.553
3.732	112.4
3.733	104.826
3.734	97.9577
3.735	91.913
3.736	86.7969
3.737	82.7015
3.738	79.7046
3.739	77.8688
3.74	77.2408
3.741	77.8505
3.742	79.711
3.743	82.8178
3.744	87.1486
3.745	92.6631
3.746	99.3028
3.747	106.992
3.748	115.635
3.749	125.123
3.75	135.329
3.751	146.111
3.752	157.317
3.753	168.784
3.754	180.343
3.755	191.823
3.756	203.051
3.757	213.865
3.758	224.109
3.759	233.644
3.76	242.354
3.761	250.144
3.762	256.95
3.763	262.743
3.764	267.527
3.765	271.344
3.766	274.276
3.767	276.439
3.768	277.99
3.769	279.113
3.77	280.023
3.771	280.958
3.772	282.169
3.773	283.915
3.774	286.457
3.775	290.043
3.776	294.906
3.777	301.249
3.778	309.245
3.779	319.022
3.78	330.665
3.781	344.205
3.782	359.623
3.783	376.847
3.784	395.751
3.785	416.164
3.786	437.874
3.787	460.63
3.788	484.158
3.789	508.166
3.79	532.354
3.791	556.425
3.792	580.096
3.793	603.104
3.794	625.215
3.795	646.23
3.796	665.991
3.797	684.377
3.798	701.312
3.799	716.757
3.8	730.707
3.801	743.189
3.802	754.251
3.803	763.956
3.804	772.376
3.805	779.584
3.806	785.645
3.807	790.614
3.808	794.529
3.809	797.41
3.81	799.259
3.811	800.056
3.812	799.771
3.813	798.357
3.814	795.763
3.815	791.938
3.816	786.835
3.817	780.418
3.818	772.669
3.819	763.591
3.82	753.21
3.821	741.582
3.822	728.789
3.823	714.94
3.824	700.169
3.825	684.629
3.826	668.492
3.827	651.939
3.828	635.157
3.829	618.332
3.83	601.643
3.831	585.256
3.832	569.324
3.833	553.977
3.834	539.323
3.835	525.449
3.836	512.415
3.837	500.26
3.838	489.003
3.839	478.642
3.84	469.163
3.841	460.535
3.842	452.723
3.843	445.682
3.844	439.365
3.845	433.722
3.846	428.704
3.847	424.26
3.848	420.341
3.849	416.894
3.85	413.866
3.851	411.201
3.852	408.838
3.853	406.708
3.854	404.738
3.855	402.846
3.856	400.945
3.857	398.94
3.858	396.735
3.859	394.229
3.86	391.326
3.861	387.933
3.862	383.966
3.863	379.354
3.864	374.043
3.865	367.998
3.866	361.206
3.867	353.677
3.868	345.447
3.869	336.575
3.87	327.142
3.871	317.253
3.872	307.027
3.873	296.596
3.874	286.105
3.875	275.697
3.876	265.518
3.877	255.706
3.878	246.39
3.879	237.682
3.88	229.681
3.881	222.465
3.882	216.091
3.883	210.599
3.884	206.009
3.885	202.327
3.886	199.545
3.887	197.645
3.888	196.606
3.889	196.405
3.89	197.023
3.891	198.448
3.892	200.677
3.893	203.721
3.894	207.605
3.895	212.365
3.896	218.052
3.897	224.726
3.898	232.455
3.899	241.307
3.9	251.35
3.901	262.641
3.902	275.222
3.903	289.115
3.904	304.314
3.905	320.783
3.906	338.449
3.907	357.199
3.908	376.882
3.909	397.305
3.91	418.238
3.911	439.417
3.912	460.547
3.913	481.311
3.914	501.378
3.915	520.409
3.916	538.071
3.917	554.041
3.918	568.02
3.919	579.738
3.92	588.964
3.921	595.514
3.922	599.253
3.923	600.099
3.924	598.027
3.925	593.067
3.926	585.3
3.927	574.861
3.928	561.927
3.929	546.715
3.93	529.474
3.931	510.478
3.932	490.017
3.933	468.391
3.934	445.903
3.935	422.85
3.936	399.518
3.937	376.177
3.938	353.079
3.939	330.448
3.94	308.487
3.941	287.369
3.942	267.241
3.943	248.222
3.944	230.404
3.945	213.854
3.946	198.615
3.947	184.71
3.948	172.139
3.949	160.888
3.95	150.923
3.951	142.201
3.952	134.664
3.953	128.245
3.954	122.868
3.955	118.454
3.956	114.916
3.957	112.163
3.958	110.106
3.959	108.653
3.96	107.715
3.961	107.204
3.962	107.039
3.963	107.142
3.964	107.444
3.965	107.884
3.966	108.408
3.967	108.975
3.968	109.554
3.969	110.124
3.97	110.677
3.971	111.214
3.972	111.749
3.973	112.304
3.974	112.912
3.975	113.612
3.976	114.452
3.977	115.481
3.978	116.755
3.979	118.33
3.98	120.262
3.981	122.606
3.982	125.414
3.983	128.733
3.984	132.607
3.985	137.072
3.986	142.158
3.987	147.889
3.988	154.283
3.989	161.35
3.99	169.096
3.991	177.518
3.992	186.611
3.993	196.363
3.994	206.759
3.995	217.776
3.996	229.389
3.997	241.567
3.998	254.272
3.999	267.46
4	281.077
4.001	295.063
4.002	309.343
4.003	323.833
4.004	338.436
4.005	353.04
4.006	367.521
4.007	381.74
4.008	395.547
4.009	408.779
4.01	421.268
4.011	432.838
4.012	443.313
4.013	452.521
4.014	460.297
4.015	466.488
4.016	470.961
4.017	473.604
4.018	474.333
4.019	473.095
4.02	469.869
4.021	464.672
4.022	457.556
4.023	448.607
4.024	437.947
4.025	425.728
4.026	412.13
4.027	397.355
4.028	381.622
4.029	365.16
4.03	348.205
4.031	330.989
4.032	313.74
4.033	296.673
4.034	279.984
4.035	263.852
4.036	248.43
4.037	233.847
4.038	220.205
4.039	207.58
4.04	196.022
4.041	185.559
4.042	176.196
4.043	167.917
4.044	160.691
4.045	154.475
4.046	149.213
4.047	144.841
4.048	141.292
4.049	138.492
4.05	136.37
4.051	134.852
4.052	133.868
4.053	133.347
4.054	133.224
4.055	133.436
4.056	133.921
4.057	134.623
4.058	135.486
4.059	136.458
4.06	137.489
4.061	138.531
4.062	139.537
4.063	140.464
4.064	141.267
4.065	141.908
4.066	142.348
4.067	142.553
4.068	142.491
4.069	142.134
4.07	141.46
4.071	140.45
4.072	139.092
4.073	137.379
4.074	135.312
4.075	132.897
4.076	130.147
4.077	127.084
4.078	123.733
4.079	120.13
4.08	116.314
4.081	112.333
4.082	108.237
4.083	104.084
4.084	99.9351
4.085	95.8558
4.086	91.9145
4.087	88.1824
4.088	84.733
4.089	81.6414
4.09	78.9841
4.091	76.8383
4.092	75.2818
4.093	74.3926
4.094	74.2481
4.095	74.9252
4.096	76.4992
4.097	79.0431
4.098	82.627
4.099	87.316
4.1	93.1698
4.101	100.24
4.102	108.569
4.103	118.186
4.104	129.108
4.105	141.332
4.106	154.839
4.107	169.585
4.108	185.504
4.109	202.504
4.11	220.466
4.111	239.245
4.112	258.666
4.113	278.532
4.114	298.622
4.115	318.694
4.116	338.491
4.117	357.748
4.118	376.193
4.119	393.559
4.12	409.59
4.121	424.046
4.122	436.712
4.123	447.407
4.124	455.988
4.125	462.357
4.126	466.462
4.127	468.305
4.128	467.94
4.129	465.475
4.13	461.067
4.131	454.923
4.132	447.289
4.133	438.451
4.134	428.72
4.135	418.429
4.136	407.921
4.137	397.539
4.138	387.62
4.139	378.481
4.14	370.412
4.141	363.669
4.142	358.467
4.143	354.973
4.144	353.3
4.145	353.508
4.146	355.603
4.147	359.531
4.148	365.187
4.149	372.415
4.15	381.01
4.151	390.731
4.152	401.3
4.153	412.414
4.154	423.754
4.155	434.989
4.156	445.791
4.157	455.836
4.158	464.82
4.159	472.46
4.16	478.506
4.161	482.743
4.162	484.998
4.163	485.141
4.164	483.09
4.165	478.811
4.166	472.317
4.167	463.666
4.168	452.958
4.169	440.335
4.17	425.971
4.171	410.069
4.172	392.856
4.173	374.577
4.174	355.486
4.175	335.843
4.176	315.908
4.177	295.933
4.178	276.159
4.179	256.812
4.18	238.096
4.181	220.197
4.182	203.273
4.183	187.456
4.184	172.855
4.185	159.547
4.186	147.588
4.187	137.006
4.188	127.808
4.189	119.978
4.19	113.486
4.191	108.282
4.192	104.307
4.193	101.492
4.194	99.7644
4.195	99.0479
4.196	99.2687
4.197	100.358
4.198	102.255
4.199	104.909
4.2	108.285
4.201	112.361
4.202	117.133
4.203	122.618
4.204	128.849
4.205	135.877
4.206	143.774
4.207	152.627
4.208	162.535
4.209	173.61
4.21	185.971
4.211	199.74
4.212	215.037
4.213	231.972
4.214	250.647
4.215	271.144
4.216	293.519
4.217	317.804
4.218	343.992
4.219	372.044
4.22	401.875
4.221	433.361
4.222	466.331
4.223	500.57
4.224	535.82
4.225	571.783
4.226	608.122
4.227	644.47
4.228	680.432
4.229	715.594
4.23	749.531
4.231	781.814
4.232	812.021
4.233	839.743
4.234	864.593
4.235	886.219
4.236	904.304
4.237	918.581
4.238	928.834
4.239	934.905
4.24	936.698
4.241	934.179
4.242	927.379
4.243	916.394
4.244	901.381
4.245	882.555
4.246	860.183
4.247	834.581
4.248	806.103
4.249	775.138
4.25	742.096
4.251	707.402
4.252	671.489
4.253	634.784
4.254	597.707
4.255	560.655
4.256	524
4.257	488.085
4.258	453.215
4.259	419.652
4.26	387.62
4.261	357.298
4.262	328.82
4.263	302.279
4.264	277.729
4.265	255.187
4.266	234.636
4.267	216.032
4.268	199.306
4.269	184.371
4.27	171.126
4.271	159.462
4.272	149.263
4.273	140.414
4.274	132.803
4.275	126.323
4.276	120.875
4.277	116.37
4.278	112.729
4.279	109.882
4.28	107.771
4.281	106.348
4.282	105.57
4.283	105.404
4.284	105.821
4.285	106.793
4.286	108.295
4.287	110.303
4.288	112.787
4.289	115.717
4.29	119.059
4.291	122.773
4.292	126.815
4.293	131.137
4.294	135.687
4.295	140.411
4.296	145.252
4.297	150.155
4.298	155.066
4.299	159.933
4.3	164.711
4.301	169.358
4.302	173.84
4.303	178.132
4.304	182.214
4.305	186.074
4.306	189.71
4.307	193.123
4.308	196.32
4.309	199.312
4.31	202.113
4.311	204.735
4.312	207.19
4.313	209.489
4.314	211.636
4.315	213.632
4.316	215.472
4.317	217.148
4.318	218.642
4.319	219.937
4.32	221.009
4.321	221.834
4.322	222.388
4.323	222.649
4.324	222.599
4.325	222.226
4.326	221.525
4.327	220.499
4.328	219.162
4.329	217.539
4.33	215.662
4.331	213.577
4.332	211.338
4.333	209.007
4.334	206.653
4.335	204.35
4.336	202.176
4.337	200.213
4.338	198.539
4.339	197.237
4.34	196.383
4.341	196.056
4.342	196.331
4.343	197.28
4.344	198.977
4.345	201.493
4.346	204.905
4.347	209.291
4.348	214.732
4.349	221.318
4.35	229.143
4.351	238.312
4.352	248.932
4.353	261.119
4.354	274.993
4.355	290.674
4.356	308.28
4.357	327.92
4.358	349.694
4.359	373.682
4.36	399.941
4.361	428.495
4.362	459.335
4.363	492.408
4.364	527.617
4.365	564.812
4.366	603.795
4.367	644.312
4.368	686.06
4.369	728.688
4.37	771.803
4.371	814.975
4.372	857.748
4.373	899.649
4.374	940.201
4.375	978.932
4.376	1015.39
4.377	1049.15
4.378	1079.84
4.379	1107.14
4.38	1130.77
4.381	1150.55
4.382	1166.36
4.383	1178.15
4.384	1185.95
4.385	1189.86
4.386	1190.05
4.387	1186.74
4.388	1180.22
4.389	1170.78
4.39	1158.77
4.391	1144.53
4.392	1128.4
4.393	1110.74
4.394	1091.83
4.395	1071.98
4.396	1051.41
4.397	1030.32
4.398	1008.87
4.399	987.154
4.4	965.238
4.401	943.142
4.402	920.849
4.403	898.318
4.404	875.49
4.405	852.292
4.406	828.654
4.407	804.51
4.408	779.808
4.409	754.517
4.41	728.633
4.411	702.177
4.412	675.203
4.413	647.794
4.414	620.062
4.415	592.144
4.416	564.2
4.417	536.405
4.418	508.947
4.419	482.019
4.42	455.813
4.421	430.517
4.422	406.307
4.423	383.347
4.424	361.779
4.425	341.73
4.426	323.304
4.427	306.581
4.428	291.625
4.429	278.478
4.43	267.164
4.431	257.694
4.432	250.068
4.433	244.276
4.434	240.305
4.435	238.138
4.436	237.759
4.437	239.153
4.438	242.312
4.439	247.229
4.44	253.904
4.441	262.339
4.442	272.538
4.443	284.507
4.444	298.247
4.445	313.75
4.446	331
4.447	349.966
4.448	370.594
4.449	392.81
4.45	416.511
4.451	441.562
4.452	467.798
4.453	495.016
4.454	522.98
4.455	551.419
4.456	580.032
4.457	608.488
4.458	636.436
4.459	663.506
4.46	689.321
4.461	713.504
4.462	735.684
4.463	755.512
4.464	772.665
4.465	786.856
4.466	797.844
4.467	805.442
4.468	809.519
4.469	810.008
4.47	806.907
4.471	800.282
4.472	790.26
4.473	777.03
4.474	760.839
4.475	741.979
4.476	720.784
4.477	697.619
4.478	672.868
4.479	646.926
4.48	620.187
4.481	593.035
4.482	565.832
4.483	538.914
4.484	512.579
4.485	487.088
4.486	462.655
4.487	439.447
4.488	417.588
4.489	397.151
4.49	378.171
4.491	360.64
4.492	344.517
4.493	329.732
4.494	316.19
4.495	303.782
4.496	292.383
4.497	281.866
4.498	272.104
4.499	262.972
4.5	254.353
4.501	246.144
4.502	238.252
4.503	230.602
4.504	223.131
4.505	215.795
4.506	208.561
4.507	201.413
4.508	194.344
4.509	187.36
4.51	180.473
4.511	173.704
4.512	167.077
4.513	160.619
4.514	154.36
4.515	148.328
4.516	142.552
4.517	137.056
4.518	131.865
4.519	126.999
4.52	122.476
4.521	118.31
4.522	114.511
4.523	111.089
4.524	108.049
4.525	105.396
4.526	103.13
4.527	101.255
4.528	99.77
4.529	98.6754
4.53	97.9721
4.531	97.6616
4.532	97.7465
4.533	98.231
4.534	99.1212
4.535	100.425
4.536	102.152
4.537	104.316
4.538	106.929
4.539	110.008
4.54	113.569
4.541	117.63
4.542	122.209
4.543	127.322
4.544	132.984
4.545	139.205
4.546	145.995
4.547	153.355
4.548	161.28
4.549	169.76
4.55	178.773
4.551	188.29
4.552	198.27
4.553	208.662
4.554	219.404
4.555	230.422
4.556	241.631
4.557	252.938
4.558	264.238
4.559	275.42
4.56	286.364
4.561	296.949
4.562	307.048
4.563	316.536
4.564	325.29
4.565	333.189
4.566	340.122
4.567	345.987
4.568	350.692
4.569	354.159
4.57	356.328
4.571	357.154
4.572	356.61
4.573	354.688
4.574	351.399
4.575	346.775
4.576	340.863
4.577	333.73
4.578	325.458
4.579	316.143
4.58	305.896
4.581	294.835
4.582	283.087
4.583	270.785
4.584	258.065
4.585	245.063
4.586	231.913
4.587	218.746
4.588	205.687
4.589	192.854
4.59	180.354
4.591	168.286
4.592	156.738
4.593	145.785
4.594	135.492
4.595	125.912
4.596	117.086
4.597	109.044
4.598	101.808
4.599	95.3887
4.6	89.7888
4.601	85.0045
4.602	81.0257
4.603	77.8375
4.604	75.4217
4.605	73.7572
4.606	72.8221
4.607	72.5939
4.608	73.0508
4.609	74.1722
4.61	75.9398
4.611	78.3376
4.612	81.3521
4.613	84.9729
4.614	89.1921
4.615	94.0038
4.616	99.4044
4.617	105.391
4.618	111.961
4.619	119.112
4.62	126.84
4.621	135.136
4.622	143.99
4.623	153.387
4.624	163.307
4.625	173.721
4.626	184.599
4.627	195.898
4.628	207.573
4.629	219.569
4.63	231.827
4.631	244.282
4.632	256.864
4.633	269.499
4.634	282.111
4.635	294.625
4.636	306.962
4.637	319.047
4.638	330.807
4.639	342.173
4.64	353.077
4.641	363.459
4.642	373.264
4.643	382.439
4.644	390.938
4.645	398.722
4.646	405.752
4.647	411.998
4.648	417.431
4.649	422.026
4.65	425.763
4.651	428.625
4.652	430.6
4.653	431.678
4.654	431.859
4.655	431.144
4.656	429.546
4.657	427.082
4.658	423.784
4.659	419.689
4.66	414.85
4.661	409.329
4.662	403.202
4.663	396.558
4.664	389.495
4.665	382.124
4.666	374.563
4.667	366.938
4.668	359.379
4.669	352.016
4.67	344.979
4.671	338.392
4.672	332.369
4.673	327.016
4.674	322.421
4.675	318.656
4.676	315.773
4.677	313.803
4.678	312.757
4.679	312.618
4.68	313.353
4.681	314.903
4.682	317.191
4.683	320.123
4.684	323.587
4.685	327.463
4.686	331.618
4.687	335.918
4.688	340.225
4.689	344.404
4.69	348.325
4.691	351.869
4.692	354.927
4.693	357.406
4.694	359.232
4.695	360.35
4.696	360.725
4.697	360.348
4.698	359.23
4.699	357.411
4.7	354.953
4.701	351.944
4.702	348.495
4.703	344.743
4.704	340.845
4.705	336.98
4.706	333.347
4.707	330.16
4.708	327.649
4.709	326.055
4.71	325.624
4.711	326.608
4.712	329.259
4.713	333.821
4.714	340.53
4.715	349.604
4.716	361.242
4.717	375.615
4.718	392.865
4.719	413.094
4.72	436.365
4.721	462.697
4.722	492.059
4.723	524.371
4.724	559.503
4.725	597.27
4.726	637.439
4.727	679.729
4.728	723.815
4.729	769.329
4.73	815.87
4.731	863.01
4.732	910.297
4.733	957.269
4.734	1003.45
4.735	1048.39
4.736	1091.62
4.737	1132.7
4.738	1171.22
4.739	1206.81
4.74	1239.12
4.741	1267.85
4.742	1292.76
4.743	1313.64
4.744	1330.35
4.745	1342.79
4.746	1350.92
4.747	1354.76
4.748	1354.37
4.749	1349.86
4.75	1341.39
4.751	1329.17
4.752	1313.43
4.753	1294.45
4.754	1272.53
4.755	1247.99
4.756	1221.17
4.757	1192.42
4.758	1162.11
4.759	1130.59
4.76	1098.2
4.761	1065.3
4.762	1032.2
4.763	999.199
4.764	966.588
4.765	934.616
4.766	903.506
4.767	873.449
4.768	844.607
4.769	817.109
4.77	791.054
4.771	766.512
4.772	743.527
4.773	722.117
4.774	702.282
4.775	684.001
4.776	667.241
4.777	651.955
4.778	638.089
4.779	625.584
4.78	614.374
4.781	604.395
4.782	595.577
4.783	587.853
4.784	581.156
4.785	575.415
4.786	570.561
4.787	566.522
4.788	563.222
4.789	560.584
4.79	558.526
4.791	556.961
4.792	555.8
4.793	554.951
4.794	554.32
4.795	553.813
4.796	553.338
4.797	552.811
4.798	552.154
4.799	551.3
4.8	550.197
4.801	548.811
4.802	547.126
4.803	545.148
4.804	542.907
4.805	540.454
4.806	537.865
4.807	535.234
4.808	532.678
4.809	530.327
4.81	528.323
4.811	526.817
4.812	525.96
4.813	525.901
4.814	526.78
4.815	528.723
4.816	531.836
4.817	536.201
4.818	541.875
4.819	548.88
4.82	557.21
4.821	566.822
4.822	577.642
4.823	589.56
4.824	602.44
4.825	616.116
4.826	630.401
4.827	645.087
4.828	659.953
4.829	674.771
4.83	689.309
4.831	703.336
4.832	716.63
4.833	728.982
4.834	740.198
4.835	750.103
4.836	758.546
4.837	765.401
4.838	770.568
4.839	773.972
4.84	775.566
4.841	775.329
4.842	773.262
4.843	769.393
4.844	763.765
4.845	756.444
4.846	747.508
4.847	737.05
4.848	725.172
4.849	711.987
4.85	697.609
4.851	682.16
4.852	665.764
4.853	648.542
4.854	630.62
4.855	612.118
4.856	593.157
4.857	573.855
4.858	554.327
4.859	534.686
4.86	515.043
4.861	495.507
4.862	476.183
4.863	457.179
4.864	438.596
4.865	420.538
4.866	403.108
4.867	386.405
4.868	370.531
4.869	355.584
4.87	341.662
4.871	328.86
4.872	317.273
4.873	306.988
4.874	298.091
4.875	290.662
4.876	284.772
4.877	280.485
4.878	277.853
4.879	276.917
4.88	277.705
4.881	280.227
4.882	284.477
4.883	290.43
4.884	298.041
4.885	307.243
4.886	317.946
4.887	330.039
4.888	343.386
4.889	357.833
4.89	373.202
4.891	389.298
4.892	405.91
4.893	422.812
4.894	439.771
4.895	456.549
4.896	472.907
4.897	488.61
4.898	503.436
4.899	517.178
4.9	529.648
4.901	540.689
4.902	550.171
4.903	558.002
4.904	564.127
4.905	568.533
4.906	571.251
4.907	572.352
4.908	571.954
4.909	570.213
4.91	567.323
4.911	563.512
4.912	559.038
4.913	554.18
4.914	549.238
4.915	544.517
4.916	540.327
4.917	536.975
4.918	534.753
4.919	533.939
4.92	534.784
4.921	537.508
4.922	542.3
4.923	549.307
4.924	558.638
4.925	570.358
4.926	584.488
4.927	601.008
4.928	619.856
4.929	640.93
4.93	664.094
4.931	689.179
4.932	715.986
4.933	744.295
4.934	773.863
4.935	804.436
4.936	835.745
4.937	867.515
4.938	899.469
4.939	931.327
4.94	962.81
4.941	993.644
4.942	1023.56
4.943	1052.29
4.944	1079.58
4.945	1105.19
4.946	1128.87
4.947	1150.39
4.948	1169.54
4.949	1186.11
4.95	1199.91
4.951	1210.79
4.952	1218.58
4.953	1223.17
4.954	1224.46
4.955	1222.41
4.956	1216.98
4.957	1208.21
4.958	1196.15
4.959	1180.91
4.96	1162.65
4.961	1141.58
4.962	1117.93
4.963	1092
4.964	1064.1
4.965	1034.61
4.966	1003.89
4.967	972.344
4.968	940.379
4.969	908.395
4.97	876.786
4.971	845.925
4.972	816.156
4.973	787.79
4.974	761.092
4.975	736.281
4.976	713.525
4.977	692.936
4.978	674.571
4.979	658.436
4.98	644.483
4.981	632.616
4.982	622.696
4.983	614.549
4.984	607.969
4.985	602.726
4.986	598.577
4.987	595.271
4.988	592.555
4.989	590.185
4.99	587.93
4.991	585.579
4.992	582.947
4.993	579.877
4.994	576.246
4.995	571.968
4.996	566.994
4.997	561.311
4.998	554.947
4.999	547.966
5	540.465
5.001	532.576
5.002	524.459
5.003	516.299
5.004	508.302
5.005	500.689
5.006	493.692
5.007	487.549
5.008	482.497
5.009	478.768
5.01	476.58
5.011	476.138
5.012	477.62
5.013	481.18
5.014	486.938
5.015	494.977
5.016	505.342
5.017	518.032
5.018	533.003
5.019	550.161
5.02	569.366
5.021	590.429
5.022	613.118
5.023	637.155
5.024	662.223
5.025	687.97
5.026	714.018
5.027	739.963
5.028	765.392
5.029	789.886
5.03	813.029
5.031	834.42
5.032	853.683
5.033	870.476
5.034	884.495
5.035	895.491
5.036	903.27
5.037	907.698
5.038	908.712
5.039	906.313
5.04	900.573
5.041	891.63
5.042	879.685
5.043	864.997
5.044	847.877
5.045	828.68
5.046	807.793
5.047	785.629
5.048	762.615
5.049	739.184
5.05	715.76
5.051	692.757
5.052	670.561
5.053	649.532
5.054	629.992
5.055	612.22
5.056	596.453
5.057	582.882
5.058	571.647
5.059	562.845
5.06	556.524
5.061	552.69
5.062	551.305
5.063	552.297
5.064	555.555
5.065	560.94
5.066	568.283
5.067	577.392
5.068	588.054
5.069	600.037
5.07	613.096
5.071	626.973
5.072	641.4
5.073	656.104
5.074	670.808
5.075	685.234
5.076	699.108
5.077	712.158
5.078	724.124
5.079	734.759
5.08	743.831
5.081	751.129
5.082	756.466
5.083	759.683
5.084	760.652
5.085	759.278
5.086	755.505
5.087	749.312
5.088	740.72
5.089	729.787
5.09	716.608
5.091	701.318
5.092	684.08
5.093	665.09
5.094	644.566
5.095	622.748
5.096	599.886
5.097	576.241
5.098	552.073
5.099	527.637
5.1	503.177
5.101	478.925
5.102	455.087
5.103	431.848
5.104	409.367
5.105	387.771
5.106	367.16
5.107	347.604
5.108	329.146
5.109	311.8
5.11	295.559
5.111	280.395
5.112	266.266
5.113	253.114
5.114	240.876
5.115	229.484
5.116	218.871
5.117	208.974
5.118	199.735
5.119	191.109
5.12	183.06
5.121	175.566
5.122	168.621
5.123	162.232
5.124	156.419
5.125	151.218
5.126	146.675
5.127	142.845
5.128	139.792
5.129	137.584
5.13	136.289
5.131	135.976
5.132	136.707
5.133	138.538
5.134	141.513
5.135	145.661
5.136	150.995
5.137	157.508
5.138	165.173
5.139	173.939
5.14	183.734
5.141	194.46
5.142	205.998
5.143	218.207
5.144	230.928
5.145	243.984
5.146	257.184
5.147	270.331
5.148	283.223
5.149	295.655
5.15	307.434
5.151	318.371
5.152	328.298
5.153	337.064
5.154	344.545
5.155	350.645
5.156	355.297
5.157	358.469
5.158	360.161
5.159	360.407
5.16	359.273
5.161	356.856
5.162	353.276
5.163	348.681
5.164	343.232
5.165	337.106
5.166	330.486
5.167	323.557
5.168	316.5
5.169	309.489
5.17	302.682
5.171	296.221
5.172	290.226
5.173	284.796
5.174	280.004
5.175	275.898
5.176	272.499
5.177	269.809
5.178	267.806
5.179	266.448
5.18	265.682
5.181	265.44
5.182	265.65
5.183	266.234
5.184	267.118
5.185	268.234
5.186	269.522
5.187	270.934
5.188	272.438
5.189	274.02
5.19	275.684
5.191	277.452
5.192	279.366
5.193	281.483
5.194	283.878
5.195	286.639
5.196	289.863
5.197	293.653
5.198	298.116
5.199	303.357
5.2	309.475
5.201	316.561
5.202	324.688
5.203	333.918
5.204	344.288
5.205	355.814
5.206	368.489
5.207	382.281
5.208	397.129
5.209	412.952
5.21	429.644
5.211	447.079
5.212	465.111
5.213	483.583
5.214	502.327
5.215	521.17
5.216	539.939
5.217	558.466
5.218	576.592
5.219	594.172
5.22	611.079
5.221	627.208
5.222	642.479
5.223	656.835
5.224	670.25
5.225	682.72
5.226	694.272
5.227	704.951
5.228	714.827
5.229	723.982
5.23	732.516
5.231	740.532
5.232	748.138
5.233	755.439
5.234	762.534
5.235	769.51
5.236	776.441
5.237	783.381
5.238	790.364
5.239	797.406
5.24	804.499
5.241	811.614
5.242	818.705
5.243	825.707
5.244	832.542
5.245	839.119
5.246	845.342
5.247	851.108
5.248	856.316
5.249	860.867
5.25	864.667
5.251	867.632
5.252	869.687
5.253	870.77
5.254	870.832
5.255	869.84
5.256	867.773
5.257	864.626
5.258	860.409
5.259	855.143
5.26	848.865
5.261	841.624
5.262	833.481
5.263	824.507
5.264	814.787
5.265	804.413
5.266	793.487
5.267	782.121
5.268	770.435
5.269	758.556
5.27	746.616
5.271	734.756
5.272	723.116
5.273	711.845
5.274	701.088
5.275	690.993
5.276	681.705
5.277	673.363
5.278	666.104
5.279	660.055
5.28	655.333
5.281	652.045
5.282	650.283
5.283	650.127
5.284	651.639
5.285	654.863
5.286	659.827
5.287	666.539
5.288	674.986
5.289	685.137
5.29	696.94
5.291	710.322
5.292	725.192
5.293	741.439
5.294	758.934
5.295	777.531
5.296	797.07
5.297	817.375
5.298	838.26
5.299	859.529
5.3	880.977
5.301	902.396
5.302	923.576
5.303	944.307
5.304	964.381
5.305	983.597
5.306	1001.76
5.307	1018.69
5.308	1034.22
5.309	1048.19
5.31	1060.47
5.311	1070.92
5.312	1079.44
5.313	1085.95
5.314	1090.38
5.315	1092.68
5.316	1092.82
5.317	1090.77
5.318	1086.55
5.319	1080.16
5.32	1071.64
5.321	1061.05
5.322	1048.42
5.323	1033.85
5.324	1017.41
5.325	999.194
5.326	979.322
5.327	957.91
5.328	935.089
5.329	911.004
5.33	885.808
5.331	859.667
5.332	832.757
5.333	805.262
5.334	777.377
5.335	749.303
5.336	721.246
5.337	693.417
5.338	666.03
5.339	639.294
5.34	613.42
5.341	588.609
5.342	565.056
5.343	542.94
5.344	522.432
5.345	503.68
5.346	486.818
5.347	471.954
5.348	459.177
5.349	448.553
5.35	440.121
5.351	433.899
5.352	429.879
5.353	428.033
5.354	428.312
5.355	430.647
5.356	434.953
5.357	441.132
5.358	449.074
5.359	458.66
5.36	469.765
5.361	482.261
5.362	496.018
5.363	510.905
5.364	526.795
5.365	543.561
5.366	561.08
5.367	579.232
5.368	597.897
5.369	616.959
5.37	636.301
5.371	655.806
5.372	675.354
5.373	694.824
5.374	714.092
5.375	733.029
5.376	751.503
5.377	769.38
5.378	786.524
5.379	802.8
5.38	818.075
5.381	832.223
5.382	845.123
5.383	856.667
5.384	866.76
5.385	875.323
5.386	882.296
5.387	887.638
5.388	891.331
5.389	893.377
5.39	893.8
5.391	892.644
5.392	889.97
5.393	885.856
5.394	880.393
5.395	873.682
5.396	865.83
5.397	856.949
5.398	847.15
5.399	836.542
5.4	825.229
5.401	813.31
5.402	800.876
5.403	788.012
5.404	774.794
5.405	761.294
5.406	747.579
5.407	733.713
5.408	719.76
5.409	705.788
5.41	691.868
5.411	678.08
5.412	664.513
5.413	651.267
5.414	638.452
5.415	626.194
5.416	614.627
5.417	603.897
5.418	594.158
5.419	585.568
5.42	578.288
5.421	572.474
5.422	568.273
5.423	565.817
5.424	565.221
5.425	566.57
5.426	569.919
5.427	575.287
5.428	582.651
5.429	591.941
5.43	603.044
5.431	615.794
5.432	629.98
5.433	645.344
5.434	661.587
5.435	678.37
5.436	695.325
5.437	712.062
5.438	728.177
5.439	743.261
5.44	756.911
5.441	768.744
5.442	778.402
5.443	785.565
5.444	789.959
5.445	791.364
5.446	789.618
5.447	784.627
5.448	776.361
5.449	764.859
5.45	750.226
5.451	732.631
5.452	712.301
5.453	689.517
5.454	664.602
5.455	637.918
5.456	609.853
5.457	580.814
5.458	551.215
5.459	521.471
5.46	491.985
5.461	463.146
5.462	435.319
5.463	408.837
5.464	384.001
5.465	361.075
5.466	340.283
5.467	321.809
5.468	305.795
5.469	292.347
5.47	281.529
5.471	273.374
5.472	267.88
5.473	265.015
5.474	264.721
5.475	266.919
5.476	271.507
5.477	278.368
5.478	287.37
5.479	298.371
5.48	311.217
5.481	325.749
5.482	341.8
5.483	359.201
5.484	377.776
5.485	397.35
5.486	417.743
5.487	438.774
5.488	460.264
5.489	482.031
5.49	503.894
5.491	525.676
5.492	547.198
5.493	568.288
5.494	588.777
5.495	608.502
5.496	627.309
5.497	645.052
5.498	661.595
5.499	676.817
5.5	690.61
5.501	702.88
5.502	713.551
5.503	722.567
5.504	729.886
5.505	735.488
5.506	739.372
5.507	741.556
5.508	742.075
5.509	740.982
5.51	738.346
5.511	734.255
5.512	728.806
5.513	722.113
5.514	714.299
5.515	705.5
5.516	695.859
5.517	685.528
5.518	674.667
5.519	663.443
5.52	652.027
5.521	640.593
5.522	629.322
5.523	618.393
5.524	607.987
5.525	598.282
5.526	589.451
5.527	581.66
5.528	575.065
5.529	569.807
5.53	566.01
5.531	563.778
5.532	563.189
5.533	564.295
5.534	567.116
5.535	571.64
5.536	577.82
5.537	585.576
5.538	594.793
5.539	605.321
5.54	616.979
5.541	629.56
5.542	642.831
5.543	656.539
5.544	670.419
5.545	684.196
5.546	697.594
5.547	710.339
5.548	722.169
5.549	732.838
5.55	742.119
5.551	749.813
5.552	755.75
5.553	759.795
5.554	761.848
5.555	761.847
5.556	759.771
5.557	755.635
5.558	749.496
5.559	741.445
5.56	731.61
5.561	720.151
5.562	707.254
5.563	693.133
5.564	678.02
5.565	662.163
5.566	645.818
5.567	629.247
5.568	612.71
5.569	596.459
5.57	580.733
5.571	565.754
5.572	551.717
5.573	538.793
5.574	527.118
5.575	516.791
5.576	507.876
5.577	500.396
5.578	494.332
5.579	489.63
5.58	486.194
5.581	483.897
5.582	482.578
5.583	482.053
5.584	482.116
5.585	482.548
5.586	483.121
5.587	483.607
5.588	483.786
5.589	483.45
5.59	482.411
5.591	480.505
5.592	477.599
5.593	473.594
5.594	468.43
5.595	462.084
5.596	454.572
5.597	445.953
5.598	436.321
5.599	425.809
5.6	414.578
5.601	402.823
5.602	390.76
5.603	378.625
5.604	366.668
5.605	355.148
5.606	344.325
5.607	334.459
5.608	325.801
5.609	318.589
5.61	313.043
5.611	309.36
5.612	307.712
5.613	308.239
5.614	311.05
5.615	316.213
5.616	323.761
5.617	333.684
5.618	345.929
5.619	360.404
5.62	376.97
5.621	395.451
5.622	415.63
5.623	437.256
5.624	460.046
5.625	483.691
5.626	507.865
5.627	532.228
5.628	556.438
5.629	580.158
5.63	603.066
5.631	624.865
5.632	645.292
5.633	664.126
5.634	681.197
5.635	696.394
5.636	709.666
5.637	721.032
5.638	730.576
5.639	738.453
5.64	744.878
5.641	750.13
5.642	754.538
5.643	758.474
5.644	762.343
5.645	766.566
5.646	771.573
5.647	777.784
5.648	785.597
5.649	795.372
5.65	807.422
5.651	821.998
5.652	839.281
5.653	859.377
5.654	882.307
5.655	908.013
5.656	936.351
5.657	967.101
5.658	999.97
5.659	1034.6
5.66	1070.6
5.661	1107.5
5.662	1144.85
5.663	1182.15
5.664	1218.94
5.665	1254.74
5.666	1289.12
5.667	1321.69
5.668	1352.1
5.669	1380.04
5.67	1405.29
5.671	1427.66
5.672	1447.02
5.673	1463.3
5.674	1476.48
5.675	1486.56
5.676	1493.61
5.677	1497.71
5.678	1498.94
5.679	1497.42
5.68	1493.26
5.681	1486.6
5.682	1477.55
5.683	1466.23
5.684	1452.77
5.685	1437.31
5.686	1419.96
5.687	1400.87
5.688	1380.21
5.689	1358.13
5.69	1334.84
5.691	1310.54
5.692	1285.48
5.693	1259.92
5.694	1234.14
5.695	1208.42
5.696	1183.09
5.697	1158.45
5.698	1134.79
5.699	1112.4
5.7	1091.55
5.701	1072.45
5.702	1055.3
5.703	1040.2
5.704	1027.25
5.705	1016.43
5.706	1007.7
5.707	1000.92
5.708	995.906
5.709	992.408
5.71	990.125
5.711	988.711
5.712	987.787
5.713	986.953
5.714	985.8
5.715	983.924
5.716	980.936
5.717	976.481
5.718	970.241
5.719	961.952
5.72	951.409
5.721	938.475
5.722	923.081
5.723	905.234
5.724	885.013
5.725	862.569
5.726	838.12
5.727	811.945
5.728	784.38
5.729	755.807
5.73	726.645
5.731	697.344
5.732	668.37
5.733	640.202
5.734	613.318
5.735	588.187
5.736	565.266
5.737	544.984
5.738	527.744
5.739	513.913
5.74	503.818
5.741	497.741
5.742	495.917
5.743	498.53
5.744	505.712
5.745	517.539
5.746	534.03
5.747	555.147
5.748	580.795
5.749	610.821
5.75	645.016
5.751	683.116
5.752	724.801
5.753	769.705
5.754	817.415
5.755	867.474
5.756	919.392
5.757	972.647
5.758	1026.69
5.759	1080.97
5.76	1134.91
5.761	1187.94
5.762	1239.5
5.763	1289.04
5.764	1336.03
5.765	1379.98
5.766	1420.42
5.767	1456.94
5.768	1489.17
5.769	1516.79
5.77	1539.54
5.771	1557.23
5.772	1569.71
5.773	1576.94
5.774	1578.89
5.775	1575.65
5.776	1567.35
5.777	1554.17
5.778	1536.39
5.779	1514.32
5.78	1488.33
5.781	1458.83
5.782	1426.28
5.783	1391.17
5.784	1354
5.785	1315.28
5.786	1275.53
5.787	1235.25
5.788	1194.91
5.789	1154.98
5.79	1115.86
5.791	1077.91
5.792	1041.43
5.793	1006.69
5.794	973.851
5.795	943.054
5.796	914.363
5.797	887.786
5.798	863.285
5.799	840.775
5.8	820.14
5.801	801.236
5.802	783.904
5.803	767.98
5.804	753.301
5.805	739.719
5.806	727.101
5.807	715.343
5.808	704.367
5.809	694.129
5.81	684.615
5.811	675.842
5.812	667.858
5.813	660.73
5.814	654.545
5.815	649.402
5.816	645.402
5.817	642.646
5.818	641.219
5.819	641.194
5.82	642.616
5.821	645.502
5.822	649.836
5.823	655.564
5.824	662.596
5.825	670.802
5.826	680.015
5.827	690.036
5.828	700.633
5.829	711.55
5.83	722.51
5.831	733.224
5.832	743.396
5.833	752.732
5.834	760.945
5.835	767.765
5.836	772.944
5.837	776.262
5.838	777.532
5.839	776.608
5.84	773.384
5.841	767.799
5.842	759.836
5.843	749.526
5.844	736.942
5.845	722.2
5.846	705.454
5.847	686.893
5.848	666.734
5.849	645.219
5.85	622.604
5.851	599.159
5.852	575.157
5.853	550.868
5.854	526.555
5.855	502.466
5.856	478.832
5.857	455.861
5.858	433.735
5.859	412.608
5.86	392.608
5.861	373.83
5.862	356.345
5.863	340.196
5.864	325.401
5.865	311.96
5.866	299.856
5.867	289.056
5.868	279.52
5.869	271.203
5.87	264.057
5.871	258.038
5.872	253.105
5.873	249.224
5.874	246.369
5.875	244.524
5.876	243.68
5.877	243.839
5.878	245.005
5.879	247.192
5.88	250.411
5.881	254.675
5.882	259.992
5.883	266.363
5.884	273.78
5.885	282.222
5.886	291.652
5.887	302.02
5.888	313.255
5.889	325.272
5.89	337.969
5.891	351.228
5.892	364.917
5.893	378.896
5.894	393.015
5.895	407.123
5.896	421.067
5.897	434.697
5.898	447.871
5.899	460.457
5.9	472.336
5.901	483.405
5.902	493.577
5.903	502.783
5.904	510.974
5.905	518.117
5.906	524.197
5.907	529.215
5.908	533.186
5.909	536.138
5.91	538.108
5.911	539.142
5.912	539.294
5.913	538.62
5.914	537.181
5.915	535.04
5.916	532.262
5.917	528.915
5.918	525.065
5.919	520.781
5.92	516.135
5.921	511.198
5.922	506.046
5.923	500.753
5.924	495.397
5.925	490.057
5.926	484.811
5.927	479.737
5.928	474.908
5.929	470.396
5.93	466.265
5.931	462.571
5.932	459.362
5.933	456.673
5.934	454.529
5.935	452.939
5.936	451.904
5.937	451.408
5.938	451.425
5.939	451.922
5.94	452.857
5.941	454.184
5.942	455.857
5.943	457.835
5.944	460.082
5.945	462.572
5.946	465.295
5.947	468.256
5.948	471.479
5.949	475.006
5.95	478.897
5.951	483.23
5.952	488.096
5.953	493.596
5.954	499.834
5.955	506.916
5.956	514.937
5.957	523.977
5.958	534.094
5.959	545.317
5.96	557.642
5.961	571.022
5.962	585.372
5.963	600.557
5.964	616.403
5.965	632.692
5.966	649.167
5.967	665.541
5.968	681.501
5.969	696.719
5.97	710.861
5.971	723.597
5.972	734.612
5.973	743.615
5.974	750.351
5.975	754.606
5.976	756.217
5.977	755.074
5.978	751.127
5.979	744.387
5.98	734.922
5.981	722.863
5.982	708.392
5.983	691.743
5.984	673.197
5.985	653.07
5.986	631.714
5.987	609.503
5.988	586.831
5.989	564.102
5.99	541.723
5.991	520.102
5.992	499.637
5.993	480.714
5.994	463.7
5.995	448.938
5.996	436.742
5.997	427.396
5.998	421.142
5.999	418.182
6	418.671
6.001	422.711
6.002	430.352
6.003	441.582
6.004	456.331
6.005	474.464
6.006	495.782
6.007	520.025
6.008	546.871
6.009	575.942
6.01	606.807
6.011	638.995
6.012	671.998
6.013	705.287
6.014	738.319
6.015	770.554
6.016	801.466
6.017	830.559
6.018	857.374
6.019	881.51
6.02	902.625
6.021	920.451
6.022	934.8
6.023	945.562
6.024	952.714
6.025	956.312
6.026	956.491
6.027	953.456
6.028	947.473
6.029	938.859
6.03	927.968
6.031	915.182
6.032	900.894
6.033	885.496
6.034	869.369
6.035	852.87
6.036	836.321
6.037	820.008
6.038	804.169
6.039	788.994
6.04	774.623
6.041	761.149
6.042	748.619
6.043	737.036
6.044	726.372
6.045	716.565
6.046	707.533
6.047	699.178
6.048	691.392
6.049	684.063
6.05	677.086
6.051	670.358
6.052	663.791
6.053	657.309
6.054	650.852
6.055	644.376
6.056	637.852
6.057	631.269
6.058	624.63
6.059	617.949
6.06	611.253
6.061	604.581
6.062	597.977
6.063	591.495
6.064	585.193
6.065	579.138
6.066	573.397
6.067	568.045
6.068	563.159
6.069	558.818
6.07	555.106
6.071	552.107
6.072	549.905
6.073	548.581
6.074	548.216
6.075	548.879
6.076	550.633
6.077	553.529
6.078	557.597
6.079	562.851
6.08	569.28
6.081	576.846
6.082	585.484
6.083	595.096
6.084	605.554
6.085	616.698
6.086	628.339
6.087	640.26
6.088	652.222
6.089	663.966
6.09	675.221
6.091	685.709
6.092	695.155
6.093	703.29
6.094	709.863
6.095	714.644
6.096	717.434
6.097	718.07
6.098	716.428
6.099	712.43
6.1	706.041
6.101	697.278
6.102	686.202
6.103	672.921
6.104	657.585
6.105	640.384
6.106	621.539
6.107	601.303
6.108	579.946
6.109	557.759
6.11	535.037
6.111	512.08
6.112	489.183
6.113	466.633
6.114	444.7
6.115	423.636
6.116	403.669
6.117	385.002
6.118	367.809
6.119	352.236
6.12	338.397
6.121	326.377
6.122	316.231
6.123	307.988
6.124	301.647
6.125	297.185
6.126	294.557
6.127	293.697
6.128	294.522
6.129	296.936
6.13	300.829
6.131	306.083
6.132	312.572
6.133	320.164
6.134	328.725
6.135	338.121
6.136	348.218
6.137	358.885
6.138	369.993
6.139	381.422
6.14	393.054
6.141	404.784
6.142	416.513
6.143	428.151
6.144	439.621
6.145	450.856
6.146	461.802
6.147	472.415
6.148	482.668
6.149	492.542
6.15	502.036
6.151	511.157
6.152	519.928
6.153	528.383
6.154	536.564
6.155	544.527
6.156	552.332
6.157	560.048
6.158	567.748
6.159	575.506
6.16	583.395
6.161	591.488
6.162	599.848
6.163	608.532
6.164	617.583
6.165	627.03
6.166	636.886
6.167	647.144
6.168	657.774
6.169	668.726
6.17	679.927
6.171	691.281
6.172	702.667
6.173	713.948
6.174	724.966
6.175	735.547
6.176	745.507
6.177	754.653
6.178	762.79
6.179	769.723
6.18	775.264
6.181	779.237
6.182	781.483
6.183	781.862
6.184	780.26
6.185	776.591
6.186	770.799
6.187	762.864
6.188	752.798
6.189	740.648
6.19	726.495
6.191	710.453
6.192	692.666
6.193	673.305
6.194	652.565
6.195	630.66
6.196	607.818
6.197	584.278
6.198	560.282
6.199	536.073
6.2	511.887
6.201	487.952
6.202	464.481
6.203	441.671
6.204	419.698
6.205	398.718
6.206	378.863
6.207	360.245
6.208	342.952
6.209	327.051
6.21	312.591
6.211	299.607
6.212	288.116
6.213	278.129
6.214	269.648
6.215	262.669
6.216	257.188
6.217	253.199
6.218	250.697
6.219	249.68
6.22	250.147
6.221	252.097
6.222	255.529
6.223	260.44
6.224	266.821
6.225	274.655
6.226	283.915
6.227	294.557
6.228	306.525
6.229	319.739
6.23	334.1
6.231	349.487
6.232	365.753
6.233	382.731
6.234	400.231
6.235	418.042
6.236	435.938
6.237	453.678
6.238	471.015
6.239	487.693
6.24	503.462
6.241	518.076
6.242	531.302
6.243	542.926
6.244	552.756
6.245	560.627
6.246	566.409
6.247	570.005
6.248	571.359
6.249	570.452
6.25	567.307
6.251	561.988
6.252	554.598
6.253	545.274
6.254	534.19
6.255	521.544
6.256	507.563
6.257	492.488
6.258	476.576
6.259	460.086
6.26	443.281
6.261	426.414
6.262	409.728
6.263	393.447
6.264	377.774
6.265	362.884
6.266	348.925
6.267	336.011
6.268	324.227
6.269	313.624
6.27	304.223
6.271	296.018
6.272	288.975
6.273	283.04
6.274	278.142
6.275	274.198
6.276	271.115
6.277	268.801
6.278	267.163
6.279	266.116
6.28	265.585
6.281	265.509
6.282	265.839
6.283	266.547
6.284	267.617
6.285	269.052
6.286	270.869
6.287	273.095
6.288	275.766
6.289	278.924
6.29	282.611
6.291	286.865
6.292	291.718
6.293	297.189
6.294	303.285
6.295	309.991
6.296	317.278
6.297	325.091
6.298	333.358
6.299	341.987
6.3	350.864
6.301	359.863
6.302	368.844
6.303	377.659
6.304	386.154
6.305	394.177
6.306	401.581
6.307	408.228
6.308	413.994
6.309	418.776
6.31	422.488
6.311	425.074
6.312	426.499
6.313	426.762
6.314	425.887
6.315	423.929
6.316	420.97
6.317	417.122
6.318	412.52
6.319	407.322
6.32	401.71
6.321	395.88
6.322	390.047
6.323	384.434
6.324	379.275
6.325	374.806
6.326	371.267
6.327	368.894
6.328	367.916
6.329	368.555
6.33	371.014
6.331	375.482
6.332	382.125
6.333	391.08
6.334	402.456
6.335	416.328
6.336	432.73
6.337	451.658
6.338	473.061
6.339	496.841
6.34	522.851
6.341	550.896
6.342	580.73
6.343	612.061
6.344	644.551
6.345	677.82
6.346	711.455
6.347	745.015
6.348	778.036
6.349	810.048
6.35	840.577
6.351	869.163
6.352	895.366
6.353	918.783
6.354	939.052
6.355	955.869
6.356	968.991
6.357	978.247
6.358	983.539
6.359	984.849
6.36	982.237
6.361	975.839
6.362	965.863
6.363	952.582
6.364	936.324
6.365	917.463
6.366	896.407
6.367	873.586
6.368	849.436
6.369	824.39
6.37	798.865
6.371	773.251
6.372	747.902
6.373	723.127
6.374	699.187
6.375	676.289
6.376	654.587
6.377	634.178
6.378	615.11
6.379	597.381
6.38	580.945
6.381	565.722
6.382	551.598
6.383	538.438
6.384	526.09
6.385	514.392
6.386	503.182
6.387	492.299
6.388	481.593
6.389	470.928
6.39	460.185
6.391	449.265
6.392	438.093
6.393	426.616
6.394	414.805
6.395	402.653
6.396	390.175
6.397	377.407
6.398	364.4
6.399	351.222
6.4	337.949
6.401	324.668
6.402	311.469
6.403	298.445
6.404	285.687
6.405	273.283
6.406	261.314
6.407	249.852
6.408	238.962
6.409	228.695
6.41	219.094
6.411	210.186
6.412	201.99
6.413	194.513
6.414	187.751
6.415	181.689
6.416	176.306
6.417	171.571
6.418	167.449
6.419	163.897
6.42	160.87
6.421	158.318
6.422	156.192
6.423	154.438
6.424	153.006
6.425	151.845
6.426	150.907
6.427	150.148
6.428	149.527
6.429	149.01
6.43	148.568
6.431	148.181
6.432	147.836
6.433	147.528
6.434	147.264
6.435	147.058
6.436	146.932
6.437	146.92
6.438	147.062
6.439	147.403
6.44	147.997
6.441	148.897
6.442	150.159
6.443	151.84
6.444	153.99
6.445	156.656
6.446	159.876
6.447	163.679
6.448	168.081
6.449	173.087
6.45	178.687
6.451	184.857
6.452	191.559
6.453	198.741
6.454	206.338
6.455	214.276
6.456	222.47
6.457	230.829
6.458	239.259
6.459	247.663
6.46	255.946
6.461	264.017
6.462	271.792
6.463	279.195
6.464	286.164
6.465	292.647
6.466	298.607
6.467	304.026
6.468	308.896
6.469	313.231
6.47	317.058
6.471	320.419
6.472	323.371
6.473	325.985
6.474	328.341
6.475	330.53
6.476	332.649
6.477	334.8
6.478	337.087
6.479	339.616
6.48	342.487
6.481	345.797
6.482	349.635
6.483	354.081
6.484	359.202
6.485	365.053
6.486	371.673
6.487	379.084
6.488	387.292
6.489	396.285
6.49	406.033
6.491	416.486
6.492	427.579
6.493	439.23
6.494	451.339
6.495	463.794
6.496	476.472
6.497	489.239
6.498	501.954
6.499	514.47
6.5	526.642
6.501	538.322
6.502	549.368
6.503	559.645
6.504	569.028
6.505	577.403
6.506	584.67
6.507	590.746
6.508	595.566
6.509	599.08
6.51	601.259
6.511	602.092
6.512	601.585
6.513	599.762
6.514	596.66
6.515	592.332
6.516	586.842
6.517	580.264
6.518	572.681
6.519	564.179
6.52	554.851
6.521	544.792
6.522	534.097
6.523	522.862
6.524	511.181
6.525	499.146
6.526	486.846
6.527	474.367
6.528	461.793
6.529	449.202
6.53	436.669
6.531	424.263
6.532	412.05
6.533	400.088
6.534	388.43
6.535	377.125
6.536	366.211
6.537	355.721
6.538	345.68
6.539	336.104
6.54	327.003
6.541	318.376
6.542	310.217
6.543	302.512
6.544	295.241
6.545	288.38
6.546	281.9
6.547	275.77
6.548	269.961
6.549	264.442
6.55	259.186
6.551	254.171
6.552	249.379
6.553	244.801
6.554	240.434
6.555	236.282
6.556	232.358
6.557	228.684
6.558	225.287
6.559	222.2
6.56	219.461
6.561	217.11
6.562	215.188
6.563	213.736
6.564	212.79
6.565	212.381
6.566	212.534
6.567	213.264
6.568	214.578
6.569	216.47
6.57	218.924
6.571	221.913
6.572	225.399
6.573	229.335
6.574	233.666
6.575	238.328
6.576	243.256
6.577	248.379
6.578	253.627
6.579	258.933
6.58	264.231
6.581	269.461
6.582	274.57
6.583	279.512
6.584	284.246
6.585	288.743
6.586	292.978
6.587	296.934
6.588	300.598
6.589	303.962
6.59	307.02
6.591	309.769
6.592	312.203
6.593	314.319
6.594	316.111
6.595	317.57
6.596	318.689
6.597	319.458
6.598	319.869
6.599	319.917
6.6	319.599
6.601	318.921
6.602	317.894
6.603	316.543
6.604	314.902
6.605	313.02
6.606	310.961
6.607	308.802
6.608	306.635
6.609	304.565
6.61	302.709
6.611	301.193
6.612	300.149
6.613	299.711
6.614	300.012
6.615	301.18
6.616	303.332
6.617	306.572
6.618	310.985
6.619	316.636
6.62	323.565
6.621	331.785
6.622	341.28
6.623	352.007
6.624	363.891
6.625	376.83
6.626	390.697
6.627	405.338
6.628	420.579
6.629	436.232
6.63	452.092
6.631	467.949
6.632	483.588
6.633	498.799
6.634	513.377
6.635	527.129
6.636	539.879
6.637	551.471
6.638	561.774
6.639	570.682
6.64	578.117
6.641	584.031
6.642	588.404
6.643	591.245
6.644	592.591
6.645	592.499
6.646	591.05
6.647	588.342
6.648	584.485
6.649	579.598
6.65	573.804
6.651	567.229
6.652	559.991
6.653	552.205
6.654	543.975
6.655	535.394
6.656	526.542
6.657	517.487
6.658	508.285
6.659	498.982
6.66	489.614
6.661	480.211
6.662	470.799
6.663	461.402
6.664	452.049
6.665	442.77
6.666	433.6
6.667	424.583
6.668	415.771
6.669	407.222
6.67	399.001
6.671	391.18
6.672	383.831
6.673	377.027
6.674	370.838
6.675	365.327
6.676	360.549
6.677	356.544
6.678	353.338
6.679	350.937
6.68	349.33
6.681	348.487
6.682	348.356
6.683	348.868
6.684	349.939
6.685	351.47
6.686	353.352
6.687	355.472
6.688	357.713
6.689	359.962
6.69	362.115
6.691	364.077
6.692	365.771
6.693	367.136
6.694	368.134
6.695	368.747
6.696	368.983
6.697	368.868
6.698	368.451
6.699	367.798
6.7	366.989
6.701	366.115
6.702	365.273
6.703	364.56
6.704	364.069
6.705	363.885
6.706	364.08
6.707	364.71
6.708	365.811
6.709	367.397
6.71	369.461
6.711	371.976
6.712	374.892
6.713	378.143
6.714	381.65
6.715	385.321
6.716	389.062
6.717	392.778
6.718	396.378
6.719	399.783
6.72	402.928
6.721	405.766
6.722	408.272
6.723	410.443
6.724	412.301
6.725	413.892
6.726	415.282
6.727	416.558
6.728	417.822
6.729	419.188
6.73	420.776
6.731	422.706
6.732	425.095
6.733	428.05
6.734	431.665
6.735	436.016
6.736	441.154
6.737	447.111
6.738	453.887
6.739	461.459
6.74	469.777
6.741	478.764
6.742	488.319
6.743	498.32
6.744	508.627
6.745	519.083
6.746	529.52
6.747	539.762
6.748	549.629
6.749	558.942
6.75	567.523
6.751	575.201
6.752	581.817
6.753	587.222
6.754	591.285
6.755	593.892
6.756	594.948
6.757	594.379
6.758	592.135
6.759	588.187
6.76	582.53
6.761	575.184
6.762	566.19
6.763	555.61
6.764	543.527
6.765	530.043
6.766	515.276
6.767	499.356
6.768	482.428
6.769	464.641
6.77	446.152
6.771	427.122
6.772	407.708
6.773	388.069
6.774	368.355
6.775	348.712
6.776	329.277
6.777	310.174
6.778	291.521
6.779	273.42
6.78	255.964
6.781	239.232
6.782	223.291
6.783	208.199
6.784	194
6.785	180.73
6.786	168.415
6.787	157.072
6.788	146.71
6.789	137.331
6.79	128.932
6.791	121.504
6.792	115.034
6.793	109.505
6.794	104.899
6.795	101.193
6.796	98.3669
6.797	96.399
6.798	95.2692
6.799	94.9594
6.8	95.4546
6.801	96.7436
6.802	98.8195
6.803	101.681
6.804	105.33
6.805	109.777
6.806	115.036
6.807	121.124
6.808	128.065
6.809	135.882
6.81	144.603
6.811	154.252
6.812	164.852
6.813	176.422
6.814	188.971
6.815	202.502
6.816	217.003
6.817	232.453
6.818	248.81
6.819	266.02
6.82	284.008
6.821	302.683
6.822	321.934
6.823	341.634
6.824	361.639
6.825	381.793
6.826	401.927
6.827	421.865
6.828	441.425
6.829	460.427
6.83	478.694
6.831	496.055
6.832	512.353
6.833	527.447
6.834	541.215
6.835	553.559
6.836	564.403
6.837	573.699
6.838	581.427
6.839	587.592
6.84	592.223
6.841	595.374
6.842	597.119
6.843	597.547
6.844	596.762
6.845	594.872
6.846	591.99
6.847	588.23
6.848	583.697
6.849	578.487
6.85	572.687
6.851	566.365
6.852	559.578
6.853	552.365
6.854	544.748
6.855	536.739
6.856	528.337
6.857	519.532
6.858	510.312
6.859	500.661
6.86	490.567
6.861	480.024
6.862	469.035
6.863	457.615
6.864	445.791
6.865	433.605
6.866	421.114
6.867	408.389
6.868	395.512
6.869	382.577
6.87	369.687
6.871	356.948
6.872	344.47
6.873	332.361
6.874	320.727
6.875	309.666
6.876	299.269
6.877	289.613
6.878	280.766
6.879	272.781
6.88	265.695
6.881	259.535
6.882	254.31
6.883	250.017
6.884	246.638
6.885	244.145
6.886	242.497
6.887	241.645
6.888	241.528
6.889	242.079
6.89	243.226
6.891	244.887
6.892	246.982
6.893	249.423
6.894	252.124
6.895	254.999
6.896	257.961
6.897	260.928
6.898	263.823
6.899	266.572
6.9	269.111
6.901	271.381
6.902	273.335
6.903	274.933
6.904	276.147
6.905	276.958
6.906	277.359
6.907	277.35
6.908	276.944
6.909	276.159
6.91	275.022
6.911	273.566
6.912	271.83
6.913	269.856
6.914	267.688
6.915	265.373
6.916	262.96
6.917	260.495
6.918	258.027
6.919	255.604
6.92	253.271
6.921	251.075
6.922	249.063
6.923	247.279
6.924	245.768
6.925	244.576
6.926	243.746
6.927	243.321
6.928	243.343
6.929	243.85
6.93	244.877
6.931	246.455
6.932	248.608
6.933	251.352
6.934	254.694
6.935	258.631
6.936	263.149
6.937	268.222
6.938	273.811
6.939	279.867
6.94	286.327
6.941	293.121
6.942	300.168
6.943	307.381
6.944	314.671
6.945	321.946
6.946	329.117
6.947	336.098
6.948	342.812
6.949	349.191
6.95	355.18
6.951	360.737
6.952	365.836
6.953	370.468
6.954	374.638
6.955	378.368
6.956	381.696
6.957	384.671
6.958	387.355
6.959	389.817
6.96	392.136
6.961	394.39
6.962	396.66
6.963	399.025
6.964	401.557
6.965	404.321
6.966	407.371
6.967	410.749
6.968	414.48
6.969	418.574
6.97	423.023
6.971	427.801
6.972	432.863
6.973	438.144
6.974	443.564
6.975	449.026
6.976	454.417
6.977	459.614
6.978	464.485
6.979	468.892
6.98	472.695
6.981	475.757
6.982	477.949
6.983	479.153
6.984	479.265
6.985	478.2
6.986	475.899
6.987	472.326
6.988	467.472
6.989	461.361
6.99	454.043
6.991	445.598
6.992	436.132
6.993	425.778
6.994	414.689
6.995	403.035
6.996	390.998
6.997	378.77
6.998	366.543
6.999	354.508
7	342.847
7.001	331.731
7.002	321.316
7.003	311.738
7.004	303.111
7.005	295.528
7.006	289.058
7.007	283.746
7.008	279.614
7.009	276.666
7.01	274.883
7.011	274.234
7.012	274.67
7.013	276.135
7.014	278.562
7.015	281.878
7.016	286.009
7.017	290.878
7.018	296.409
7.019	302.526
7.02	309.156
7.021	316.228
7.022	323.676
7.023	331.432
7.024	339.433
7.025	347.616
7.026	355.917
7.027	364.274
7.028	372.621
7.029	380.892
7.03	389.017
7.031	396.925
7.032	404.542
7.033	411.792
7.034	418.596
7.035	424.877
7.036	430.558
7.037	435.563
7.038	439.82
7.039	443.263
7.04	445.833
7.041	447.477
7.042	448.156
7.043	447.839
7.044	446.509
7.045	444.162
7.046	440.807
7.047	436.468
7.048	431.179
7.049	424.99
7.05	417.962
7.051	410.165
7.052	401.678
7.053	392.588
7.054	382.987
7.055	372.97
7.056	362.633
7.057	352.073
7.058	341.384
7.059	330.659
7.06	319.985
7.061	309.443
7.062	299.109
7.063	289.052
7.064	279.336
7.065	270.014
7.066	261.136
7.067	252.743
7.068	244.869
7.069	237.542
7.07	230.786
7.071	224.616
7.072	219.045
7.073	214.08
7.074	209.723
7.075	205.974
7.076	202.829
7.077	200.279
7.078	198.315
7.079	196.923
7.08	196.089
7.081	195.796
7.082	196.024
7.083	196.752
7.084	197.958
7.085	199.616
7.086	201.701
7.087	204.185
7.088	207.038
7.089	210.23
7.09	213.731
7.091	217.509
7.092	221.535
7.093	225.779
7.094	230.214
7.095	234.817
7.096	239.57
7.097	244.459
7.098	249.478
7.099	254.625
7.1	259.908
7.101	265.344
7.102	270.953
7.103	276.767
7.104	282.819
7.105	289.148
7.106	295.794
7.107	302.795
7.108	310.187
7.109	317.996
7.11	326.241
7.111	334.923
7.112	344.031
7.113	353.533
7.114	363.379
7.115	373.494
7.116	383.785
7.117	394.138
7.118	404.42
7.119	414.482
7.12	424.165
7.121	433.301
7.122	441.721
7.123	449.261
7.124	455.765
7.125	461.091
7.126	465.122
7.127	467.763
7.128	468.952
7.129	468.658
7.13	466.886
7.131	463.678
7.132	459.112
7.133	453.298
7.134	446.379
7.135	438.526
7.136	429.929
7.137	420.799
7.138	411.354
7.139	401.817
7.14	392.41
7.141	383.344
7.142	374.816
7.143	367.004
7.144	360.061
7.145	354.11
7.146	349.247
7.147	345.531
7.148	342.992
7.149	341.624
7.15	341.391
7.151	342.228
7.152	344.042
7.153	346.717
7.154	350.117
7.155	354.091
7.156	358.478
7.157	363.108
7.158	367.811
7.159	372.418
7.16	376.767
7.161	380.704
7.162	384.091
7.163	386.805
7.164	388.741
7.165	389.816
7.166	389.969
7.167	389.162
7.168	387.382
7.169	384.637
7.17	380.961
7.171	376.41
7.172	371.059
7.173	365.004
7.174	358.358
7.175	351.249
7.176	343.818
7.177	336.217
7.178	328.605
7.179	321.145
7.18	314.004
7.181	307.349
7.182	301.342
7.183	296.141
7.184	291.896
7.185	288.744
7.186	286.811
7.187	286.205
7.188	287.016
7.189	289.314
7.19	293.145
7.191	298.53
7.192	305.464
7.193	313.913
7.194	323.815
7.195	335.079
7.196	347.584
7.197	361.183
7.198	375.702
7.199	390.944
7.2	406.693
7.201	422.716
7.202	438.772
7.203	454.612
7.204	469.991
7.205	484.667
7.206	498.414
7.207	511.026
7.208	522.319
7.209	532.141
7.21	540.372
7.211	546.93
7.212	551.772
7.213	554.892
7.214	556.326
7.215	556.144
7.216	554.449
7.217	551.375
7.218	547.078
7.219	541.732
7.22	535.522
7.221	528.638
7.222	521.269
7.223	513.593
7.224	505.779
7.225	497.974
7.226	490.306
7.227	482.876
7.228	475.762
7.229	469.013
7.23	462.655
7.231	456.689
7.232	451.096
7.233	445.839
7.234	440.868
7.235	436.123
7.236	431.539
7.237	427.049
7.238	422.592
7.239	418.109
7.24	413.553
7.241	408.886
7.242	404.082
7.243	399.131
7.244	394.033
7.245	388.802
7.246	383.464
7.247	378.053
7.248	372.614
7.249	367.194
7.25	361.847
7.251	356.629
7.252	351.593
7.253	346.793
7.254	342.278
7.255	338.091
7.256	334.271
7.257	330.85
7.258	327.853
7.259	325.296
7.26	323.19
7.261	321.538
7.262	320.335
7.263	319.571
7.264	319.229
7.265	319.286
7.266	319.714
7.267	320.48
7.268	321.545
7.269	322.867
7.27	324.402
7.271	326.101
7.272	327.912
7.273	329.784
7.274	331.664
7.275	333.5
7.276	335.241
7.277	336.84
7.278	338.253
7.279	339.442
7.28	340.375
7.281	341.028
7.282	341.386
7.283	341.441
7.284	341.197
7.285	340.667
7.286	339.871
7.287	338.839
7.288	337.607
7.289	336.218
7.29	334.718
7.291	333.156
7.292	331.579
7.293	330.033
7.294	328.559
7.295	327.194
7.296	325.963
7.297	324.885
7.298	323.969
7.299	323.212
7.3	322.6
7.301	322.112
7.302	321.717
7.303	321.376
7.304	321.045
7.305	320.679
7.306	320.231
7.307	319.656
7.308	318.914
7.309	317.972
7.31	316.805
7.311	315.398
7.312	313.751
7.313	311.873
7.314	309.788
7.315	307.531
7.316	305.148
7.317	302.698
7.318	300.243
7.319	297.855
7.32	295.606
7.321	293.57
7.322	291.815
7.323	290.407
7.324	289.402
7.325	288.844
7.326	288.764
7.327	289.182
7.328	290.099
7.329	291.501
7.33	293.359
7.331	295.629
7.332	298.252
7.333	301.161
7.334	304.275
7.335	307.509
7.336	310.774
7.337	313.977
7.338	317.031
7.339	319.849
7.34	322.354
7.341	324.476
7.342	326.158
7.343	327.353
7.344	328.027
7.345	328.159
7.346	327.743
7.347	326.781
7.348	325.29
7.349	323.292
7.35	320.822
7.351	317.917
7.352	314.619
7.353	310.974
7.354	307.027
7.355	302.821
7.356	298.398
7.357	293.798
7.358	289.054
7.359	284.197
7.36	279.254
7.361	274.245
7.362	269.19
7.363	264.105
7.364	259.002
7.365	253.895
7.366	248.796
7.367	243.719
7.368	238.678
7.369	233.691
7.37	228.778
7.371	223.961
7.372	219.264
7.373	214.717
7.374	210.347
7.375	206.187
7.376	202.267
7.377	198.617
7.378	195.267
7.379	192.242
7.38	189.564
7.381	187.25
7.382	185.311
7.383	183.752
7.384	182.57
7.385	181.754
7.386	181.286
7.387	181.142
7.388	181.287
7.389	181.684
7.39	182.286
7.391	183.044
7.392	183.905
7.393	184.813
7.394	185.713
7.395	186.549
7.396	187.268
7.397	187.822
7.398	188.167
7.399	188.266
7.4	188.09
7.401	187.619
7.402	186.842
7.403	185.759
7.404	184.38
7.405	182.727
7.406	180.829
7.407	178.727
7.408	176.471
7.409	174.119
7.41	171.733
7.411	169.383
7.412	167.141
7.413	165.079
7.414	163.271
7.415	161.787
7.416	160.694
7.417	160.052
7.418	159.915
7.419	160.328
7.42	161.324
7.421	162.928
7.422	165.152
7.423	167.997
7.424	171.454
7.425	175.499
7.426	180.103
7.427	185.225
7.428	190.816
7.429	196.82
7.43	203.178
7.431	209.826
7.432	216.698
7.433	223.729
7.434	230.854
7.435	238.012
7.436	245.144
7.437	252.195
7.438	259.118
7.439	265.87
7.44	272.412
7.441	278.715
7.442	284.752
7.443	290.502
7.444	295.949
7.445	301.082
7.446	305.891
7.447	310.37
7.448	314.515
7.449	318.324
7.45	321.794
7.451	324.925
7.452	327.716
7.453	330.168
7.454	332.28
7.455	334.056
7.456	335.497
7.457	336.609
7.458	337.397
7.459	337.871
7.46	338.043
7.461	337.925
7.462	337.537
7.463	336.899
7.464	336.034
7.465	334.968
7.466	333.73
7.467	332.349
7.468	330.857
7.469	329.283
7.47	327.659
7.471	326.014
7.472	324.374
7.473	322.766
7.474	321.209
7.475	319.724
7.476	318.323
7.477	317.019
7.478	315.818
7.479	314.726
7.48	313.743
7.481	312.869
7.482	312.102
7.483	311.438
7.484	310.877
7.485	310.416
7.486	310.055
7.487	309.797
7.488	309.648
7.489	309.619
7.49	309.724
7.491	309.982
7.492	310.417
7.493	311.059
7.494	311.941
7.495	313.102
7.496	314.585
7.497	316.434
7.498	318.698
7.499	321.426
