0.5	0
0.501	0
0.502	0
0.503	0
0.504	0
0.505	0
0.506	0
0.507	0
0.508	0
0.509	0
0.51	0
0.511	0
0.512	0
0.513	0
0.514	0
0.515	0
0.516	0
0.517	0
0.518	0
0.519	0
0.52	0
0.521	0
0.522	0
0.523	0
0.524	0
0.525	0
0.526	0
0.527	0
0.528	0
0.529	0
0.53	0
0.531	0
0.532	0
0.533	0
0.534	0
0.535	0
0.536	0
0.537	0
0.538	0
0.539	0
0.54	0
0.541	0
0.542	0
0.543	0
0.544	0
0.545	0
0.546	5.66545e-320
0.547	9.70303e-317
0.548	1.60919e-313
0.549	2.57003e-310
0.55	3.95278e-307
0.551	5.85464e-304
0.552	8.35085e-301
0.553	1.14708e-297
0.554	1.51737e-294
0.555	1.93295e-291
0.556	2.37129e-288
0.557	2.80143e-285
0.558	3.1872e-282
0.559	3.49198e-279
0.56	3.6844e-276
0.561	3.74365e-273
0.562	3.66317e-270
0.563	3.45185e-267
0.564	3.13242e-264
0.565	2.73741e-261
0.566	2.30375e-258
0.567	1.86707e-255
0.568	1.45721e-252
0.569	1.09526e-249
0.57	7.9276e-247
0.571	5.52588e-244
0.572	3.70932e-241
0.573	2.39784e-238
0.574	1.49272e-235
0.575	8.94892e-233
0.576	5.16649e-230
0.577	2.87246e-227
0.578	1.53796e-224
0.579	7.92994e-222
0.58	3.93756e-219
0.581	1.88286e-216
0.582	8.67046e-214
0.583	3.84502e-211
0.584	1.64206e-208
0.585	6.75324e-206
0.586	2.67466e-203
0.587	1.02013e-200
0.588	3.74697e-198
0.589	1.32536e-195
0.59	4.51465e-193
0.591	1.48097e-190
0.592	4.67843e-188
0.593	1.42327e-185
0.594	4.16975e-183
0.595	1.17642e-180
0.596	3.19633e-178
0.597	8.36318e-176
0.598	2.10729e-173
0.599	5.11342e-171
0.6	1.1949e-168
0.601	2.68896e-166
0.602	5.82733e-164
0.603	1.21615e-161
0.604	2.44422e-159
0.605	4.73071e-157
0.606	8.81748e-155
0.607	1.58269e-152
0.608	2.73578e-150
0.609	4.55406e-148
0.61	7.30044e-146
0.611	1.12702e-143
0.612	1.67552e-141
0.613	2.39883e-139
0.614	3.30737e-137
0.615	4.39136e-135
0.616	5.61499e-133
0.617	6.91403e-131
0.618	8.19874e-129
0.619	9.36259e-127
0.62	1.02962e-124
0.621	1.09042e-122
0.622	1.11209e-120
0.623	1.09225e-118
0.624	1.03309e-116
0.625	9.40987e-115
0.626	8.25399e-113
0.627	6.97232e-111
0.628	5.67184e-109
0.629	4.44328e-107
0.63	3.3521e-105
0.631	2.43536e-103
0.632	1.70389e-101
0.633	1.14803e-99
0.634	7.44903e-98
0.635	4.65456e-96
0.636	2.80085e-94
0.637	1.62306e-92
0.638	9.05758e-91
0.639	4.86769e-89
0.64	2.51923e-87
0.641	1.25558e-85
0.642	6.02635e-84
0.643	2.78546e-82
0.644	1.23986e-80
0.645	5.31476e-79
0.646	2.19395e-77
0.647	8.72172e-76
0.648	3.33896e-74
0.649	1.23098e-72
0.65	4.37047e-71
0.651	1.49429e-69
0.652	4.92014e-68
0.653	1.5601e-66
0.654	4.76386e-65
0.655	1.40088e-63
0.656	3.9671e-62
0.657	1.08188e-60
0.658	2.84132e-59
0.659	7.1861e-58
0.66	1.75025e-56
0.661	4.10524e-55
0.662	9.2728e-54
0.663	2.01705e-52
0.664	4.22527e-51
0.665	8.52367e-50
0.666	1.65589e-48
0.667	3.09791e-47
0.668	5.58136e-46
0.669	9.68377e-45
0.67	1.61801e-43
0.671	2.60347e-42
0.672	4.03418e-41
0.673	6.01993e-40
0.674	8.6509e-39
0.675	1.19719e-37
0.676	1.59551e-36
0.677	2.04771e-35
0.678	2.53088e-34
0.679	3.01236e-33
0.68	3.45282e-32
0.681	3.81132e-31
0.682	4.05145e-30
0.683	4.14742e-29
0.684	4.08864e-28
0.685	3.88161e-27
0.686	3.54878e-26
0.687	3.12449e-25
0.688	2.64919e-24
0.689	2.16311e-23
0.69	1.7009e-22
0.691	1.28798e-21
0.692	9.39239e-21
0.693	6.59591e-20
0.694	4.46074e-19
0.695	2.90517e-18
0.696	1.82209e-17
0.697	1.10053e-16
0.698	6.40125e-16
0.699	3.5856e-15
0.7	1.93416e-14
0.701	1.00475e-13
0.702	5.02635e-13
0.703	2.42149e-12
0.704	1.12343e-11
0.705	5.01928e-11
0.706	2.15958e-10
0.707	8.94813e-10
0.708	3.57049e-09
0.709	1.37201e-08
0.71	5.07712e-08
0.711	1.80931e-07
0.712	6.20926e-07
0.713	2.05211e-06
0.714	6.53122e-06
0.715	2.0018e-05
0.716	5.90856e-05
0.717	0.000167948
0.718	0.000459728
0.719	0.00121188
0.72	0.00307647
0.721	0.00752106
0.722	0.0177067
0.723	0.0401448
0.724	0.0876506
0.725	0.184295
0.726	0.373168
0.727	0.72766
0.728	1.36642
0.729	2.47102
0.73	4.30328
0.731	7.217
0.732	11.6559
0.733	18.1288
0.734	27.1535
0.735	39.1665
0.736	54.4048
0.737	72.7767
0.738	93.7521
0.739	116.306
0.74	138.95
0.741	159.862
0.742	177.119
0.743	188.982
0.744	194.181
0.745	192.144
0.746	183.097
0.747	168.022
0.748	148.486
0.749	126.369
0.75	103.568
0.751	81.7418
0.752	62.1292
0.753	45.4759
0.754	32.0553
0.755	21.7596
0.756	14.2244
0.757	8.95473
0.758	5.42879
0.759	3.16947
0.76	1.78198
0.761	0.964837
0.762	0.50308
0.763	0.252611
0.764	0.122152
0.765	0.0568833
0.766	0.0255094
0.767	0.0110166
0.768	0.00458174
0.769	0.00183504
0.77	0.000707772
0.771	0.00026289
0.772	9.40347e-05
0.773	3.23918e-05
0.774	1.07452e-05
0.775	3.43265e-06
0.776	1.05603e-06
0.777	3.12864e-07
0.778	8.92624e-08
0.779	2.45253e-08
0.78	6.48923e-09
0.781	1.6535e-09
0.782	4.05743e-10
0.783	9.58802e-11
0.784	2.18193e-11
0.785	4.78173e-12
0.786	1.00917e-12
0.787	2.05104e-13
0.788	4.01437e-14
0.789	7.56648e-15
0.79	1.37342e-15
0.791	2.40075e-16
0.792	4.04132e-17
0.793	6.55138e-18
0.794	1.02276e-18
0.795	1.53763e-19
0.796	2.22618e-20
0.797	3.10386e-21
0.798	4.16751e-22
0.799	5.38871e-23
0.8	6.71005e-24
0.801	8.04637e-25
0.802	9.29196e-26
0.803	1.03335e-26
0.804	1.10668e-27
0.805	1.14137e-28
0.806	1.13362e-29
0.807	1.08428e-30
0.808	9.98727e-32
0.809	8.85902e-33
0.81	7.5676e-34
0.811	6.22534e-35
0.812	4.93176e-36
0.813	3.76247e-37
0.814	2.76425e-38
0.815	1.95576e-39
0.816	1.33256e-40
0.817	8.7436e-42
0.818	5.52494e-43
0.819	3.362e-44
0.82	1.97016e-45
0.821	1.11183e-46
0.822	6.04236e-48
0.823	3.16235e-49
0.824	1.59384e-50
0.825	7.73596e-52
0.826	3.6159e-53
0.827	1.62761e-54
0.828	7.05536e-56
0.829	2.94524e-57
0.83	1.18401e-58
0.831	4.58376e-60
0.832	1.70892e-61
0.833	6.13559e-63
0.834	2.1214e-64
0.835	7.06355e-66
0.836	2.26494e-67
0.837	6.99395e-69
0.838	2.0798e-70
0.839	5.95599e-72
0.84	1.64255e-73
0.841	4.36232e-75
0.842	1.11571e-76
0.843	2.74798e-78
0.844	6.51796e-80
0.845	1.48882e-81
0.846	3.27497e-83
0.847	6.93752e-85
0.848	1.41525e-86
0.849	2.78034e-88
0.85	5.2601e-90
0.851	9.5835e-92
0.852	1.68146e-93
0.853	2.84107e-95
0.854	4.62289e-97
0.855	7.30298e-99
0.856	1.37132e-99
0.857	2.64293e-98
0.858	5.42424e-97
0.859	1.09118e-95
0.86	2.15146e-94
0.861	4.15766e-93
0.862	7.87487e-92
0.863	1.4619e-90
0.864	2.65993e-89
0.865	4.74354e-88
0.866	8.29114e-87
0.867	1.42038e-85
0.868	2.38492e-84
0.869	3.92484e-83
0.87	6.33068e-82
0.871	1.00082e-80
0.872	1.55075e-79
0.873	2.35509e-78
0.874	3.50551e-77
0.875	5.11417e-76
0.876	7.31269e-75
0.877	1.02485e-73
0.878	1.40773e-72
0.879	1.89521e-71
0.88	2.50079e-70
0.881	3.23426e-69
0.882	4.0997e-68
0.883	5.0934e-67
0.884	6.20215e-66
0.885	7.40213e-65
0.886	8.65864e-64
0.887	9.92709e-63
0.888	1.11551e-61
0.889	1.22858e-60
0.89	1.32621e-59
0.891	1.40314e-58
0.892	1.45502e-57
0.893	1.47883e-56
0.894	1.47314e-55
0.895	1.43829e-54
0.896	1.37636e-53
0.897	1.29091e-52
0.898	1.18669e-51
0.899	1.0692e-50
0.9	9.44191e-50
0.901	8.17221e-49
0.902	6.93263e-48
0.903	5.76416e-47
0.904	4.69735e-46
0.905	3.75188e-45
0.906	2.93714e-44
0.907	2.25361e-43
0.908	1.69477e-42
0.909	1.24918e-41
0.91	9.02434e-41
0.911	6.38978e-40
0.912	4.43441e-39
0.913	3.01623e-38
0.914	2.01082e-37
0.915	1.31389e-36
0.916	8.41445e-36
0.917	5.28166e-35
0.918	3.24934e-34
0.919	1.95929e-33
0.92	1.15793e-32
0.921	6.70722e-32
0.922	3.80788e-31
0.923	2.11886e-30
0.924	1.15558e-29
0.925	6.17703e-29
0.926	3.23621e-28
0.927	1.66178e-27
0.928	8.3635e-27
0.929	4.12556e-26
0.93	1.9946e-25
0.931	9.45167e-25
0.932	4.38975e-24
0.933	1.99825e-23
0.934	8.91539e-23
0.935	3.89861e-22
0.936	1.67093e-21
0.937	7.01915e-21
0.938	2.88995e-20
0.939	1.16621e-19
0.94	4.61254e-19
0.941	1.78807e-18
0.942	6.7937e-18
0.943	2.52993e-17
0.944	9.23398e-17
0.945	3.30331e-16
0.946	1.15821e-15
0.947	3.98021e-15
0.948	1.34061e-14
0.949	4.42567e-14
0.95	1.43197e-13
0.951	4.54118e-13
0.952	1.41151e-12
0.953	4.30007e-12
0.954	1.28395e-11
0.955	3.75749e-11
0.956	1.07777e-10
0.957	3.02996e-10
0.958	8.34882e-10
0.959	2.25472e-09
0.96	5.96813e-09
0.961	1.54833e-08
0.962	3.93703e-08
0.963	9.81188e-08
0.964	2.39671e-07
0.965	5.73795e-07
0.966	1.34641e-06
0.967	3.09655e-06
0.968	6.98002e-06
0.969	1.54211e-05
0.97	3.33927e-05
0.971	7.0871e-05
0.972	0.000147423
0.973	0.000300565
0.974	0.000600609
0.975	0.00117632
0.976	0.00225807
0.977	0.00424842
0.978	0.00783426
0.979	0.0141595
0.98	0.0250828
0.981	0.0435495
0.982	0.0741088
0.983	0.123605
0.984	0.202061
0.985	0.323748
0.986	0.508407
0.987	0.782523
0.988	1.18049
0.989	1.74546
0.99	2.52954
0.991	3.59301
0.992	5.00222
0.993	6.82593
0.994	9.12982
0.995	11.9695
0.996	15.3825
0.997	19.3792
0.998	23.9363
0.999	28.9904
1	34.4383
1.001	40.1406
1.002	45.9349
1.003	51.6551
1.004	57.161
1.005	62.3744
1.006	67.3226
1.007	72.1866
1.008	77.3496
1.009	83.4442
1.01	91.3919
1.011	102.43
1.012	118.12
1.013	140.327
1.014	171.17
1.015	212.927
1.016	267.893
1.017	338.199
1.018	425.585
1.019	531.142
1.02	655.051
1.021	796.348
1.022	952.732
1.023	1120.48
1.024	1294.48
1.025	1468.41
1.026	1635.04
1.027	1786.74
1.028	1915.99
1.029	2015.99
1.03	2081.28
1.031	2108.15
1.032	2095.06
1.033	2042.72
1.034	1954.05
1.035	1833.9
1.036	1688.59
1.037	1525.4
1.038	1351.93
1.039	1175.52
1.04	1002.81
1.041	839.294
1.042	689.157
1.043	555.177
1.044	438.787
1.045	340.239
1.046	258.835
1.047	193.184
1.048	141.458
1.049	101.624
1.05	71.6264
1.051	49.5302
1.052	33.6051
1.053	22.3731
1.054	14.621
1.055	9.3877
1.056	5.93733
1.057	3.72544
1.058	2.36376
1.059	1.58799
1.06	1.23083
1.061	1.2012
1.062	1.46992
1.063	2.06129
1.064	3.04973
1.065	4.56049
1.066	6.77301
1.067	9.92559
1.068	14.3197
1.069	20.3217
1.07	28.3603
1.071	38.9176
1.072	52.5108
1.073	69.6651
1.074	90.8748
1.075	116.555
1.076	146.988
1.077	182.26
1.078	222.209
1.079	266.374
1.08	313.967
1.081	363.861
1.082	414.618
1.083	464.538
1.084	511.746
1.085	554.304
1.086	590.34
1.087	618.183
1.088	636.492
1.089	644.36
1.09	641.394
1.091	627.743
1.092	604.087
1.093	571.58
1.094	531.76
1.095	486.423
1.096	437.496
1.097	386.896
1.098	336.414
1.099	287.617
1.1	241.778
1.101	199.838
1.102	162.405
1.103	129.773
1.104	101.959
1.105	78.7646
1.106	59.8267
1.107	44.6807
1.108	32.81
1.109	23.6893
1.11	16.8174
1.111	11.7388
1.112	8.05661
1.113	5.43676
1.114	3.60735
1.115	2.35341
1.116	1.50962
1.117	0.952131
1.118	0.590456
1.119	0.36003
1.12	0.215849
1.121	0.127239
1.122	0.0737486
1.123	0.0420288
1.124	0.0235505
1.125	0.0129752
1.126	0.00702892
1.127	0.00374389
1.128	0.00196074
1.129	0.00100966
1.13	0.000511201
1.131	0.000254489
1.132	0.000124569
1.133	5.99553e-05
1.134	2.83779e-05
1.135	1.32182e-05
1.136	6.08017e-06
1.137	2.80992e-06
1.138	1.41046e-06
1.139	9.83378e-07
1.14	1.2257e-06
1.141	2.24341e-06
1.142	4.58483e-06
1.143	9.49738e-06
1.144	1.95087e-05
1.145	3.95621e-05
1.146	7.91364e-05
1.147	0.000156116
1.148	0.000303724
1.149	0.000582728
1.15	0.00110258
1.151	0.00205735
1.152	0.00378586
1.153	0.00687032
1.154	0.0122955
1.155	0.0217005
1.156	0.0377702
1.157	0.0648314
1.158	0.109743
1.159	0.1832
1.16	0.301599
1.161	0.489656
1.162	0.783984
1.163	1.23788
1.164	1.92756
1.165	2.96001
1.166	4.48264
1.167	6.6947
1.168	9.86017
1.169	14.3217
1.17	20.5144
1.171	28.9788
1.172	40.3699
1.173	55.4614
1.174	75.1415
1.175	100.398
1.176	132.29
1.177	171.904
1.178	220.292
1.179	278.4
1.18	346.972
1.181	426.458
1.182	516.91
1.183	617.887
1.184	728.382
1.185	846.77
1.186	970.796
1.187	1097.61
1.188	1223.83
1.189	1345.71
1.19	1459.28
1.191	1560.56
1.192	1645.81
1.193	1711.73
1.194	1755.68
1.195	1775.88
1.196	1771.48
1.197	1742.67
1.198	1690.64
1.199	1617.49
1.2	1526.12
1.201	1420.02
1.202	1303.03
1.203	1179.15
1.204	1052.3
1.205	926.122
1.206	803.808
1.207	688.006
1.208	580.749
1.209	483.438
1.21	396.87
1.211	321.302
1.212	256.527
1.213	201.981
1.214	156.835
1.215	120.097
1.216	90.6934
1.217	67.5424
1.218	49.6059
1.219	35.9291
1.22	25.6635
1.221	18.0776
1.222	12.558
1.223	8.60317
1.224	5.81235
1.225	3.87259
1.226	2.54453
1.227	1.6488
1.228	1.05362
1.229	0.663987
1.23	0.412657
1.231	0.252915
1.232	0.152868
1.233	0.0911203
1.234	0.0535635
1.235	0.0310513
1.236	0.0177519
1.237	0.0100085
1.238	0.00556476
1.239	0.00305127
1.24	0.00164995
1.241	0.000879869
1.242	0.000462723
1.243	0.000239982
1.244	0.000122742
1.245	6.19106e-05
1.246	3.07959e-05
1.247	1.51069e-05
1.248	7.30829e-06
1.249	3.48673e-06
1.25	1.64059e-06
1.251	7.61485e-07
1.252	3.49035e-07
1.253	1.58817e-07
1.254	7.35329e-08
1.255	3.84074e-08
1.256	2.965e-08
1.257	3.99891e-08
1.258	7.35156e-08
1.259	1.46691e-07
1.26	2.95378e-07
1.261	5.90371e-07
1.262	1.16723e-06
1.263	2.28123e-06
1.264	4.40659e-06
1.265	8.41284e-06
1.266	1.5874e-05
1.267	2.9603e-05
1.268	5.45619e-05
1.269	9.93911e-05
1.27	0.000178941
1.271	0.000318402
1.272	0.000559946
1.273	0.000973242
1.274	0.00167186
1.275	0.00283846
1.276	0.00476289
1.277	0.00789881
1.278	0.0129467
1.279	0.0209729
1.28	0.0335786
1.281	0.0531338
1.282	0.0830967
1.283	0.12844
1.284	0.196211
1.285	0.296243
1.286	0.442056
1.287	0.651946
1.288	0.950277
1.289	1.36897
1.29	1.94912
1.291	2.74278
1.292	3.81457
1.293	5.24331
1.294	7.1231
1.295	9.56395
1.296	12.6914
1.297	16.6451
1.298	21.5758
1.299	27.6409
1.3	34.9978
1.301	43.796
1.302	54.1667
1.303	66.2117
1.304	79.9909
1.305	95.5105
1.306	112.711
1.307	131.457
1.308	151.533
1.309	172.638
1.31	194.387
1.311	216.323
1.312	237.927
1.313	258.635
1.314	277.867
1.315	295.046
1.316	309.633
1.317	321.15
1.318	329.211
1.319	333.537
1.32	333.978
1.321	330.519
1.322	323.28
1.323	312.511
1.324	298.577
1.325	281.937
1.326	263.119
1.327	242.692
1.328	221.24
1.329	199.332
1.33	177.498
1.331	156.212
1.332	135.875
1.333	116.807
1.334	99.2434
1.335	83.3373
1.336	69.1642
1.337	56.732
1.338	45.9916
1.339	36.8496
1.34	29.1805
1.341	22.8379
1.342	17.6654
1.343	13.505
1.344	10.204
1.345	7.61993
1.346	5.62388
1.347	4.10227
1.348	2.95745
1.349	2.10724
1.35	1.48394
1.351	1.03281
1.352	0.710447
1.353	0.482999
1.354	0.324538
1.355	0.21552
1.356	0.141455
1.357	0.0917602
1.358	0.0588311
1.359	0.0372817
1.36	0.0233551
1.361	0.014469
1.362	0.00887507
1.363	0.0054079
1.364	0.00330446
1.365	0.00207677
1.366	0.00142473
1.367	0.00117882
1.368	0.00126525
1.369	0.00168842
1.37	0.00252788
1.371	0.00394838
1.372	0.0062236
1.373	0.00977525
1.374	0.0152308
1.375	0.0235044
1.376	0.0359066
1.377	0.0542902
1.378	0.0812388
1.379	0.120307
1.38	0.176321
1.381	0.255743
1.382	0.367103
1.383	0.521508
1.384	0.733204
1.385	1.02019
1.386	1.40487
1.387	1.91466
1.388	2.58257
1.389	3.44766
1.39	4.55527
1.391	5.95702
1.392	7.71042
1.393	9.87809
1.394	12.5264
1.395	15.7236
1.396	19.5375
1.397	24.0326
1.398	29.2664
1.399	35.2862
1.4	42.1255
1.401	49.8001
1.402	58.3055
1.403	67.6148
1.404	77.6776
1.405	88.4202
1.406	99.7479
1.407	111.548
1.408	123.696
1.409	136.061
1.41	148.511
1.411	160.928
1.412	173.207
1.413	185.269
1.414	197.064
1.415	208.576
1.416	219.822
1.417	230.855
1.418	241.753
1.419	252.616
1.42	263.557
1.421	274.685
1.422	286.1
1.423	297.875
1.424	310.046
1.425	322.602
1.426	335.48
1.427	348.558
1.428	361.654
1.429	374.534
1.43	386.916
1.431	398.48
1.432	408.883
1.433	417.775
1.434	424.813
1.435	429.681
1.436	432.102
1.437	431.855
1.438	428.788
1.439	422.822
1.44	413.96
1.441	402.284
1.442	387.96
1.443	371.221
1.444	352.367
1.445	331.748
1.446	309.752
1.447	286.787
1.448	263.272
1.449	239.615
1.45	216.205
1.451	193.398
1.452	171.51
1.453	150.809
1.454	131.513
1.455	113.787
1.456	97.7486
1.457	83.4688
1.458	70.9793
1.459	60.2793
1.46	51.3424
1.461	44.1248
1.462	38.572
1.463	34.6253
1.464	32.2267
1.465	31.3226
1.466	31.8652
1.467	33.8135
1.468	37.1309
1.469	41.7831
1.47	47.7337
1.471	54.9389
1.472	63.3427
1.473	72.8706
1.474	83.4251
1.475	94.8809
1.476	107.082
1.477	119.842
1.478	132.942
1.479	146.136
1.48	159.153
1.481	171.708
1.482	183.509
1.483	194.265
1.484	203.7
1.485	211.563
1.486	217.639
1.487	221.758
1.488	223.803
1.489	223.715
1.49	221.497
1.491	217.21
1.492	210.977
1.493	202.969
1.494	193.405
1.495	182.535
1.496	170.634
1.497	157.989
1.498	144.886
1.499	131.604
1.5	118.401
1.501	105.507
1.502	93.1212
1.503	81.4063
1.504	70.4872
1.505	60.4514
1.506	51.351
1.507	43.2056
1.508	36.0069
1.509	29.7234
1.51	24.3049
1.511	19.688
1.512	15.8009
1.513	12.5667
1.514	9.90808
1.515	7.7494
1.516	6.01933
1.517	4.65233
1.518	3.58965
1.519	2.77984
1.52	2.17887
1.521	1.74983
1.522	1.4625
1.523	1.2927
1.524	1.22157
1.525	1.23479
1.526	1.32179
1.527	1.47495
1.528	1.68896
1.529	1.96003
1.53	2.28537
1.531	2.66256
1.532	3.0891
1.533	3.56196
1.534	4.07726
1.535	4.63
1.536	5.21389
1.537	5.82126
1.538	6.44305
1.539	7.06896
1.54	7.68763
1.541	8.28691
1.542	8.85423
1.543	9.37703
1.544	9.8432
1.545	10.2415
1.546	10.5622
1.547	10.7973
1.548	10.941
1.549	10.99
1.55	10.9439
1.551	10.8051
1.552	10.5793
1.553	10.2752
1.554	9.90492
1.555	9.48423
1.556	9.03276
1.557	8.57475
1.558	8.14013
1.559	7.76609
1.56	7.49942
1.561	7.39979
1.562	7.54414
1.563	8.0326
1.564	8.99602
1.565	10.6055
1.566	13.0845
1.567	16.7228
1.568	21.8939
1.569	29.0753
1.57	38.8709
1.571	52.0368
1.572	69.5084
1.573	92.4299
1.574	122.183
1.575	160.413
1.576	209.057
1.577	270.355
1.578	346.866
1.579	441.459
1.58	557.3
1.581	697.809
1.582	866.603
1.583	1067.41
1.584	1303.98
1.585	1579.9
1.586	1898.5
1.587	2262.61
1.588	2674.41
1.589	3135.19
1.59	3645.17
1.591	4203.3
1.592	4807.07
1.593	5452.41
1.594	6133.59
1.595	6843.19
1.596	7572.17
1.597	8309.98
1.598	9044.76
1.599	9763.65
1.6	10453.1
1.601	11099.3
1.602	11688.7
1.603	12208.2
1.604	12646.1
1.605	12992
1.606	13237.8
1.607	13377.5
1.608	13407.6
1.609	13327.3
1.61	13138.7
1.611	12846.4
1.612	12457.4
1.613	11981
1.614	11428.1
1.615	10811.2
1.616	10143.6
1.617	9439.06
1.618	8711.28
1.619	7973.58
1.62	7238.4
1.621	6517.02
1.622	5819.34
1.623	5153.66
1.624	4526.64
1.625	3943.25
1.626	3406.83
1.627	2919.2
1.628	2480.82
1.629	2090.95
1.63	1747.88
1.631	1449.09
1.632	1191.51
1.633	971.673
1.634	785.887
1.635	630.406
1.636	501.542
1.637	395.759
1.638	309.758
1.639	240.521
1.64	185.351
1.641	141.888
1.642	108.119
1.643	82.3824
1.644	63.3667
1.645	50.1124
1.646	42.0139
1.647	38.8236
1.648	40.656
1.649	47.9885
1.65	61.6509
1.651	82.7977
1.652	112.85
1.653	153.398
1.654	206.05
1.655	272.226
1.656	352.886
1.657	448.222
1.658	557.333
1.659	677.94
1.66	806.202
1.661	936.709
1.662	1062.7
1.663	1176.53
1.664	1270.38
1.665	1337.13
1.666	1371.21
1.667	1369.4
1.668	1331.3
1.669	1259.45
1.67	1159.07
1.671	1037.39
1.672	902.766
1.673	763.69
1.674	627.903
1.675	501.691
1.676	389.487
1.677	293.777
1.678	215.263
1.679	153.22
1.68	105.932
1.681	71.1349
1.682	46.3941
1.683	29.3867
1.684	18.0773
1.685	10.7994
1.686	6.26526
1.687	3.52976
1.688	1.93112
1.689	1.02596
1.69	0.529295
1.691	0.265163
1.692	0.128994
1.693	0.060935
1.694	0.0279513
1.695	0.0124501
1.696	0.00538495
1.697	0.00226163
1.698	0.000922348
1.699	0.000365258
1.7	0.000140454
1.701	5.24447e-05
1.702	1.90151e-05
1.703	6.6946e-06
1.704	2.28865e-06
1.705	7.59739e-07
1.706	2.44894e-07
1.707	7.66514e-08
1.708	2.32965e-08
1.709	6.87528e-09
1.71	1.97023e-09
1.711	5.48244e-10
1.712	1.48135e-10
1.713	3.88661e-11
1.714	9.90175e-12
1.715	2.44953e-12
1.716	5.88417e-13
1.717	1.37267e-13
1.718	3.1157e-14
1.719	7.12816e-15
1.72	2.63973e-15
1.721	4.96522e-15
1.722	1.80268e-14
1.723	6.7496e-14
1.724	2.47098e-13
1.725	8.81944e-13
1.726	3.0685e-12
1.727	1.04069e-11
1.728	3.44054e-11
1.729	1.10877e-10
1.73	3.48313e-10
1.731	1.06661e-09
1.732	3.18385e-09
1.733	9.26424e-09
1.734	2.62771e-08
1.735	7.26532e-08
1.736	1.95814e-07
1.737	5.14447e-07
1.738	1.3175e-06
1.739	3.28903e-06
1.74	8.00382e-06
1.741	1.89861e-05
1.742	4.39022e-05
1.743	9.8957e-05
1.744	0.000217429
1.745	0.00046569
1.746	0.000972272
1.747	0.00197874
1.748	0.00392555
1.749	0.0075914
1.75	0.0143105
1.751	0.0262964
1.752	0.047103
1.753	0.0822454
1.754	0.139986
1.755	0.232256
1.756	0.375631
1.757	0.592196
1.758	0.91008
1.759	1.36334
1.76	1.99085
1.761	2.8339
1.762	3.93223
1.763	5.31869
1.764	7.01263
1.765	9.01295
1.766	11.2918
1.767	13.7902
1.768	16.4168
1.769	19.0509
1.77	21.5502
1.771	23.7629
1.772	25.5422
1.773	26.7625
1.774	27.3341
1.775	27.2141
1.776	26.4115
1.777	24.9864
1.778	23.0422
1.779	20.7135
1.78	18.1507
1.781	15.504
1.782	12.9094
1.783	10.478
1.784	8.29008
1.785	6.39367
1.786	4.80676
1.787	3.52261
1.788	2.51645
1.789	1.75235
1.79	1.1895
1.791	0.787078
1.792	0.50767
1.793	0.319195
1.794	0.195632
1.795	0.116879
1.796	0.0680675
1.797	0.0386416
1.798	0.0213836
1.799	0.011535
1.8	0.0060656
1.801	0.00310937
1.802	0.0015543
1.803	0.000758649
1.804	0.000363827
1.805	0.000176367
1.806	9.66814e-05
1.807	7.83421e-05
1.808	0.000106821
1.809	0.000190866
1.81	0.000362903
1.811	0.000687204
1.812	0.00127626
1.813	0.00231701
1.814	0.0041091
1.815	0.00711762
1.816	0.0120415
1.817	0.0198965
1.818	0.0321092
1.819	0.0506097
1.82	0.0779096
1.821	0.117139
1.822	0.172014
1.823	0.246707
1.824	0.345581
1.825	0.472795
1.826	0.631754
1.827	0.824473
1.828	1.05089
1.829	1.30825
1.83	1.59067
1.831	1.88894
1.832	2.19085
1.833	2.48175
1.834	2.74573
1.835	2.96695
1.836	3.13123
1.837	3.22755
1.838	3.24926
1.839	3.19483
1.84	3.06807
1.841	2.87763
1.842	2.63607
1.843	2.35849
1.844	2.06093
1.845	1.75891
1.846	1.46615
1.847	1.19362
1.848	0.949091
1.849	0.737058
1.85	0.559047
1.851	0.414141
1.852	0.299641
1.853	0.211742
1.854	0.146139
1.855	0.0985095
1.856	0.0648554
1.857	0.0417039
1.858	0.0261937
1.859	0.0160738
1.86	0.00964649
1.861	0.00568392
1.862	0.00333803
1.863	0.00206195
1.864	0.00155438
1.865	0.00173862
1.866	0.00279078
1.867	0.0052397
1.868	0.0101747
1.869	0.0196177
1.87	0.0371435
1.871	0.0688643
1.872	0.124932
1.873	0.221741
1.874	0.385027
1.875	0.654037
1.876	1.08687
1.877	1.76694
1.878	2.81016
1.879	4.37226
1.88	6.65497
1.881	9.9095
1.882	14.4352
1.883	20.5712
1.884	28.679
1.885	39.114
1.886	52.1874
1.887	68.1186
1.888	86.9824
1.889	108.658
1.89	132.788
1.891	158.753
1.892	185.673
1.893	212.444
1.894	237.795
1.895	260.392
1.896	278.945
1.897	292.331
1.898	299.707
1.899	300.597
1.9	294.943
1.901	283.112
1.902	265.854
1.903	244.227
1.904	219.487
1.905	192.971
1.906	165.973
1.907	139.653
1.908	114.956
1.909	92.5709
1.91	72.9264
1.911	56.2031
1.912	42.3742
1.913	31.2542
1.914	22.5518
1.915	15.9192
1.916	10.9932
1.917	7.42667
1.918	4.90828
1.919	3.17344
1.92	2.00723
1.921	1.24202
1.922	0.751844
1.923	0.445237
1.924	0.257941
1.925	0.146189
1.926	0.0810544
1.927	0.0439646
1.928	0.0233289
1.929	0.0121102
1.93	0.00615001
1.931	0.00305538
1.932	0.00148498
1.933	0.000706057
1.934	0.000328417
1.935	0.000149444
1.936	6.65266e-05
1.937	2.8972e-05
1.938	1.23432e-05
1.939	5.14448e-06
1.94	2.09759e-06
1.941	8.36694e-07
1.942	3.26496e-07
1.943	1.24639e-07
1.944	4.65477e-08
1.945	1.70062e-08
1.946	6.07831e-09
1.947	2.12541e-09
1.948	7.27339e-10
1.949	2.44368e-10
1.95	8.29504e-11
1.951	3.53292e-11
1.952	3.65813e-11
1.953	8.40479e-11
1.954	2.29119e-10
1.955	6.27073e-10
1.956	1.68736e-09
1.957	4.45384e-09
1.958	1.15291e-08
1.959	2.92668e-08
1.96	7.28581e-08
1.961	1.77869e-07
1.962	4.25838e-07
1.963	9.99794e-07
1.964	2.30197e-06
1.965	5.1977e-06
1.966	1.15093e-05
1.967	2.49925e-05
1.968	5.3223e-05
1.969	0.000111152
1.97	0.000227649
1.971	0.000457245
1.972	0.000900675
1.973	0.00173991
1.974	0.00329633
1.975	0.0061247
1.976	0.0111608
1.977	0.0199466
1.978	0.0349634
1.979	0.0601097
1.98	0.101361
1.981	0.167653
1.982	0.272009
1.983	0.432922
1.984	0.675954
1.985	1.03547
1.986	1.55638
1.987	2.29556
1.988	3.3229
1.989	4.72135
1.99	6.58585
1.991	9.02081
1.992	12.1359
1.993	16.0406
1.994	20.8367
1.995	26.6111
1.996	33.4282
1.997	41.3225
1.998	50.2942
1.999	60.3056
2	71.2814
2.001	83.1101
2.002	95.6469
2.003	108.718
2.004	122.124
2.005	135.639
2.006	149.014
2.007	161.975
2.008	174.22
2.009	185.422
2.01	195.233
2.011	203.298
2.012	209.27
2.013	212.833
2.014	213.733
2.015	211.801
2.016	206.983
2.017	199.352
2.018	189.118
2.019	176.619
2.02	162.299
2.021	146.685
2.022	130.339
2.023	113.829
2.024	97.6812
2.025	82.3538
2.026	68.2132
2.027	55.5234
2.028	44.446
2.029	35.0509
2.03	27.3344
2.031	21.2422
2.032	16.6949
2.033	13.6131
2.034	11.9395
2.035	11.6577
2.036	12.8048
2.037	15.4787
2.038	19.8375
2.039	26.0923
2.04	34.4918
2.041	45.2997
2.042	58.7649
2.043	75.0863
2.044	94.3747
2.045	116.615
2.046	141.632
2.047	169.066
2.048	198.362
2.049	228.771
2.05	259.377
2.051	289.137
2.052	316.939
2.053	341.672
2.054	362.3
2.055	377.936
2.056	387.906
2.057	391.797
2.058	389.482
2.059	381.127
2.06	367.173
2.061	348.296
2.062	325.354
2.063	299.323
2.064	271.232
2.065	242.096
2.066	212.865
2.067	184.376
2.068	157.323
2.069	132.239
2.07	109.497
2.071	89.3092
2.072	71.7517
2.073	56.7823
2.074	44.2674
2.075	34.0091
2.076	25.7704
2.077	19.2981
2.078	14.3424
2.079	10.672
2.08	8.08537
2.081	6.41819
2.082	5.54704
2.083	5.39036
2.084	5.90658
2.085	7.08986
2.086	8.96369
2.087	11.5724
2.088	14.9708
2.089	19.2123
2.09	24.3356
2.091	30.3516
2.092	37.2302
2.093	44.8902
2.094	53.1914
2.095	61.9325
2.096	70.8542
2.097	79.6494
2.098	87.9791
2.099	95.4942
2.1	101.86
2.101	106.785
2.102	110.043
2.103	111.495
2.104	111.109
2.105	108.959
2.106	105.229
2.107	100.203
2.108	94.244
2.109	87.7762
2.11	81.2582
2.111	75.1574
2.112	69.9253
2.113	65.9756
2.114	63.6648
2.115	63.2757
2.116	65.0042
2.117	68.9485
2.118	75.1004
2.119	83.3395
2.12	93.4309
2.121	105.028
2.122	117.68
2.123	130.851
2.124	143.939
2.125	156.308
2.126	167.329
2.127	176.414
2.128	183.06
2.129	186.884
2.13	187.647
2.131	185.278
2.132	179.872
2.133	171.683
2.134	161.097
2.135	148.606
2.136	134.766
2.137	120.151
2.138	105.324
2.139	90.7938
2.14	76.9935
2.141	64.2645
2.142	52.8496
2.143	42.8952
2.144	34.4612
2.145	27.535
2.146	22.0477
2.147	17.8914
2.148	14.9339
2.149	13.0316
2.15	12.0388
2.151	11.8141
2.152	12.224
2.153	13.1445
2.154	14.4619
2.155	16.0724
2.156	17.8834
2.157	19.8147
2.158	21.8006
2.159	23.7934
2.16	25.7675
2.161	27.723
2.162	29.69
2.163	31.731
2.164	33.9426
2.165	36.4555
2.166	39.4331
2.167	43.0678
2.168	47.5764
2.169	53.1936
2.17	60.1639
2.171	68.7318
2.172	79.1306
2.173	91.5684
2.174	106.212
2.175	123.168
2.176	142.465
2.177	164.033
2.178	187.686
2.179	213.108
2.18	239.849
2.181	267.327
2.182	294.847
2.183	321.627
2.184	346.841
2.185	369.672
2.186	389.364
2.187	405.283
2.188	416.966
2.189	424.154
2.19	426.818
2.191	425.152
2.192	419.555
2.193	410.584
2.194	398.899
2.195	385.2
2.196	370.165
2.197	354.385
2.198	338.331
2.199	322.325
2.2	306.537
2.201	290.999
2.202	275.639
2.203	260.313
2.204	244.86
2.205	229.135
2.206	213.047
2.207	196.583
2.208	179.816
2.209	162.904
2.21	146.08
2.211	129.625
2.212	113.851
2.213	99.0676
2.214	85.5665
2.215	73.5983
2.216	63.3616
2.217	54.9958
2.218	48.5793
2.219	44.1315
2.22	41.6176
2.221	40.9538
2.222	42.0131
2.223	44.6301
2.224	48.6056
2.225	53.7093
2.226	59.6845
2.227	66.2514
2.228	73.1137
2.229	79.9653
2.23	86.5005
2.231	92.4249
2.232	97.4679
2.233	101.395
2.234	104.021
2.235	105.217
2.236	104.92
2.237	103.134
2.238	99.929
2.239	95.4348
2.24	89.8325
2.241	83.3406
2.242	76.2015
2.243	68.666
2.244	60.9787
2.245	53.3654
2.246	46.0229
2.247	39.112
2.248	32.7535
2.249	27.0279
2.25	21.9777
2.251	17.6117
2.252	13.9109
2.253	10.8359
2.254	8.3331
2.255	6.34234
2.256	4.80269
2.257	3.65814
2.258	2.86235
2.259	2.38289
2.26	2.20486
2.261	2.33435
2.262	2.80165
2.263	3.66442
2.264	5.01058
2.265	6.9608
2.266	9.67004
2.267	13.3276
2.268	18.1552
2.269	24.4014
2.27	32.3332
2.271	42.223
2.272	54.3312
2.273	68.8844
2.274	86.0516
2.275	105.917
2.276	128.457
2.277	153.513
2.278	180.784
2.279	209.811
2.28	239.994
2.281	270.602
2.282	300.814
2.283	329.761
2.284	356.59
2.285	380.519
2.286	400.909
2.287	417.313
2.288	429.527
2.289	437.615
2.29	441.913
2.291	443.013
2.292	441.717
2.293	438.978
2.294	435.819
2.295	433.249
2.296	432.174
2.297	433.323
2.298	437.181
2.299	443.947
2.3	453.522
2.301	465.513
2.302	479.27
2.303	493.939
2.304	508.534
2.305	522.012
2.306	533.357
2.307	541.645
2.308	546.109
2.309	546.183
2.31	541.527
2.311	532.033
2.312	517.815
2.313	499.188
2.314	476.629
2.315	450.741
2.316	422.211
2.317	391.771
2.318	360.157
2.319	328.091
2.32	296.246
2.321	265.239
2.322	235.616
2.323	207.847
2.324	182.323
2.325	159.355
2.326	139.177
2.327	121.946
2.328	107.747
2.329	96.5913
2.33	88.4209
2.331	83.1112
2.332	80.4735
2.333	80.2587
2.334	82.1624
2.335	85.8315
2.336	90.8733
2.337	96.8666
2.338	103.376
2.339	109.965
2.34	116.22
2.341	121.763
2.342	126.27
2.343	129.494
2.344	131.277
2.345	131.558
2.346	130.387
2.347	127.923
2.348	124.43
2.349	120.277
2.35	115.918
2.351	111.883
2.352	108.76
2.353	107.171
2.354	107.753
2.355	111.135
2.356	117.909
2.357	128.607
2.358	143.668
2.359	163.411
2.36	188.005
2.361	217.439
2.362	251.498
2.363	289.747
2.364	331.519
2.365	375.92
2.366	421.851
2.367	468.033
2.368	513.065
2.369	555.48
2.37	593.825
2.371	626.731
2.372	653.002
2.373	671.676
2.374	682.09
2.375	683.919
2.376	677.194
2.377	662.293
2.378	639.914
2.379	611.026
2.38	576.799
2.381	538.528
2.382	497.557
2.383	455.198
2.384	412.665
2.385	371.026
2.386	331.162
2.387	293.754
2.388	259.282
2.389	228.044
2.39	200.185
2.391	175.732
2.392	154.642
2.393	136.841
2.394	122.266
2.395	110.904
2.396	102.816
2.397	98.1601
2.398	97.2045
2.399	100.327
2.4	108.01
2.401	120.82
2.402	139.382
2.403	164.344
2.404	196.326
2.405	235.873
2.406	283.389
2.407	339.082
2.408	402.9
2.409	474.477
2.41	553.099
2.411	637.674
2.412	726.733
2.413	818.458
2.414	910.731
2.415	1001.21
2.416	1087.45
2.417	1166.99
2.418	1237.5
2.419	1296.9
2.42	1343.5
2.421	1376.03
2.422	1393.79
2.423	1396.61
2.424	1384.88
2.425	1359.5
2.426	1321.81
2.427	1273.51
2.428	1216.56
2.429	1153.02
2.43	1085.01
2.431	1014.58
2.432	943.636
2.433	873.891
2.434	806.809
2.435	743.596
2.436	685.192
2.437	632.271
2.438	585.256
2.439	544.332
2.44	509.467
2.441	480.432
2.442	456.817
2.443	438.06
2.444	423.471
2.445	412.262
2.446	403.582
2.447	396.556
2.448	390.329
2.449	384.104
2.45	377.189
2.451	369.031
2.452	359.243
2.453	347.629
2.454	334.191
2.455	319.127
2.456	302.818
2.457	285.805
2.458	268.758
2.459	252.437
2.46	237.652
2.461	225.221
2.462	215.926
2.463	210.477
2.464	209.468
2.465	213.353
2.466	222.41
2.467	236.724
2.468	256.168
2.469	280.397
2.47	308.844
2.471	340.733
2.472	375.096
2.473	410.805
2.474	446.613
2.475	481.205
2.476	513.254
2.477	541.487
2.478	564.746
2.479	582.047
2.48	592.634
2.481	596.018
2.482	592
2.483	580.678
2.484	562.439
2.485	537.928
2.486	508.008
2.487	473.702
2.488	436.138
2.489	396.481
2.49	355.875
2.491	315.39
2.492	275.976
2.493	238.435
2.494	203.395
2.495	171.311
2.496	142.463
2.497	116.974
2.498	94.8314
2.499	75.9084
2.5	59.9939
2.501	46.8178
2.502	36.076
2.503	27.4513
2.504	20.6311
2.505	15.3195
2.506	11.2476
2.507	8.17781
2.508	5.90709
2.509	4.26672
2.51	3.1209
2.511	2.36427
2.512	1.91876
2.513	1.73045
2.514	1.76639
2.515	2.01175
2.516	2.46721
2.517	3.14663
2.518	4.07481
2.519	5.28532
2.52	6.81822
2.521	8.71742
2.522	11.0278
2.523	13.792
2.524	17.0466
2.525	20.8178
2.526	25.1182
2.527	29.9418
2.528	35.261
2.529	41.0239
2.53	47.1522
2.531	53.5412
2.532	60.0616
2.533	66.5621
2.534	72.8752
2.535	78.8233
2.536	84.2273
2.537	88.915
2.538	92.7306
2.539	95.5428
2.54	97.2529
2.541	97.8002
2.542	97.1661
2.543	95.3747
2.544	92.492
2.545	88.6217
2.546	83.8989
2.547	78.4831
2.548	72.549
2.549	66.2772
2.55	59.8458
2.551	53.4221
2.552	47.156
2.553	41.1751
2.554	35.581
2.555	30.4487
2.556	25.8262
2.557	21.7367
2.558	18.1812
2.559	15.1423
2.56	12.588
2.561	10.4761
2.562	8.75821
2.563	7.38294
2.564	6.29949
2.565	5.45991
2.566	4.82114
2.567	4.34639
2.568	4.00609
2.569	3.7784
2.57	3.64942
2.571	3.61318
2.572	3.67154
2.573	3.83401
2.574	4.11757
2.575	4.54663
2.576	5.153
2.577	5.97613
2.578	7.0633
2.579	8.47006
2.58	10.2606
2.581	12.5084
2.582	15.296
2.583	18.7154
2.584	22.8673
2.585	27.8602
2.586	33.8079
2.587	40.8266
2.588	49.0304
2.589	58.5258
2.59	69.4046
2.591	81.736
2.592	95.5576
2.593	110.867
2.594	127.611
2.595	145.681
2.596	164.908
2.597	185.054
2.598	205.821
2.599	226.851
2.6	247.74
2.601	268.049
2.602	287.326
2.603	305.13
2.604	321.054
2.605	334.754
2.606	345.974
2.607	354.573
2.608	360.545
2.609	364.037
2.61	365.356
2.611	364.977
2.612	363.538
2.613	361.829
2.614	360.771
2.615	361.399
2.616	364.82
2.617	372.185
2.618	384.643
2.619	403.294
2.62	429.14
2.621	463.033
2.622	505.621
2.623	557.297
2.624	618.149
2.625	687.921
2.626	765.975
2.627	851.282
2.628	942.409
2.629	1037.55
2.63	1134.54
2.631	1230.97
2.632	1324.19
2.633	1411.5
2.634	1490.2
2.635	1557.72
2.636	1611.79
2.637	1650.51
2.638	1672.44
2.639	1676.73
2.64	1663.12
2.641	1631.96
2.642	1584.2
2.643	1521.32
2.644	1445.29
2.645	1358.41
2.646	1263.23
2.647	1162.38
2.648	1058.52
2.649	954.149
2.65	851.559
2.651	752.734
2.652	659.304
2.653	572.519
2.654	493.244
2.655	421.975
2.656	358.873
2.657	303.809
2.658	256.418
2.659	216.156
2.66	182.356
2.661	154.277
2.662	131.156
2.663	112.237
2.664	96.8097
2.665	84.2224
2.666	73.9009
2.667	65.3528
2.668	58.1685
2.669	52.0183
2.67	46.6449
2.671	41.8554
2.672	37.511
2.673	33.5173
2.674	29.8143
2.675	26.3677
2.676	23.1608
2.677	20.1882
2.678	17.4505
2.679	14.9502
2.68	12.6891
2.681	10.6662
2.682	8.87697
2.683	7.31317
2.684	5.96291
2.685	4.81132
2.686	3.84127
2.687	3.03427
2.688	2.3712
2.689	1.83313
2.69	1.40188
2.691	1.06047
2.692	0.7935
2.693	0.587284
2.694	0.429933
2.695	0.311329
2.696	0.223024
2.697	0.158094
2.698	0.110968
2.699	0.0772427
2.7	0.0535076
2.701	0.0371759
2.702	0.0263409
2.703	0.019653
2.704	0.0162235
2.705	0.0155542
2.706	0.0174922
2.707	0.0222123
2.708	0.0302231
2.709	0.0424002
2.71	0.0600462
2.711	0.0849795
2.712	0.119656
2.713	0.167326
2.714	0.232234
2.715	0.319868
2.716	0.437264
2.717	0.593382
2.718	0.799561
2.719	1.07006
2.72	1.42271
2.721	1.87969
2.722	2.46838
2.723	3.22238
2.724	4.18263
2.725	5.39857
2.726	6.92936
2.727	8.845
2.728	11.2274
2.729	14.1709
2.73	17.7826
2.731	22.1821
2.732	27.4995
2.733	33.8738
2.734	41.4483
2.735	50.3662
2.736	60.7632
2.737	72.7602
2.738	86.4532
2.739	101.904
2.74	119.127
2.741	138.085
2.742	158.671
2.743	180.71
2.744	203.946
2.745	228.048
2.746	252.61
2.747	277.158
2.748	301.165
2.749	324.068
2.75	345.287
2.751	364.249
2.752	380.416
2.753	393.308
2.754	402.527
2.755	407.777
2.756	408.882
2.757	405.792
2.758	398.589
2.759	387.48
2.76	372.791
2.761	354.949
2.762	334.459
2.763	311.882
2.764	287.811
2.765	262.843
2.766	237.553
2.767	212.478
2.768	188.098
2.769	164.82
2.77	142.977
2.771	122.821
2.772	104.525
2.773	88.1914
2.774	73.8574
2.775	61.5069
2.776	51.0812
2.777	42.4911
2.778	35.6271
2.779	30.3695
2.78	26.5957
2.781	24.1872
2.782	23.0324
2.783	23.0298
2.784	24.0876
2.785	26.1226
2.786	29.0582
2.787	32.8213
2.788	37.339
2.789	42.5351
2.79	48.3279
2.791	54.6282
2.792	61.3388
2.793	68.3549
2.794	75.5664
2.795	82.8617
2.796	90.1321
2.797	97.2781
2.798	104.216
2.799	110.883
2.8	117.248
2.801	123.312
2.802	129.115
2.803	134.74
2.804	140.31
2.805	145.99
2.806	151.979
2.807	158.505
2.808	165.816
2.809	174.166
2.81	183.807
2.811	194.973
2.812	207.865
2.813	222.643
2.814	239.407
2.815	258.193
2.816	278.961
2.817	301.595
2.818	325.894
2.819	351.581
2.82	378.306
2.821	405.656
2.822	433.166
2.823	460.34
2.824	486.664
2.825	511.633
2.826	534.769
2.827	555.644
2.828	573.899
2.829	589.266
2.83	601.578
2.831	610.782
2.832	616.94
2.833	620.23
2.834	620.935
2.835	619.433
2.836	616.172
2.837	611.651
2.838	606.387
2.839	600.895
2.84	595.651
2.841	591.073
2.842	587.494
2.843	585.149
2.844	584.158
2.845	584.53
2.846	586.158
2.847	588.834
2.848	592.263
2.849	596.084
2.85	599.897
2.851	603.285
2.852	605.847
2.853	607.222
2.854	607.115
2.855	605.314
2.856	601.705
2.857	596.285
2.858	589.158
2.859	580.534
2.86	570.718
2.861	560.092
2.862	549.093
2.863	538.187
2.864	527.843
2.865	518.503
2.866	510.553
2.867	504.301
2.868	499.955
2.869	497.607
2.87	497.225
2.871	498.654
2.872	501.616
2.873	505.733
2.874	510.536
2.875	515.499
2.876	520.063
2.877	523.67
2.878	525.793
2.879	525.967
2.88	523.814
2.881	519.066
2.882	511.579
2.883	501.344
2.884	488.483
2.885	473.249
2.886	456.008
2.887	437.225
2.888	417.439
2.889	397.238
2.89	377.23
2.891	358.023
2.892	340.192
2.893	324.262
2.894	310.687
2.895	299.836
2.896	291.982
2.897	287.301
2.898	285.865
2.899	287.65
2.9	292.541
2.901	300.341
2.902	310.782
2.903	323.542
2.904	338.25
2.905	354.507
2.906	371.898
2.907	390.001
2.908	408.399
2.909	426.694
2.91	444.512
2.911	461.508
2.912	477.377
2.913	491.856
2.914	504.723
2.915	515.803
2.916	524.966
2.917	532.121
2.918	537.222
2.919	540.255
2.92	541.237
2.921	540.212
2.922	537.242
2.923	532.4
2.924	525.771
2.925	517.442
2.926	507.499
2.927	496.029
2.928	483.115
2.929	468.842
2.93	453.296
2.931	436.569
2.932	418.765
2.933	400.002
2.934	380.42
2.935	360.18
2.936	339.474
2.937	318.518
2.938	297.56
2.939	276.87
2.94	256.744
2.941	237.496
2.942	219.452
2.943	202.948
2.944	188.32
2.945	175.899
2.946	166.007
2.947	158.95
2.948	155.017
2.949	154.473
2.95	157.556
2.951	164.477
2.952	175.411
2.953	190.499
2.954	209.842
2.955	233.495
2.956	261.461
2.957	293.686
2.958	330.05
2.959	370.361
2.96	414.347
2.961	461.647
2.962	511.808
2.963	564.28
2.964	618.415
2.965	673.47
2.966	728.617
2.967	782.948
2.968	835.5
2.969	885.271
2.97	931.246
2.971	972.431
2.972	1007.88
2.973	1036.74
2.974	1058.25
2.975	1071.84
2.976	1077.07
2.977	1073.73
2.978	1061.79
2.979	1041.44
2.98	1013.11
2.981	977.369
2.982	935.011
2.983	886.952
2.984	834.223
2.985	777.932
2.986	719.219
2.987	659.218
2.988	599.023
2.989	539.653
2.99	482.025
2.991	426.937
2.992	375.051
2.993	326.892
2.994	282.846
2.995	243.165
2.996	207.984
2.997	177.333
2.998	151.155
2.999	129.324
3	111.662
3.001	97.9569
3.002	87.9774
3.003	81.482
3.004	78.2301
3.005	77.9864
3.006	80.5246
3.007	85.6277
3.008	93.0872
3.009	102.7
3.01	114.268
3.011	127.589
3.012	142.462
3.013	158.68
3.014	176.032
3.015	194.302
3.016	213.274
3.017	232.732
3.018	252.466
3.019	272.275
3.02	291.972
3.021	311.385
3.022	330.363
3.023	348.774
3.024	366.502
3.025	383.452
3.026	399.536
3.027	414.677
3.028	428.796
3.029	441.813
3.03	453.637
3.031	464.162
3.032	473.269
3.033	480.823
3.034	486.675
3.035	490.668
3.036	492.647
3.037	492.462
3.038	489.983
3.039	485.106
3.04	477.768
3.041	467.951
3.042	455.692
3.043	441.083
3.044	424.279
3.045	405.487
3.046	384.971
3.047	363.036
3.048	340.022
3.049	316.294
3.05	292.225
3.051	268.187
3.052	244.537
3.053	221.606
3.054	199.689
3.055	179.041
3.056	159.866
3.057	142.32
3.058	126.507
3.059	112.482
3.06	100.254
3.061	89.7944
3.062	81.0385
3.063	73.8967
3.064	68.2603
3.065	64.0098
3.066	61.0224
3.067	59.1785
3.068	58.3681
3.069	58.4954
3.07	59.4827
3.071	61.2728
3.072	63.8302
3.073	67.1404
3.074	71.2083
3.075	76.0553
3.076	81.7147
3.077	88.2273
3.078	95.635
3.079	103.975
3.08	113.275
3.081	123.546
3.082	134.778
3.083	146.938
3.084	159.968
3.085	173.783
3.086	188.277
3.087	203.323
3.088	218.78
3.089	234.503
3.09	250.347
3.091	266.18
3.092	281.887
3.093	297.383
3.094	312.617
3.095	327.573
3.096	342.276
3.097	356.787
3.098	371.201
3.099	385.634
3.1	400.216
3.101	415.076
3.102	430.326
3.103	446.05
3.104	462.288
3.105	479.022
3.106	496.169
3.107	513.576
3.108	531.018
3.109	548.202
3.11	564.777
3.111	580.346
3.112	594.484
3.113	606.755
3.114	616.739
3.115	624.047
3.116	628.345
3.117	629.373
3.118	626.955
3.119	621.01
3.12	611.559
3.121	598.721
3.122	582.708
3.123	563.815
3.124	542.406
3.125	518.894
3.126	493.726
3.127	467.359
3.128	440.247
3.129	412.82
3.13	385.472
3.131	358.549
3.132	332.343
3.133	307.088
3.134	282.956
3.135	260.067
3.136	238.489
3.137	218.244
3.138	199.321
3.139	181.68
3.14	165.265
3.141	150.005
3.142	135.827
3.143	122.658
3.144	110.431
3.145	99.084
3.146	88.5644
3.147	78.8277
3.148	69.837
3.149	61.5614
3.15	53.9747
3.151	47.0535
3.152	40.7759
3.153	35.1196
3.154	30.0615
3.155	25.5771
3.156	21.6405
3.157	18.2244
3.158	15.3013
3.159	12.8445
3.16	10.8287
3.161	9.23241
3.162	8.03835
3.163	7.23554
3.164	6.8204
3.165	6.79803
3.166	7.18327
3.167	8.00167
3.168	9.29009
3.169	11.0972
3.17	13.4838
3.171	16.5227
3.172	20.2985
3.173	24.9075
3.174	30.4567
3.175	37.0642
3.176	44.8576
3.177	53.975
3.178	64.5641
3.179	76.7837
3.18	90.804
3.181	106.809
3.182	124.999
3.183	145.592
3.184	168.83
3.185	194.98
3.186	224.339
3.187	257.233
3.188	294.022
3.189	335.095
3.19	380.865
3.191	431.764
3.192	488.225
3.193	550.668
3.194	619.475
3.195	694.964
3.196	777.357
3.197	866.749
3.198	963.07
3.199	1066.05
3.2	1175.2
3.201	1289.76
3.202	1408.74
3.203	1530.83
3.204	1654.49
3.205	1777.93
3.206	1899.14
3.207	2015.97
3.208	2126.17
3.209	2227.46
3.21	2317.63
3.211	2394.61
3.212	2456.57
3.213	2501.94
3.214	2529.57
3.215	2538.7
3.216	2529.04
3.217	2500.75
3.218	2454.5
3.219	2391.36
3.22	2312.82
3.221	2220.73
3.222	2117.17
3.223	2004.42
3.224	1884.88
3.225	1760.94
3.226	1634.94
3.227	1509.07
3.228	1385.33
3.229	1265.49
3.23	1151
3.231	1043.06
3.232	942.533
3.233	850.013
3.234	765.812
3.235	690.003
3.236	622.448
3.237	562.841
3.238	510.741
3.239	465.618
3.24	426.884
3.241	393.926
3.242	366.133
3.243	342.918
3.244	323.736
3.245	308.092
3.246	295.548
3.247	285.725
3.248	278.3
3.249	273.003
3.25	269.606
3.251	267.918
3.252	267.776
3.253	269.033
3.254	271.555
3.255	275.21
3.256	279.864
3.257	285.38
3.258	291.615
3.259	298.419
3.26	305.64
3.261	313.122
3.262	320.716
3.263	328.277
3.264	335.673
3.265	342.785
3.266	349.513
3.267	355.775
3.268	361.505
3.269	366.657
3.27	371.198
3.271	375.105
3.272	378.359
3.273	380.946
3.274	382.846
3.275	384.032
3.276	384.468
3.277	384.107
3.278	382.891
3.279	380.753
3.28	377.624
3.281	373.431
3.282	368.108
3.283	361.602
3.284	353.878
3.285	344.923
3.286	334.755
3.287	323.423
3.288	311.009
3.289	297.628
3.29	283.427
3.291	268.582
3.292	253.289
3.293	237.761
3.294	222.221
3.295	206.894
3.296	192
3.297	177.747
3.298	164.327
3.299	151.909
3.3	140.638
3.301	130.633
3.302	121.983
3.303	114.749
3.304	108.968
3.305	104.65
3.306	101.783
3.307	100.335
3.308	100.256
3.309	101.482
3.31	103.937
3.311	107.532
3.312	112.172
3.313	117.752
3.314	124.16
3.315	131.28
3.316	138.989
3.317	147.159
3.318	155.659
3.319	164.353
3.32	173.106
3.321	181.778
3.322	190.235
3.323	198.343
3.324	205.976
3.325	213.017
3.326	219.36
3.327	224.917
3.328	229.616
3.329	233.407
3.33	236.265
3.331	238.19
3.332	239.206
3.333	239.367
3.334	238.748
3.335	237.448
3.336	235.587
3.337	233.296
3.338	230.719
3.339	228.001
3.34	225.286
3.341	222.71
3.342	220.391
3.343	218.429
3.344	216.899
3.345	215.845
3.346	215.282
3.347	215.192
3.348	215.526
3.349	216.205
3.35	217.125
3.351	218.159
3.352	219.167
3.353	219.998
3.354	220.499
3.355	220.524
3.356	219.935
3.357	218.616
3.358	216.472
3.359	213.434
3.36	209.468
3.361	204.568
3.362	198.762
3.363	192.111
3.364	184.701
3.365	176.646
3.366	168.079
3.367	159.149
3.368	150.012
3.369	140.829
3.37	131.757
3.371	122.944
3.372	114.528
3.373	106.626
3.374	99.335
3.375	92.7307
3.376	86.8636
3.377	81.7604
3.378	77.4244
3.379	73.8375
3.38	70.9624
3.381	68.7456
3.382	67.1211
3.383	66.0138
3.384	65.3435
3.385	65.0282
3.386	64.9881
3.387	65.1479
3.388	65.4399
3.389	65.8058
3.39	66.1983
3.391	66.5817
3.392	66.9326
3.393	67.2391
3.394	67.5004
3.395	67.7254
3.396	67.9315
3.397	68.1425
3.398	68.387
3.399	68.6965
3.4	69.1033
3.401	69.6389
3.402	70.3326
3.403	71.21
3.404	72.2922
3.405	73.5949
3.406	75.1284
3.407	76.8977
3.408	78.9028
3.409	81.14
3.41	83.6025
3.411	86.2832
3.412	89.1754
3.413	92.2761
3.414	95.5879
3.415	99.1219
3.416	102.9
3.417	106.957
3.418	111.344
3.419	116.128
3.42	121.395
3.421	127.25
3.422	133.813
3.423	141.222
3.424	149.628
3.425	159.19
3.426	170.07
3.427	182.427
3.428	196.41
3.429	212.149
3.43	229.746
3.431	249.27
3.432	270.741
3.433	294.132
3.434	319.354
3.435	346.259
3.436	374.631
3.437	404.191
3.438	434.597
3.439	465.452
3.44	496.31
3.441	526.687
3.442	556.077
3.443	583.968
3.444	609.855
3.445	633.259
3.446	653.748
3.447	670.949
3.448	684.567
3.449	694.394
3.45	700.325
3.451	702.359
3.452	700.603
3.453	695.274
3.454	686.695
3.455	675.283
3.456	661.54
3.457	646.04
3.458	629.412
3.459	612.322
3.46	595.456
3.461	579.499
3.462	565.117
3.463	552.94
3.464	543.546
3.465	537.442
3.466	535.056
3.467	536.72
3.468	542.662
3.469	553.003
3.47	567.743
3.471	586.766
3.472	609.836
3.473	636.601
3.474	666.594
3.475	699.247
3.476	733.898
3.477	769.806
3.478	806.169
3.479	842.142
3.48	876.861
3.481	909.462
3.482	939.113
3.483	965.032
3.484	986.513
3.485	1002.95
3.486	1013.85
3.487	1018.85
3.488	1017.75
3.489	1010.48
3.49	997.122
3.491	977.906
3.492	953.197
3.493	923.481
3.494	889.344
3.495	851.451
3.496	810.524
3.497	767.315
3.498	722.581
3.499	677.066
3.5	631.474
3.501	586.453
3.502	542.582
3.503	500.361
3.504	460.199
3.505	422.417
3.506	387.247
3.507	354.831
3.508	325.234
3.509	298.447
3.51	274.399
3.511	252.965
3.512	233.98
3.513	217.245
3.514	202.543
3.515	189.642
3.516	178.308
3.517	168.311
3.518	159.431
3.519	151.464
3.52	144.225
3.521	137.552
3.522	131.311
3.523	125.393
3.524	119.716
3.525	114.229
3.526	108.907
3.527	103.752
3.528	98.7924
3.529	94.0818
3.53	89.6953
3.531	85.7297
3.532	82.3007
3.533	79.5411
3.534	77.5987
3.535	76.6341
3.536	76.8183
3.537	78.3303
3.538	81.3541
3.539	86.0756
3.54	92.6786
3.541	101.341
3.542	112.23
3.543	125.496
3.544	141.268
3.545	159.643
3.546	180.686
3.547	204.416
3.548	230.803
3.549	259.762
3.55	291.143
3.551	324.734
3.552	360.252
3.553	397.344
3.554	435.591
3.555	474.511
3.556	513.567
3.557	552.175
3.558	589.719
3.559	625.565
3.56	659.076
3.561	689.633
3.562	716.649
3.563	739.591
3.564	757.996
3.565	771.487
3.566	779.783
3.567	782.712
3.568	780.215
3.569	772.349
3.57	759.285
3.571	741.301
3.572	718.776
3.573	692.172
3.574	662.023
3.575	628.914
3.576	593.467
3.577	556.318
3.578	518.102
3.579	479.434
3.58	440.894
3.581	403.014
3.582	366.269
3.583	331.068
3.584	297.752
3.585	266.587
3.586	237.769
3.587	211.426
3.588	187.622
3.589	166.363
3.59	147.605
3.591	131.261
3.592	117.209
3.593	105.301
3.594	95.3671
3.595	87.2264
3.596	80.6906
3.597	75.5705
3.598	71.6795
3.599	68.8383
3.6	66.8769
3.601	65.6372
3.602	64.9744
3.603	64.7581
3.604	64.8725
3.605	65.217
3.606	65.7055
3.607	66.2665
3.608	66.842
3.609	67.3875
3.61	67.8706
3.611	68.2704
3.612	68.5766
3.613	68.7887
3.614	68.9149
3.615	68.9708
3.616	68.9791
3.617	68.9678
3.618	68.9694
3.619	69.0197
3.62	69.1566
3.621	69.419
3.622	69.8454
3.623	70.473
3.624	71.3368
3.625	72.4684
3.626	73.8961
3.627	75.6438
3.628	77.732
3.629	80.1777
3.63	82.9957
3.631	86.2002
3.632	89.8062
3.633	93.8325
3.634	98.3041
3.635	103.255
3.636	108.733
3.637	114.798
3.638	121.532
3.639	129.036
3.64	137.431
3.641	146.864
3.642	157.504
3.643	169.54
3.644	183.18
3.645	198.647
3.646	216.169
3.647	235.978
3.648	258.297
3.649	283.331
3.65	311.259
3.651	342.221
3.652	376.307
3.653	413.547
3.654	453.905
3.655	497.266
3.656	543.43
3.657	592.114
3.658	642.945
3.659	695.462
3.66	749.125
3.661	803.321
3.662	857.373
3.663	910.556
3.664	962.114
3.665	1011.28
3.666	1057.28
3.667	1099.38
3.668	1136.9
3.669	1169.19
3.67	1195.72
3.671	1216.04
3.672	1229.8
3.673	1236.8
3.674	1236.94
3.675	1230.26
3.676	1216.9
3.677	1197.16
3.678	1171.41
3.679	1140.15
3.68	1103.94
3.681	1063.44
3.682	1019.32
3.683	972.314
3.684	923.163
3.685	872.606
3.686	821.364
3.687	770.125
3.688	719.533
3.689	670.174
3.69	622.569
3.691	577.166
3.692	534.338
3.693	494.38
3.694	457.506
3.695	423.855
3.696	393.492
3.697	366.414
3.698	342.554
3.699	321.79
3.7	303.953
3.701	288.833
3.702	276.188
3.703	265.752
3.704	257.245
3.705	250.377
3.706	244.858
3.707	240.403
3.708	236.739
3.709	233.608
3.71	230.774
3.711	228.024
3.712	225.17
3.713	222.054
3.714	218.547
3.715	214.55
3.716	209.993
3.717	204.834
3.718	199.059
3.719	192.679
3.72	185.73
3.721	178.268
3.722	170.367
3.723	162.117
3.724	153.621
3.725	144.992
3.726	136.352
3.727	127.825
3.728	119.539
3.729	111.621
3.73	104.196
3.731	97.3872
3.732	91.3086
3.733	86.069
3.734	81.7681
3.735	78.496
3.736	76.3315
3.737	75.3416
3.738	75.5798
3.739	77.0854
3.74	79.8821
3.741	83.9773
3.742	89.3605
3.743	96.0025
3.744	103.855
3.745	112.848
3.746	122.892
3.747	133.878
3.748	145.674
3.749	158.132
3.75	171.084
3.751	184.349
3.752	197.733
3.753	211.035
3.754	224.048
3.755	236.567
3.756	248.394
3.757	259.342
3.758	269.239
3.759	277.939
3.76	285.322
3.761	291.298
3.762	295.817
3.763	298.864
3.764	300.467
3.765	300.694
3.766	299.654
3.767	297.495
3.768	294.4
3.769	290.586
3.77	286.294
3.771	281.785
3.772	277.336
3.773	273.227
3.774	269.737
3.775	267.137
3.776	265.677
3.777	265.588
3.778	267.066
3.779	270.275
3.78	275.338
3.781	282.334
3.782	291.301
3.783	302.231
3.784	315.078
3.785	329.752
3.786	346.133
3.787	364.069
3.788	383.39
3.789	403.905
3.79	425.42
3.791	447.737
3.792	470.664
3.793	494.02
3.794	517.643
3.795	541.386
3.796	565.128
3.797	588.768
3.798	612.223
3.799	635.432
3.8	658.344
3.801	680.919
3.802	703.119
3.803	724.902
3.804	746.217
3.805	767
3.806	787.165
3.807	806.608
3.808	825.197
3.809	842.78
3.81	859.182
3.811	874.211
3.812	887.659
3.813	899.317
3.814	908.973
3.815	916.426
3.816	921.494
3.817	924.02
3.818	923.88
3.819	920.993
3.82	915.321
3.821	906.877
3.822	895.722
3.823	881.972
3.824	865.788
3.825	847.38
3.826	826.995
3.827	804.917
3.828	781.454
3.829	756.933
3.83	731.691
3.831	706.067
3.832	680.392
3.833	654.983
3.834	630.136
3.835	606.122
3.836	583.178
3.837	561.51
3.838	541.283
3.839	522.629
3.84	505.639
3.841	490.368
3.842	476.836
3.843	465.03
3.844	454.907
3.845	446.394
3.846	439.395
3.847	433.792
3.848	429.449
3.849	426.213
3.85	423.92
3.851	422.395
3.852	421.457
3.853	420.923
3.854	420.607
3.855	420.328
3.856	419.911
3.857	419.189
3.858	418.01
3.859	416.237
3.86	413.753
3.861	410.463
3.862	406.298
3.863	401.217
3.864	395.204
3.865	388.277
3.866	380.48
3.867	371.885
3.868	362.593
3.869	352.725
3.87	342.424
3.871	331.847
3.872	321.16
3.873	310.537
3.874	300.147
3.875	290.156
3.876	280.717
3.877	271.968
3.878	264.024
3.879	256.979
3.88	250.904
3.881	245.839
3.882	241.805
3.883	238.794
3.884	236.782
3.885	235.727
3.886	235.575
3.887	236.265
3.888	237.738
3.889	239.939
3.89	242.822
3.891	246.359
3.892	250.539
3.893	255.374
3.894	260.899
3.895	267.172
3.896	274.273
3.897	282.298
3.898	291.357
3.899	301.568
3.9	313.048
3.901	325.904
3.902	340.227
3.903	356.084
3.904	373.507
3.905	392.486
3.906	412.965
3.907	434.837
3.908	457.941
3.909	482.059
3.91	506.923
3.911	532.215
3.912	557.572
3.913	582.6
3.914	606.877
3.915	629.971
3.916	651.446
3.917	670.88
3.918	687.873
3.919	702.064
3.92	713.138
3.921	720.837
3.922	724.971
3.923	725.417
3.924	722.127
3.925	715.126
3.926	704.516
3.927	690.463
3.928	673.198
3.929	653.008
3.93	630.225
3.931	605.216
3.932	578.374
3.933	550.106
3.934	520.825
3.935	490.934
3.936	460.824
3.937	430.861
3.938	401.382
3.939	372.69
3.94	345.05
3.941	318.685
3.942	293.778
3.943	270.471
3.944	248.867
3.945	229.033
3.946	210.999
3.947	194.768
3.948	180.315
3.949	167.592
3.95	156.533
3.951	147.056
3.952	139.068
3.953	132.469
3.954	127.151
3.955	123.007
3.956	119.925
3.957	117.797
3.958	116.518
3.959	115.986
3.96	116.104
3.961	116.783
3.962	117.938
3.963	119.495
3.964	121.385
3.965	123.549
3.966	125.938
3.967	128.509
3.968	131.231
3.969	134.082
3.97	137.049
3.971	140.126
3.972	143.319
3.973	146.639
3.974	150.105
3.975	153.742
3.976	157.578
3.977	161.647
3.978	165.983
3.979	170.621
3.98	175.595
3.981	180.938
3.982	186.679
3.983	192.843
3.984	199.453
3.985	206.526
3.986	214.074
3.987	222.109
3.988	230.637
3.989	239.664
3.99	249.194
3.991	259.235
3.992	269.793
3.993	280.878
3.994	292.503
3.995	304.682
3.996	317.433
3.997	330.773
3.998	344.718
3.999	359.277
4	374.456
4.001	390.245
4.002	406.623
4.003	423.547
4.004	440.953
4.005	458.752
4.006	476.825
4.007	495.028
4.008	513.184
4.009	531.093
4.01	548.527
4.011	565.242
4.012	580.975
4.013	595.461
4.014	608.432
4.015	619.632
4.016	628.82
4.017	635.784
4.018	640.348
4.019	642.375
4.02	641.779
4.021	638.524
4.022	632.63
4.023	624.173
4.024	613.281
4.025	600.133
4.026	584.953
4.027	568.004
4.028	549.578
4.029	529.99
4.03	509.566
4.031	488.636
4.032	467.523
4.033	446.535
4.034	425.961
4.035	406.06
4.036	387.059
4.037	369.15
4.038	352.489
4.039	337.192
4.04	323.34
4.041	310.98
4.042	300.128
4.043	290.771
4.044	282.872
4.045	276.376
4.046	271.21
4.047	267.291
4.048	264.525
4.049	262.813
4.05	262.052
4.051	262.139
4.052	262.966
4.053	264.428
4.054	266.418
4.055	268.832
4.056	271.563
4.057	274.507
4.058	277.558
4.059	280.611
4.06	283.563
4.061	286.311
4.062	288.756
4.063	290.802
4.064	292.359
4.065	293.343
4.066	293.679
4.067	293.303
4.068	292.162
4.069	290.219
4.07	287.448
4.071	283.841
4.072	279.407
4.073	274.169
4.074	268.168
4.075	261.459
4.076	254.111
4.077	246.209
4.078	237.845
4.079	229.123
4.08	220.154
4.081	211.052
4.082	201.938
4.083	192.93
4.084	184.148
4.085	175.706
4.086	167.717
4.087	160.287
4.088	153.515
4.089	147.495
4.09	142.311
4.091	138.043
4.092	134.759
4.093	132.524
4.094	131.394
4.095	131.419
4.096	132.644
4.097	135.107
4.098	138.842
4.099	143.875
4.1	150.226
4.101	157.908
4.102	166.927
4.103	177.275
4.104	188.935
4.105	201.875
4.106	216.045
4.107	231.378
4.108	247.785
4.109	265.154
4.11	283.351
4.111	302.217
4.112	321.567
4.113	341.195
4.114	360.873
4.115	380.356
4.116	399.385
4.117	417.693
4.118	435.011
4.119	451.076
4.12	465.635
4.121	478.457
4.122	489.337
4.123	498.105
4.124	504.632
4.125	508.834
4.126	510.679
4.127	510.188
4.128	507.436
4.129	502.554
4.13	495.722
4.131	487.17
4.132	477.171
4.133	466.031
4.134	454.086
4.135	441.688
4.136	429.198
4.137	416.976
4.138	405.368
4.139	394.7
4.14	385.266
4.141	377.322
4.142	371.076
4.143	366.685
4.144	364.249
4.145	363.809
4.146	365.346
4.147	368.783
4.148	373.987
4.149	380.769
4.15	388.898
4.151	398.1
4.152	408.069
4.153	418.477
4.154	428.979
4.155	439.23
4.156	448.884
4.157	457.613
4.158	465.109
4.159	471.097
4.16	475.336
4.161	477.631
4.162	477.829
4.163	475.832
4.164	471.589
4.165	465.102
4.166	456.419
4.167	445.636
4.168	432.892
4.169	418.359
4.17	402.245
4.171	384.777
4.172	366.206
4.173	346.79
4.174	326.794
4.175	306.481
4.176	286.107
4.177	265.916
4.178	246.135
4.179	226.972
4.18	208.612
4.181	191.216
4.182	174.919
4.183	159.831
4.184	146.036
4.185	133.593
4.186	122.541
4.187	112.897
4.188	104.659
4.189	97.8105
4.19	92.3226
4.191	88.1566
4.192	85.2674
4.193	83.6066
4.194	83.126
4.195	83.7805
4.196	85.5309
4.197	88.3473
4.198	92.2112
4.199	97.1184
4.2	103.081
4.201	110.129
4.202	118.312
4.203	127.699
4.204	138.38
4.205	150.463
4.206	164.076
4.207	179.361
4.208	196.474
4.209	215.581
4.21	236.851
4.211	260.45
4.212	286.54
4.213	315.266
4.214	346.753
4.215	381.097
4.216	418.356
4.217	458.546
4.218	501.635
4.219	547.533
4.22	596.09
4.221	647.095
4.222	700.269
4.223	755.27
4.224	811.69
4.225	869.062
4.226	926.864
4.227	984.525
4.228	1041.44
4.229	1096.96
4.23	1150.44
4.231	1201.22
4.232	1248.64
4.233	1292.08
4.234	1330.93
4.235	1364.67
4.236	1392.79
4.237	1414.88
4.238	1430.62
4.239	1439.75
4.24	1442.14
4.241	1437.72
4.242	1426.56
4.243	1408.81
4.244	1384.7
4.245	1354.59
4.246	1318.9
4.247	1278.11
4.248	1232.8
4.249	1183.58
4.25	1131.09
4.251	1076.01
4.252	1019.03
4.253	960.817
4.254	902.049
4.255	843.354
4.256	785.33
4.257	728.52
4.258	673.413
4.259	620.435
4.26	569.942
4.261	522.224
4.262	477.5
4.263	435.921
4.264	397.575
4.265	362.491
4.266	330.643
4.267	301.958
4.268	276.324
4.269	253.597
4.27	233.61
4.271	216.177
4.272	201.104
4.273	188.196
4.274	177.257
4.275	168.101
4.276	160.554
4.277	154.455
4.278	149.659
4.279	146.039
4.28	143.485
4.281	141.902
4.282	141.212
4.283	141.346
4.284	142.249
4.285	143.87
4.286	146.165
4.287	149.091
4.288	152.606
4.289	156.665
4.29	161.219
4.291	166.215
4.292	171.593
4.293	177.291
4.294	183.238
4.295	189.364
4.296	195.594
4.297	201.853
4.298	208.068
4.299	214.171
4.3	220.098
4.301	225.794
4.302	231.212
4.303	236.317
4.304	241.081
4.305	245.491
4.306	249.543
4.307	253.241
4.308	256.599
4.309	259.638
4.31	262.381
4.311	264.855
4.312	267.088
4.313	269.106
4.314	270.93
4.315	272.58
4.316	274.066
4.317	275.396
4.318	276.571
4.319	277.587
4.32	278.435
4.321	279.106
4.322	279.588
4.323	279.875
4.324	279.96
4.325	279.844
4.326	279.535
4.327	279.051
4.328	278.417
4.329	277.672
4.33	276.862
4.331	276.044
4.332	275.284
4.333	274.653
4.334	274.229
4.335	274.092
4.336	274.326
4.337	275.012
4.338	276.231
4.339	278.06
4.34	280.574
4.341	283.844
4.342	287.938
4.343	292.925
4.344	298.871
4.345	305.848
4.346	313.931
4.347	323.204
4.348	333.76
4.349	345.704
4.35	359.154
4.351	374.243
4.352	391.115
4.353	409.928
4.354	430.845
4.355	454.036
4.356	479.668
4.357	507.9
4.358	538.875
4.359	572.713
4.36	609.497
4.361	649.273
4.362	692.031
4.363	737.706
4.364	786.167
4.365	837.215
4.366	890.577
4.367	945.909
4.368	1002.8
4.369	1060.76
4.37	1119.26
4.371	1177.72
4.372	1235.51
4.373	1291.99
4.374	1346.53
4.375	1398.5
4.376	1447.28
4.377	1492.34
4.378	1533.17
4.379	1569.36
4.38	1600.59
4.381	1626.61
4.382	1647.31
4.383	1662.66
4.384	1672.72
4.385	1677.67
4.386	1677.76
4.387	1673.33
4.388	1664.76
4.389	1652.49
4.39	1636.98
4.391	1618.69
4.392	1598.08
4.393	1575.59
4.394	1551.6
4.395	1526.47
4.396	1500.47
4.397	1473.82
4.398	1446.67
4.399	1419.09
4.4	1391.12
4.401	1362.72
4.402	1333.8
4.403	1304.27
4.404	1273.99
4.405	1242.82
4.406	1210.64
4.407	1177.33
4.408	1142.81
4.409	1107.04
4.41	1070
4.411	1031.76
4.412	992.397
4.413	952.066
4.414	910.955
4.415	869.295
4.416	827.352
4.417	785.414
4.418	743.789
4.419	702.793
4.42	662.74
4.421	623.935
4.422	586.669
4.423	551.207
4.424	517.791
4.425	486.632
4.426	457.909
4.427	431.768
4.428	408.327
4.429	387.676
4.43	369.877
4.431	354.976
4.432	342.999
4.433	333.961
4.434	327.872
4.435	324.735
4.436	324.555
4.437	327.339
4.438	333.098
4.439	341.846
4.44	353.601
4.441	368.381
4.442	386.205
4.443	407.082
4.444	431.011
4.445	457.976
4.446	487.932
4.447	520.809
4.448	556.498
4.449	594.845
4.45	635.652
4.451	678.664
4.452	723.574
4.453	770.017
4.454	817.571
4.455	865.762
4.456	914.066
4.457	961.919
4.458	1008.72
4.459	1053.86
4.46	1096.7
4.461	1136.62
4.462	1173.03
4.463	1205.34
4.464	1233.05
4.465	1255.7
4.466	1272.91
4.467	1284.4
4.468	1289.98
4.469	1289.57
4.47	1283.17
4.471	1270.91
4.472	1253.03
4.473	1229.86
4.474	1201.8
4.475	1169.35
4.476	1133.07
4.477	1093.55
4.478	1051.42
4.479	1007.34
4.48	961.931
4.481	915.83
4.482	869.622
4.483	823.848
4.484	778.994
4.485	735.477
4.486	693.646
4.487	653.773
4.488	616.056
4.489	580.622
4.49	547.528
4.491	516.769
4.492	488.286
4.493	461.976
4.494	437.696
4.495	415.282
4.496	394.55
4.497	375.309
4.498	357.369
4.499	340.549
4.5	324.682
4.501	309.62
4.502	295.238
4.503	281.433
4.504	268.131
4.505	255.282
4.506	242.857
4.507	230.851
4.508	219.276
4.509	208.159
4.51	197.54
4.511	187.465
4.512	177.986
4.513	169.155
4.514	161.024
4.515	153.638
4.516	147.038
4.517	141.257
4.518	136.319
4.519	132.239
4.52	129.023
4.521	126.668
4.522	125.162
4.523	124.488
4.524	124.621
4.525	125.533
4.526	127.191
4.527	129.562
4.528	132.613
4.529	136.311
4.53	140.625
4.531	145.531
4.532	151.008
4.533	157.039
4.534	163.615
4.535	170.733
4.536	178.398
4.537	186.619
4.538	195.413
4.539	204.799
4.54	214.804
4.541	225.454
4.542	236.778
4.543	248.804
4.544	261.558
4.545	275.058
4.546	289.318
4.547	304.341
4.548	320.121
4.549	336.635
4.55	353.848
4.551	371.707
4.552	390.14
4.553	409.06
4.554	428.359
4.555	447.91
4.556	467.57
4.557	487.179
4.558	506.564
4.559	525.54
4.56	543.911
4.561	561.479
4.562	578.041
4.563	593.398
4.564	607.357
4.565	619.733
4.566	630.357
4.567	639.078
4.568	645.763
4.569	650.307
4.57	652.628
4.571	652.675
4.572	650.425
4.573	645.885
4.574	639.093
4.575	630.114
4.576	619.045
4.577	606.005
4.578	591.137
4.579	574.606
4.58	556.593
4.581	537.294
4.582	516.912
4.583	495.66
4.584	473.752
4.585	451.402
4.586	428.819
4.587	406.206
4.588	383.759
4.589	361.658
4.59	340.075
4.591	319.162
4.592	299.059
4.593	279.89
4.594	261.759
4.595	244.758
4.596	228.96
4.597	214.423
4.598	201.192
4.599	189.296
4.6	178.754
4.601	169.571
4.602	161.745
4.603	155.262
4.604	150.105
4.605	146.245
4.606	143.653
4.607	142.293
4.608	142.127
4.609	143.113
4.61	145.208
4.611	148.369
4.612	152.548
4.613	157.699
4.614	163.771
4.615	170.714
4.616	178.473
4.617	186.992
4.618	196.21
4.619	206.062
4.62	216.477
4.621	227.38
4.622	238.689
4.623	250.317
4.624	262.169
4.625	274.148
4.626	286.149
4.627	298.066
4.628	309.787
4.629	321.203
4.63	332.202
4.631	342.679
4.632	352.531
4.633	361.662
4.634	369.986
4.635	377.425
4.636	383.918
4.637	389.412
4.638	393.872
4.639	397.276
4.64	399.618
4.641	400.906
4.642	401.162
4.643	400.419
4.644	398.723
4.645	396.128
4.646	392.695
4.647	388.492
4.648	383.588
4.649	378.056
4.65	371.968
4.651	365.393
4.652	358.399
4.653	351.052
4.654	343.414
4.655	335.543
4.656	327.495
4.657	319.324
4.658	311.085
4.659	302.83
4.66	294.615
4.661	286.498
4.662	278.54
4.663	270.807
4.664	263.37
4.665	256.305
4.666	249.692
4.667	243.618
4.668	238.169
4.669	233.438
4.67	229.513
4.671	226.485
4.672	224.437
4.673	223.45
4.674	223.592
4.675	224.924
4.676	227.493
4.677	231.33
4.678	236.451
4.679	242.852
4.68	250.513
4.681	259.394
4.682	269.432
4.683	280.551
4.684	292.651
4.685	305.619
4.686	319.323
4.687	333.622
4.688	348.359
4.689	363.373
4.69	378.496
4.691	393.557
4.692	408.389
4.693	422.83
4.694	436.727
4.695	449.941
4.696	462.35
4.697	473.855
4.698	484.383
4.699	493.889
4.7	502.362
4.701	509.828
4.702	516.351
4.703	522.035
4.704	527.028
4.705	531.518
4.706	535.735
4.707	539.949
4.708	544.463
4.709	549.616
4.71	555.769
4.711	563.304
4.712	572.613
4.713	584.089
4.714	598.117
4.715	615.063
4.716	635.261
4.717	659.007
4.718	686.541
4.719	718.042
4.72	753.62
4.721	793.302
4.722	837.031
4.723	884.663
4.724	935.959
4.725	990.59
4.726	1048.14
4.727	1108.12
4.728	1169.94
4.729	1232.97
4.73	1296.52
4.731	1359.87
4.732	1422.25
4.733	1482.9
4.734	1541.08
4.735	1596.05
4.736	1647.12
4.737	1693.66
4.738	1735.09
4.739	1770.93
4.74	1800.76
4.741	1824.28
4.742	1841.28
4.743	1851.64
4.744	1855.37
4.745	1852.55
4.746	1843.36
4.747	1828.08
4.748	1807.07
4.749	1780.74
4.75	1749.6
4.751	1714.17
4.752	1675.03
4.753	1632.79
4.754	1588.06
4.755	1541.46
4.756	1493.62
4.757	1445.13
4.758	1396.57
4.759	1348.46
4.76	1301.33
4.761	1255.6
4.762	1211.68
4.763	1169.92
4.764	1130.59
4.765	1093.92
4.766	1060.08
4.767	1029.18
4.768	1001.28
4.769	976.382
4.77	954.447
4.771	935.396
4.772	919.115
4.773	905.461
4.774	894.268
4.775	885.356
4.776	878.532
4.777	873.598
4.778	870.355
4.779	868.606
4.78	868.163
4.781	868.841
4.782	870.467
4.783	872.876
4.784	875.912
4.785	879.427
4.786	883.276
4.787	887.322
4.788	891.43
4.789	895.464
4.79	899.29
4.791	902.772
4.792	905.776
4.793	908.166
4.794	909.81
4.795	910.582
4.796	910.362
4.797	909.047
4.798	906.547
4.799	902.799
4.8	897.765
4.801	891.438
4.802	883.849
4.803	875.067
4.804	865.205
4.805	854.413
4.806	842.889
4.807	830.867
4.808	818.617
4.809	806.442
4.81	794.668
4.811	783.638
4.812	773.702
4.813	765.208
4.814	758.492
4.815	753.869
4.816	751.619
4.817	751.982
4.818	755.149
4.819	761.253
4.82	770.361
4.821	782.479
4.822	797.54
4.823	815.408
4.824	835.882
4.825	858.694
4.826	883.519
4.827	909.982
4.828	937.662
4.829	966.107
4.83	994.839
4.831	1023.37
4.832	1051.21
4.833	1077.87
4.834	1102.9
4.835	1125.86
4.836	1146.35
4.837	1164.03
4.838	1178.58
4.839	1189.77
4.84	1197.41
4.841	1201.37
4.842	1201.58
4.843	1198.03
4.844	1190.76
4.845	1179.86
4.846	1165.48
4.847	1147.8
4.848	1127.03
4.849	1103.42
4.85	1077.23
4.851	1048.76
4.852	1018.29
4.853	986.121
4.854	952.56
4.855	917.9
4.856	882.43
4.857	846.428
4.858	810.162
4.859	773.885
4.86	737.836
4.861	702.24
4.862	667.307
4.863	633.235
4.864	600.209
4.865	568.405
4.866	537.987
4.867	509.114
4.868	481.937
4.869	456.601
4.87	433.248
4.871	412.014
4.872	393.034
4.873	376.436
4.874	362.343
4.875	350.873
4.876	342.134
4.877	336.223
4.878	333.224
4.879	333.203
4.88	336.206
4.881	342.257
4.882	351.348
4.883	363.445
4.884	378.478
4.885	396.34
4.886	416.887
4.887	439.934
4.888	465.259
4.889	492.599
4.89	521.654
4.891	552.093
4.892	583.552
4.893	615.648
4.894	647.978
4.895	680.132
4.896	711.698
4.897	742.273
4.898	771.471
4.899	798.937
4.9	824.347
4.901	847.427
4.902	867.952
4.903	885.758
4.904	900.745
4.905	912.881
4.906	922.204
4.907	928.819
4.908	932.9
4.909	934.685
4.91	934.468
4.911	932.592
4.912	929.445
4.913	925.444
4.914	921.027
4.915	916.644
4.916	912.743
4.917	909.759
4.918	908.106
4.919	908.168
4.92	910.286
4.921	914.758
4.922	921.826
4.923	931.681
4.924	944.452
4.925	960.211
4.926	978.973
4.927	1000.7
4.928	1025.29
4.929	1052.62
4.93	1082.51
4.931	1114.73
4.932	1149.04
4.933	1185.17
4.934	1222.85
4.935	1261.75
4.936	1301.59
4.937	1342.04
4.938	1382.78
4.939	1423.49
4.94	1463.87
4.941	1503.58
4.942	1542.31
4.943	1579.74
4.944	1615.55
4.945	1649.42
4.946	1681.03
4.947	1710.05
4.948	1736.17
4.949	1759.07
4.95	1778.44
4.951	1793.99
4.952	1805.46
4.953	1812.61
4.954	1815.22
4.955	1813.14
4.956	1806.27
4.957	1794.55
4.958	1778.02
4.959	1756.75
4.96	1730.93
4.961	1700.79
4.962	1666.66
4.963	1628.93
4.964	1588.06
4.965	1544.57
4.966	1499.03
4.967	1452.03
4.968	1404.21
4.969	1356.18
4.97	1308.58
4.971	1262.01
4.972	1217.02
4.973	1174.13
4.974	1133.79
4.975	1096.37
4.976	1062.18
4.977	1031.41
4.978	1004.21
4.979	980.591
4.98	960.519
4.981	943.861
4.982	930.414
4.983	919.912
4.984	912.031
4.985	906.407
4.986	902.642
4.987	900.323
4.988	899.027
4.989	898.336
4.99	897.853
4.991	897.204
4.992	896.055
4.993	894.115
4.994	891.143
4.995	886.959
4.996	881.44
4.997	874.523
4.998	866.213
4.999	856.572
5	845.721
5.001	833.839
5.002	821.153
5.003	807.933
5.004	794.49
5.005	781.161
5.006	768.307
5.007	756.303
5.008	745.527
5.009	736.353
5.01	729.144
5.011	724.238
5.012	721.948
5.013	722.545
5.014	726.26
5.015	733.267
5.016	743.688
5.017	757.579
5.018	774.932
5.019	795.669
5.02	819.642
5.021	846.631
5.022	876.348
5.023	908.437
5.024	942.481
5.025	978.007
5.026	1014.49
5.027	1051.38
5.028	1088.08
5.029	1123.98
5.03	1158.49
5.031	1191
5.032	1220.94
5.033	1247.78
5.034	1271.04
5.035	1290.29
5.036	1305.18
5.037	1315.45
5.038	1320.93
5.039	1321.53
5.04	1317.27
5.041	1308.24
5.042	1294.65
5.043	1276.78
5.044	1254.97
5.045	1229.64
5.046	1201.28
5.047	1170.39
5.048	1137.52
5.049	1103.21
5.05	1068.03
5.051	1032.5
5.052	997.168
5.053	962.502
5.054	928.952
5.055	896.917
5.056	866.743
5.057	838.721
5.058	813.09
5.059	790.029
5.06	769.667
5.061	752.08
5.062	737.296
5.063	725.3
5.064	716.037
5.065	709.413
5.066	705.304
5.067	703.556
5.068	703.989
5.069	706.399
5.07	710.564
5.071	716.243
5.072	723.178
5.073	731.101
5.074	739.731
5.075	748.781
5.076	757.957
5.077	766.968
5.078	775.52
5.079	783.332
5.08	790.13
5.081	795.659
5.082	799.683
5.083	801.994
5.084	802.414
5.085	800.797
5.086	797.038
5.087	791.07
5.088	782.871
5.089	772.457
5.09	759.889
5.091	745.267
5.092	728.728
5.093	710.443
5.094	690.608
5.095	669.445
5.096	647.189
5.097	624.086
5.098	600.385
5.099	576.331
5.1	552.157
5.101	528.084
5.102	504.31
5.103	481.012
5.104	458.338
5.105	436.411
5.106	415.323
5.107	395.141
5.108	375.904
5.109	357.631
5.11	340.318
5.111	323.948
5.112	308.49
5.113	293.907
5.114	280.161
5.115	267.213
5.116	255.031
5.117	243.592
5.118	232.885
5.119	222.913
5.12	213.696
5.121	205.27
5.122	197.686
5.123	191.013
5.124	185.337
5.125	180.752
5.126	177.368
5.127	175.298
5.128	174.662
5.129	175.578
5.13	178.163
5.131	182.523
5.132	188.752
5.133	196.926
5.134	207.101
5.135	219.305
5.136	233.537
5.137	249.762
5.138	267.907
5.139	287.864
5.14	309.481
5.141	332.57
5.142	356.9
5.143	382.206
5.144	408.187
5.145	434.513
5.146	460.831
5.147	486.769
5.148	511.948
5.149	535.986
5.15	558.508
5.151	579.158
5.152	597.605
5.153	613.549
5.154	626.736
5.155	636.957
5.156	644.062
5.157	647.953
5.158	648.599
5.159	646.026
5.16	640.321
5.161	631.63
5.162	620.151
5.163	606.128
5.164	589.847
5.165	571.622
5.166	551.795
5.167	530.717
5.168	508.746
5.169	486.237
5.17	463.531
5.171	440.949
5.172	418.79
5.173	397.319
5.174	376.77
5.175	357.339
5.176	339.185
5.177	322.433
5.178	307.171
5.179	293.456
5.18	281.318
5.181	270.76
5.182	261.769
5.183	254.315
5.184	248.36
5.185	243.859
5.186	240.769
5.187	239.046
5.188	238.655
5.189	239.566
5.19	241.759
5.191	245.224
5.192	249.958
5.193	255.969
5.194	263.267
5.195	271.867
5.196	281.783
5.197	293.027
5.198	305.604
5.199	319.508
5.2	334.72
5.201	351.204
5.202	368.906
5.203	387.751
5.204	407.645
5.205	428.472
5.206	450.094
5.207	472.358
5.208	495.096
5.209	518.128
5.21	541.268
5.211	564.328
5.212	587.127
5.213	609.492
5.214	631.269
5.215	652.322
5.216	672.548
5.217	691.87
5.218	710.251
5.219	727.687
5.22	744.215
5.221	759.908
5.222	774.876
5.223	789.259
5.224	803.225
5.225	816.962
5.226	830.671
5.227	844.554
5.228	858.814
5.229	873.635
5.23	889.18
5.231	905.582
5.232	922.933
5.233	941.281
5.234	960.625
5.235	980.91
5.236	1002.03
5.237	1023.83
5.238	1046.1
5.239	1068.58
5.24	1091.01
5.241	1113.05
5.242	1134.4
5.243	1154.7
5.244	1173.63
5.245	1190.87
5.246	1206.13
5.247	1219.14
5.248	1229.7
5.249	1237.63
5.25	1242.8
5.251	1245.16
5.252	1244.68
5.253	1241.39
5.254	1235.39
5.255	1226.79
5.256	1215.75
5.257	1202.47
5.258	1187.16
5.259	1170.03
5.26	1151.33
5.261	1131.3
5.262	1110.16
5.263	1088.15
5.264	1065.46
5.265	1042.32
5.266	1018.9
5.267	995.378
5.268	971.919
5.269	948.675
5.27	925.789
5.271	903.404
5.272	881.656
5.273	860.685
5.274	840.632
5.275	821.641
5.276	803.865
5.277	787.456
5.278	772.575
5.279	759.383
5.28	748.042
5.281	738.708
5.282	731.533
5.283	726.654
5.284	724.195
5.285	724.256
5.286	726.912
5.287	732.208
5.288	740.154
5.289	750.723
5.29	763.847
5.291	779.416
5.292	797.277
5.293	817.236
5.294	839.057
5.295	862.468
5.296	887.16
5.297	912.799
5.298	939.026
5.299	965.467
5.3	991.739
5.301	1017.46
5.302	1042.25
5.303	1065.75
5.304	1087.63
5.305	1107.57
5.306	1125.3
5.307	1140.6
5.308	1153.27
5.309	1163.19
5.31	1170.27
5.311	1174.46
5.312	1175.78
5.313	1174.29
5.314	1170.07
5.315	1163.27
5.316	1154.05
5.317	1142.58
5.318	1129.07
5.319	1113.74
5.32	1096.8
5.321	1078.46
5.322	1058.92
5.323	1038.39
5.324	1017.05
5.325	995.047
5.326	972.534
5.327	949.638
5.328	926.467
5.329	903.119
5.33	879.676
5.331	856.214
5.332	832.805
5.333	809.518
5.334	786.426
5.335	763.606
5.336	741.145
5.337	719.14
5.338	697.698
5.339	676.938
5.34	656.991
5.341	637.997
5.342	620.102
5.343	603.458
5.344	588.214
5.345	574.521
5.346	562.519
5.347	552.337
5.348	544.091
5.349	537.875
5.35	533.763
5.351	531.805
5.352	532.026
5.353	534.421
5.354	538.961
5.355	545.592
5.356	554.232
5.357	564.78
5.358	577.114
5.359	591.095
5.36	606.571
5.361	623.383
5.362	641.361
5.363	660.336
5.364	680.137
5.365	700.595
5.366	721.545
5.367	742.828
5.368	764.288
5.369	785.779
5.37	807.159
5.371	828.289
5.372	849.039
5.373	869.278
5.374	888.879
5.375	907.717
5.376	925.669
5.377	942.611
5.378	958.423
5.379	972.987
5.38	986.188
5.381	997.918
5.382	1008.08
5.383	1016.57
5.384	1023.33
5.385	1028.28
5.386	1031.38
5.387	1032.61
5.388	1031.95
5.389	1029.41
5.39	1025.04
5.391	1018.88
5.392	1011
5.393	1001.5
5.394	990.477
5.395	978.05
5.396	964.345
5.397	949.499
5.398	933.652
5.399	916.947
5.4	899.53
5.401	881.546
5.402	863.138
5.403	844.45
5.404	825.622
5.405	806.794
5.406	788.108
5.407	769.707
5.408	751.736
5.409	734.345
5.41	717.693
5.411	701.944
5.412	687.272
5.413	673.86
5.414	661.902
5.415	651.598
5.416	643.157
5.417	636.791
5.418	632.716
5.419	631.14
5.42	632.267
5.421	636.284
5.422	643.356
5.423	653.62
5.424	667.179
5.425	684.089
5.426	704.356
5.427	727.929
5.428	754.692
5.429	784.463
5.43	816.988
5.431	851.939
5.432	888.92
5.433	927.466
5.434	967.048
5.435	1007.09
5.436	1046.96
5.437	1086
5.438	1123.53
5.439	1158.89
5.44	1191.4
5.441	1220.43
5.442	1245.38
5.443	1265.74
5.444	1281.05
5.445	1290.95
5.446	1295.17
5.447	1293.55
5.448	1286.05
5.449	1272.74
5.45	1253.78
5.451	1229.45
5.452	1200.14
5.453	1166.32
5.454	1128.52
5.455	1087.36
5.456	1043.48
5.457	997.576
5.458	950.349
5.459	902.502
5.46	854.724
5.461	807.678
5.462	761.986
5.463	718.223
5.464	676.906
5.465	638.487
5.466	603.352
5.467	571.814
5.468	544.119
5.469	520.441
5.47	500.886
5.471	485.498
5.472	474.259
5.473	467.1
5.474	463.899
5.475	464.493
5.476	468.68
5.477	476.227
5.478	486.873
5.479	500.333
5.48	516.309
5.481	534.485
5.482	554.537
5.483	576.137
5.484	598.951
5.485	622.647
5.486	646.896
5.487	671.375
5.488	695.766
5.489	719.766
5.49	743.082
5.491	765.437
5.492	786.572
5.493	806.249
5.494	824.251
5.495	840.386
5.496	854.488
5.497	866.421
5.498	876.075
5.499	883.373
5.5	888.269
5.501	890.748
5.502	890.825
5.503	888.546
5.504	883.984
5.505	877.241
5.506	868.442
5.507	857.732
5.508	845.279
5.509	831.264
5.51	815.88
5.511	799.33
5.512	781.825
5.513	763.578
5.514	744.803
5.515	725.714
5.516	706.523
5.517	687.438
5.518	668.662
5.519	650.395
5.52	632.83
5.521	616.156
5.522	600.555
5.523	586.205
5.524	573.276
5.525	561.934
5.526	552.334
5.527	544.622
5.528	538.933
5.529	535.386
5.53	534.082
5.531	535.102
5.532	538.503
5.533	544.312
5.534	552.526
5.535	563.107
5.536	575.981
5.537	591.033
5.538	608.112
5.539	627.024
5.54	647.539
5.541	669.39
5.542	692.278
5.543	715.876
5.544	739.832
5.545	763.78
5.546	787.344
5.547	810.145
5.548	831.812
5.549	851.986
5.55	870.329
5.551	886.535
5.552	900.331
5.553	911.487
5.554	919.822
5.555	925.203
5.556	927.554
5.557	926.856
5.558	923.144
5.559	916.512
5.56	907.105
5.561	895.12
5.562	880.799
5.563	864.424
5.564	846.312
5.565	826.802
5.566	806.253
5.567	785.034
5.568	763.514
5.569	742.052
5.57	720.992
5.571	700.655
5.572	681.328
5.573	663.261
5.574	646.662
5.575	631.689
5.576	618.451
5.577	607.008
5.578	597.364
5.579	589.478
5.58	583.256
5.581	578.566
5.582	575.234
5.583	573.055
5.584	571.799
5.585	571.218
5.586	571.054
5.587	571.045
5.588	570.937
5.589	570.489
5.59	569.477
5.591	567.706
5.592	565.012
5.593	561.268
5.594	556.385
5.595	550.319
5.596	543.066
5.597	534.668
5.598	525.207
5.599	514.81
5.6	503.637
5.601	491.886
5.602	479.783
5.603	467.581
5.604	455.553
5.605	443.987
5.606	433.177
5.607	423.424
5.608	415.024
5.609	408.264
5.61	403.417
5.611	400.734
5.612	400.441
5.613	402.73
5.614	407.758
5.615	415.639
5.616	426.441
5.617	440.183
5.618	456.829
5.619	476.292
5.62	498.425
5.621	523.027
5.622	549.845
5.623	578.57
5.624	608.85
5.625	640.289
5.626	672.46
5.627	704.91
5.628	737.168
5.629	768.764
5.63	799.231
5.631	828.126
5.632	855.035
5.633	879.59
5.634	901.476
5.635	920.445
5.636	936.319
5.637	949.001
5.638	958.476
5.639	964.812
5.64	968.163
5.641	968.759
5.642	966.905
5.643	962.968
5.644	957.37
5.645	950.572
5.646	943.062
5.647	935.342
5.648	927.908
5.649	921.24
5.65	915.788
5.651	911.956
5.652	910.093
5.653	910.484
5.654	913.345
5.655	918.816
5.656	926.962
5.657	937.773
5.658	951.167
5.659	966.997
5.66	985.058
5.661	1005.09
5.662	1026.81
5.663	1049.89
5.664	1073.98
5.665	1098.73
5.666	1123.8
5.667	1148.83
5.668	1173.51
5.669	1197.53
5.67	1220.6
5.671	1242.48
5.672	1262.92
5.673	1281.74
5.674	1298.75
5.675	1313.81
5.676	1326.78
5.677	1337.55
5.678	1346.04
5.679	1352.15
5.68	1355.82
5.681	1357.02
5.682	1355.7
5.683	1351.86
5.684	1345.51
5.685	1336.68
5.686	1325.44
5.687	1311.88
5.688	1296.14
5.689	1278.39
5.69	1258.84
5.691	1237.74
5.692	1215.37
5.693	1192.06
5.694	1168.15
5.695	1144.02
5.696	1120.06
5.697	1096.65
5.698	1074.19
5.699	1053.04
5.7	1033.55
5.701	1016.02
5.702	1000.7
5.703	987.788
5.704	977.416
5.705	969.64
5.706	964.44
5.707	961.72
5.708	961.311
5.709	962.967
5.71	966.382
5.711	971.188
5.712	976.973
5.713	983.291
5.714	989.675
5.715	995.651
5.716	1000.75
5.717	1004.54
5.718	1006.61
5.719	1006.59
5.72	1004.21
5.721	999.223
5.722	991.489
5.723	980.938
5.724	967.589
5.725	951.545
5.726	932.991
5.727	912.193
5.728	889.489
5.729	865.282
5.73	840.035
5.731	814.257
5.732	788.494
5.733	763.322
5.734	739.33
5.735	717.117
5.736	697.275
5.737	680.385
5.738	667.003
5.739	657.654
5.74	652.822
5.741	652.945
5.742	658.405
5.743	669.519
5.744	686.538
5.745	709.638
5.746	738.914
5.747	774.376
5.748	815.948
5.749	863.463
5.75	916.661
5.751	975.193
5.752	1038.62
5.753	1106.42
5.754	1177.98
5.755	1252.63
5.756	1329.64
5.757	1408.21
5.758	1487.51
5.759	1566.69
5.76	1644.88
5.761	1721.21
5.762	1794.85
5.763	1864.97
5.764	1930.82
5.765	1991.69
5.766	2046.93
5.767	2096
5.768	2138.43
5.769	2173.83
5.77	2201.94
5.771	2222.58
5.772	2235.66
5.773	2241.22
5.774	2239.36
5.775	2230.29
5.776	2214.31
5.777	2191.77
5.778	2163.11
5.779	2128.83
5.78	2089.49
5.781	2045.65
5.782	1997.95
5.783	1947.02
5.784	1893.5
5.785	1838.04
5.786	1781.27
5.787	1723.78
5.788	1666.16
5.789	1608.92
5.79	1552.55
5.791	1497.48
5.792	1444.05
5.793	1392.59
5.794	1343.3
5.795	1296.37
5.796	1251.91
5.797	1209.96
5.798	1170.53
5.799	1133.59
5.8	1099.04
5.801	1066.81
5.802	1036.78
5.803	1008.83
5.804	982.856
5.805	958.754
5.806	936.45
5.807	915.89
5.808	897.052
5.809	879.943
5.81	864.602
5.811	851.094
5.812	839.509
5.813	829.955
5.814	822.552
5.815	817.421
5.816	814.681
5.817	814.432
5.818	816.755
5.819	821.697
5.82	829.265
5.821	839.424
5.822	852.086
5.823	867.112
5.824	884.305
5.825	903.415
5.826	924.141
5.827	946.131
5.828	968.99
5.829	992.286
5.83	1015.56
5.831	1038.33
5.832	1060.11
5.833	1080.41
5.834	1098.75
5.835	1114.68
5.836	1127.78
5.837	1137.66
5.838	1143.99
5.839	1146.51
5.84	1144.99
5.841	1139.31
5.842	1129.39
5.843	1115.25
5.844	1096.95
5.845	1074.65
5.846	1048.57
5.847	1018.98
5.848	986.223
5.849	950.676
5.85	912.758
5.851	872.914
5.852	831.609
5.853	789.313
5.854	746.493
5.855	703.604
5.856	661.077
5.857	619.317
5.858	578.691
5.859	539.524
5.86	502.098
5.861	466.649
5.862	433.364
5.863	402.388
5.864	373.819
5.865	347.72
5.866	324.116
5.867	303.005
5.868	284.36
5.869	268.137
5.87	254.28
5.871	242.725
5.872	233.407
5.873	226.26
5.874	221.224
5.875	218.243
5.876	217.267
5.877	218.252
5.878	221.158
5.879	225.945
5.88	232.574
5.881	240.999
5.882	251.167
5.883	263.013
5.884	276.455
5.885	291.395
5.886	307.714
5.887	325.271
5.888	343.903
5.889	363.429
5.89	383.647
5.891	404.339
5.892	425.277
5.893	446.225
5.894	466.945
5.895	487.204
5.896	506.776
5.897	525.453
5.898	543.047
5.899	559.392
5.9	574.355
5.901	587.831
5.902	599.748
5.903	610.069
5.904	618.788
5.905	625.929
5.906	631.547
5.907	635.719
5.908	638.541
5.909	640.129
5.91	640.606
5.911	640.104
5.912	638.758
5.913	636.698
5.914	634.052
5.915	630.942
5.916	627.476
5.917	623.757
5.918	619.873
5.919	615.905
5.92	611.921
5.921	607.983
5.922	604.144
5.923	600.451
5.924	596.946
5.925	593.668
5.926	590.653
5.927	587.935
5.928	585.545
5.929	583.512
5.93	581.864
5.931	580.625
5.932	579.813
5.933	579.444
5.934	579.527
5.935	580.066
5.936	581.056
5.937	582.492
5.938	584.358
5.939	586.641
5.94	589.322
5.941	592.387
5.942	595.825
5.943	599.635
5.944	603.825
5.945	608.419
5.946	613.456
5.947	618.998
5.948	625.123
5.949	631.932
5.95	639.544
5.951	648.092
5.952	657.723
5.953	668.589
5.954	680.839
5.955	694.614
5.956	710.037
5.957	727.2
5.958	746.163
5.959	766.937
5.96	789.482
5.961	813.699
5.962	839.424
5.963	866.433
5.964	894.434
5.965	923.078
5.966	951.96
5.967	980.631
5.968	1008.61
5.969	1035.38
5.97	1060.45
5.971	1083.29
5.972	1103.44
5.973	1120.43
5.974	1133.89
5.975	1143.48
5.976	1148.93
5.977	1150.08
5.978	1146.82
5.979	1139.17
5.98	1127.21
5.981	1111.12
5.982	1091.14
5.983	1067.62
5.984	1040.94
5.985	1011.58
5.986	980.033
5.987	946.843
5.988	912.58
5.989	877.831
5.99	843.19
5.991	809.248
5.992	776.587
5.993	745.769
5.994	717.327
5.995	691.765
5.996	669.543
5.997	651.076
5.998	636.724
5.999	626.788
6	621.505
6.001	621.039
6.002	625.478
6.003	634.828
6.004	649.012
6.005	667.865
6.006	691.133
6.007	718.473
6.008	749.461
6.009	783.59
6.01	820.283
6.011	858.898
6.012	898.744
6.013	939.096
6.014	979.205
6.015	1018.32
6.016	1055.71
6.017	1090.68
6.018	1122.57
6.019	1150.8
6.02	1174.87
6.021	1194.39
6.022	1209.05
6.023	1218.68
6.024	1223.2
6.025	1222.66
6.026	1217.22
6.027	1207.12
6.028	1192.72
6.029	1174.45
6.03	1152.79
6.031	1128.27
6.032	1101.47
6.033	1072.96
6.034	1043.31
6.035	1013.06
6.036	982.74
6.037	952.813
6.038	923.697
6.039	895.75
6.04	869.265
6.041	844.47
6.042	821.53
6.043	800.548
6.044	781.573
6.045	764.604
6.046	749.596
6.047	736.469
6.048	725.116
6.049	715.408
6.05	707.2
6.051	700.343
6.052	694.68
6.053	690.059
6.054	686.33
6.055	683.351
6.056	680.989
6.057	679.122
6.058	677.639
6.059	676.441
6.06	675.443
6.061	674.571
6.062	673.767
6.063	672.986
6.064	672.198
6.065	671.389
6.066	670.559
6.067	669.727
6.068	668.927
6.069	668.207
6.07	667.633
6.071	667.282
6.072	667.243
6.073	667.614
6.074	668.496
6.075	669.991
6.076	672.197
6.077	675.202
6.078	679.077
6.079	683.876
6.08	689.625
6.081	696.321
6.082	703.927
6.083	712.372
6.084	721.545
6.085	731.3
6.086	741.454
6.087	751.791
6.088	762.068
6.089	772.018
6.09	781.359
6.091	789.802
6.092	797.057
6.093	802.844
6.094	806.9
6.095	808.99
6.096	808.909
6.097	806.495
6.098	801.63
6.099	794.246
6.1	784.327
6.101	771.908
6.102	757.078
6.103	739.974
6.104	720.782
6.105	699.728
6.106	677.072
6.107	653.107
6.108	628.146
6.109	602.517
6.11	576.554
6.111	550.593
6.112	524.96
6.113	499.97
6.114	475.915
6.115	453.064
6.116	431.655
6.117	411.893
6.118	393.948
6.119	377.952
6.12	363.999
6.121	352.144
6.122	342.406
6.123	334.766
6.124	329.175
6.125	325.55
6.126	323.781
6.127	323.737
6.128	325.264
6.129	328.195
6.13	332.349
6.131	337.543
6.132	343.587
6.133	350.295
6.134	357.489
6.135	364.998
6.136	372.665
6.137	380.352
6.138	387.936
6.139	395.319
6.14	402.423
6.141	409.196
6.142	415.609
6.143	421.657
6.144	427.361
6.145	432.762
6.146	437.923
6.147	442.929
6.148	447.877
6.149	452.884
6.15	458.076
6.151	463.588
6.152	469.562
6.153	476.143
6.154	483.475
6.155	491.698
6.156	500.946
6.157	511.343
6.158	522.999
6.159	536.007
6.16	550.441
6.161	566.351
6.162	583.761
6.163	602.666
6.164	623.03
6.165	644.782
6.166	667.818
6.167	691.997
6.168	717.141
6.169	743.037
6.17	769.436
6.171	796.059
6.172	822.597
6.173	848.717
6.174	874.066
6.175	898.281
6.176	920.989
6.177	941.822
6.178	960.419
6.179	976.439
6.18	989.563
6.181	999.508
6.182	1006.03
6.183	1008.93
6.184	1008.07
6.185	1003.35
6.186	994.739
6.187	982.275
6.188	966.043
6.189	946.192
6.19	922.924
6.191	896.495
6.192	867.203
6.193	835.389
6.194	801.421
6.195	765.694
6.196	728.617
6.197	690.603
6.198	652.068
6.199	613.415
6.2	575.032
6.201	537.284
6.202	500.508
6.203	465.009
6.204	431.058
6.205	398.888
6.206	368.695
6.207	340.639
6.208	314.848
6.209	291.414
6.21	270.403
6.211	251.856
6.212	235.793
6.213	222.218
6.214	211.123
6.215	202.491
6.216	196.3
6.217	192.527
6.218	191.147
6.219	192.135
6.22	195.467
6.221	201.119
6.222	209.066
6.223	219.277
6.224	231.717
6.225	246.338
6.226	263.083
6.227	281.873
6.228	302.614
6.229	325.185
6.23	349.441
6.231	375.209
6.232	402.289
6.233	430.45
6.234	459.434
6.235	488.958
6.236	518.715
6.237	548.381
6.238	577.614
6.239	606.068
6.24	633.392
6.241	659.241
6.242	683.282
6.243	705.199
6.244	724.706
6.245	741.549
6.246	755.511
6.247	766.425
6.248	774.17
6.249	778.681
6.25	779.947
6.251	778.015
6.252	772.987
6.253	765.02
6.254	754.321
6.255	741.142
6.256	725.775
6.257	708.543
6.258	689.794
6.259	669.891
6.26	649.202
6.261	628.09
6.262	606.907
6.263	585.982
6.264	565.615
6.265	546.07
6.266	527.57
6.267	510.29
6.268	494.36
6.269	479.858
6.27	466.817
6.271	455.223
6.272	445.022
6.273	436.124
6.274	428.41
6.275	421.739
6.276	415.956
6.277	410.901
6.278	406.414
6.279	402.347
6.28	398.564
6.281	394.953
6.282	391.43
6.283	387.936
6.284	384.445
6.285	380.962
6.286	377.521
6.287	374.184
6.288	371.034
6.289	368.173
6.29	365.718
6.291	363.788
6.292	362.506
6.293	361.985
6.294	362.328
6.295	363.619
6.296	365.919
6.297	369.263
6.298	373.655
6.299	379.07
6.3	385.45
6.301	392.707
6.302	400.723
6.303	409.355
6.304	418.439
6.305	427.793
6.306	437.221
6.307	446.523
6.308	455.499
6.309	463.952
6.31	471.7
6.311	478.576
6.312	484.437
6.313	489.165
6.314	492.677
6.315	494.921
6.316	495.884
6.317	495.592
6.318	494.11
6.319	491.541
6.32	488.027
6.321	483.745
6.322	478.905
6.323	473.746
6.324	468.533
6.325	463.546
6.326	459.083
6.327	455.448
6.328	452.944
6.329	451.871
6.33	452.514
6.331	455.14
6.332	459.991
6.333	467.274
6.334	477.16
6.335	489.775
6.336	505.198
6.337	523.455
6.338	544.517
6.339	568.298
6.34	594.653
6.341	623.379
6.342	654.217
6.343	686.854
6.344	720.928
6.345	756.033
6.346	791.726
6.347	827.537
6.348	862.974
6.349	897.54
6.35	930.737
6.351	962.083
6.352	991.122
6.353	1017.43
6.354	1040.64
6.355	1060.44
6.356	1076.56
6.357	1088.84
6.358	1097.17
6.359	1101.52
6.36	1101.94
6.361	1098.55
6.362	1091.55
6.363	1081.19
6.364	1067.77
6.365	1051.63
6.366	1033.16
6.367	1012.72
6.368	990.734
6.369	967.571
6.37	943.6
6.371	919.163
6.372	894.561
6.373	870.055
6.374	845.863
6.375	822.15
6.376	799.038
6.377	776.603
6.378	754.876
6.379	733.854
6.38	713.503
6.381	693.763
6.382	674.555
6.383	655.793
6.384	637.381
6.385	619.229
6.386	601.25
6.387	583.369
6.388	565.526
6.389	547.675
6.39	529.789
6.391	511.861
6.392	493.899
6.393	475.929
6.394	457.994
6.395	440.149
6.396	422.458
6.397	404.997
6.398	387.846
6.399	371.085
6.4	354.799
6.401	339.068
6.402	323.966
6.403	309.566
6.404	295.927
6.405	283.104
6.406	271.139
6.407	260.065
6.408	249.905
6.409	240.67
6.41	232.363
6.411	224.975
6.412	218.491
6.413	212.884
6.414	208.122
6.415	204.168
6.416	200.975
6.417	198.493
6.418	196.669
6.419	195.443
6.42	194.754
6.421	194.537
6.422	194.727
6.423	195.254
6.424	196.052
6.425	197.052
6.426	198.187
6.427	199.393
6.428	200.609
6.429	201.78
6.43	202.857
6.431	203.798
6.432	204.57
6.433	205.152
6.434	205.533
6.435	205.714
6.436	205.707
6.437	205.539
6.438	205.247
6.439	204.879
6.44	204.493
6.441	204.152
6.442	203.93
6.443	203.897
6.444	204.13
6.445	204.698
6.446	205.668
6.447	207.097
6.448	209.035
6.449	211.515
6.45	214.559
6.451	218.174
6.452	222.349
6.453	227.061
6.454	232.27
6.455	237.922
6.456	243.952
6.457	250.286
6.458	256.842
6.459	263.535
6.46	270.277
6.461	276.984
6.462	283.577
6.463	289.982
6.464	296.139
6.465	301.997
6.466	307.523
6.467	312.697
6.468	317.517
6.469	321.999
6.47	326.174
6.471	330.091
6.472	333.817
6.473	337.428
6.474	341.017
6.475	344.684
6.476	348.538
6.477	352.692
6.478	357.259
6.479	362.353
6.48	368.08
6.481	374.538
6.482	381.814
6.483	389.979
6.484	399.088
6.485	409.174
6.486	420.251
6.487	432.306
6.488	445.305
6.489	459.189
6.49	473.874
6.491	489.255
6.492	505.204
6.493	521.576
6.494	538.211
6.495	554.933
6.496	571.562
6.497	587.909
6.498	603.788
6.499	619.013
6.5	633.407
6.501	646.804
6.502	659.052
6.503	670.016
6.504	679.58
6.505	687.649
6.506	694.152
6.507	699.038
6.508	702.28
6.509	703.872
6.51	703.83
6.511	702.185
6.512	698.989
6.513	694.306
6.514	688.215
6.515	680.801
6.516	672.162
6.517	662.398
6.518	651.617
6.519	639.927
6.52	627.441
6.521	614.271
6.522	600.531
6.523	586.334
6.524	571.797
6.525	557.032
6.526	542.155
6.527	527.281
6.528	512.522
6.529	497.993
6.53	483.804
6.531	470.064
6.532	456.876
6.533	444.338
6.534	432.541
6.535	421.565
6.536	411.48
6.537	402.343
6.538	394.195
6.539	387.061
6.54	380.95
6.541	375.852
6.542	371.738
6.543	368.565
6.544	366.271
6.545	364.78
6.546	364.003
6.547	363.843
6.548	364.194
6.549	364.948
6.55	365.997
6.551	367.235
6.552	368.565
6.553	369.899
6.554	371.16
6.555	372.289
6.556	373.24
6.557	373.987
6.558	374.517
6.559	374.839
6.56	374.973
6.561	374.952
6.562	374.823
6.563	374.637
6.564	374.452
6.565	374.326
6.566	374.314
6.567	374.467
6.568	374.827
6.569	375.427
6.57	376.286
6.571	377.411
6.572	378.796
6.573	380.421
6.574	382.254
6.575	384.253
6.576	386.366
6.577	388.535
6.578	390.701
6.579	392.8
6.58	394.772
6.581	396.56
6.582	398.115
6.583	399.392
6.584	400.358
6.585	400.987
6.586	401.265
6.587	401.184
6.588	400.746
6.589	399.959
6.59	398.838
6.591	397.401
6.592	395.67
6.593	393.67
6.594	391.424
6.595	388.959
6.596	386.301
6.597	383.479
6.598	380.523
6.599	377.467
6.6	374.349
6.601	371.218
6.602	368.126
6.603	365.141
6.604	362.338
6.605	359.809
6.606	357.654
6.607	355.991
6.608	354.943
6.609	354.648
6.61	355.247
6.611	356.885
6.612	359.706
6.613	363.848
6.614	369.438
6.615	376.59
6.616	385.395
6.617	395.92
6.618	408.203
6.619	422.252
6.62	438.037
6.621	455.494
6.622	474.521
6.623	494.982
6.624	516.704
6.625	539.484
6.626	563.09
6.627	587.267
6.628	611.739
6.629	636.22
6.63	660.415
6.631	684.028
6.632	706.768
6.633	728.356
6.634	748.528
6.635	767.045
6.636	783.69
6.637	798.28
6.638	810.662
6.639	820.72
6.64	828.375
6.641	833.583
6.642	836.34
6.643	836.672
6.644	834.642
6.645	830.34
6.646	823.884
6.647	815.411
6.648	805.08
6.649	793.06
6.65	779.53
6.651	764.672
6.652	748.669
6.653	731.702
6.654	713.944
6.655	695.56
6.656	676.705
6.657	657.523
6.658	638.149
6.659	618.704
6.66	599.306
6.661	580.061
6.662	561.072
6.663	542.437
6.664	524.255
6.665	506.624
6.666	489.641
6.667	473.408
6.668	458.026
6.669	443.596
6.67	430.219
6.671	417.993
6.672	407.007
6.673	397.343
6.674	389.066
6.675	382.228
6.676	376.86
6.677	372.968
6.678	370.536
6.679	369.52
6.68	369.849
6.681	371.428
6.682	374.137
6.683	377.833
6.684	382.36
6.685	387.546
6.686	393.215
6.687	399.187
6.688	405.29
6.689	411.362
6.69	417.258
6.691	422.857
6.692	428.061
6.693	432.805
6.694	437.052
6.695	440.799
6.696	444.072
6.697	446.929
6.698	449.451
6.699	451.738
6.7	453.91
6.701	456.092
6.702	458.413
6.703	461
6.704	463.967
6.705	467.414
6.706	471.419
6.707	476.037
6.708	481.295
6.709	487.19
6.71	493.693
6.711	500.747
6.712	508.271
6.713	516.165
6.714	524.313
6.715	532.592
6.716	540.874
6.717	549.037
6.718	556.967
6.719	564.566
6.72	571.757
6.721	578.487
6.722	584.728
6.723	590.483
6.724	595.781
6.725	600.677
6.726	605.25
6.727	609.599
6.728	613.837
6.729	618.086
6.73	622.471
6.731	627.114
6.732	632.126
6.733	637.605
6.734	643.629
6.735	650.252
6.736	657.502
6.737	665.376
6.738	673.844
6.739	682.848
6.74	692.3
6.741	702.087
6.742	712.076
6.743	722.114
6.744	732.031
6.745	741.65
6.746	750.785
6.747	759.25
6.748	766.859
6.749	773.432
6.75	778.797
6.751	782.796
6.752	785.282
6.753	786.126
6.754	785.22
6.755	782.474
6.756	777.818
6.757	771.208
6.758	762.622
6.759	752.061
6.76	739.551
6.761	725.141
6.762	708.904
6.763	690.934
6.764	671.347
6.765	650.276
6.766	627.873
6.767	604.303
6.768	579.743
6.769	554.378
6.77	528.4
6.771	502.001
6.772	475.374
6.773	448.706
6.774	422.179
6.775	395.964
6.776	370.223
6.777	345.102
6.778	320.734
6.779	297.237
6.78	274.711
6.781	253.244
6.782	232.904
6.783	213.747
6.784	195.814
6.785	179.134
6.786	163.724
6.787	149.591
6.788	136.734
6.789	125.144
6.79	114.807
6.791	105.705
6.792	97.8168
6.793	91.1212
6.794	85.5955
6.795	81.2184
6.796	77.9706
6.797	75.8356
6.798	74.8001
6.799	74.8552
6.8	75.9962
6.801	78.2228
6.802	81.5393
6.803	85.9541
6.804	91.4788
6.805	98.1282
6.806	105.918
6.807	114.865
6.808	124.984
6.809	136.287
6.81	148.78
6.811	162.464
6.812	177.328
6.813	193.353
6.814	210.504
6.815	228.735
6.816	247.982
6.817	268.163
6.818	289.182
6.819	310.922
6.82	333.253
6.821	356.026
6.822	379.079
6.823	402.239
6.824	425.322
6.825	448.139
6.826	470.497
6.827	492.206
6.828	513.078
6.829	532.935
6.83	551.611
6.831	568.959
6.832	584.848
6.833	599.171
6.834	611.849
6.835	622.827
6.836	632.078
6.837	639.606
6.838	645.441
6.839	649.641
6.84	652.288
6.841	653.483
6.842	653.349
6.843	652.019
6.844	649.635
6.845	646.343
6.846	642.287
6.847	637.605
6.848	632.423
6.849	626.851
6.85	620.981
6.851	614.883
6.852	608.605
6.853	602.17
6.854	595.581
6.855	588.818
6.856	581.843
6.857	574.603
6.858	567.036
6.859	559.073
6.86	550.643
6.861	541.68
6.862	532.125
6.863	521.934
6.864	511.077
6.865	499.543
6.866	487.343
6.867	474.509
6.868	461.096
6.869	447.18
6.87	432.856
6.871	418.237
6.872	403.452
6.873	388.639
6.874	373.946
6.875	359.524
6.876	345.523
6.877	332.091
6.878	319.369
6.879	307.485
6.88	296.556
6.881	286.683
6.882	277.946
6.883	270.408
6.884	264.11
6.885	259.068
6.886	255.28
6.887	252.718
6.888	251.333
6.889	251.057
6.89	251.799
6.891	253.452
6.892	255.895
6.893	258.992
6.894	262.598
6.895	266.56
6.896	270.725
6.897	274.938
6.898	279.047
6.899	282.909
6.9	286.391
6.901	289.375
6.902	291.757
6.903	293.453
6.904	294.4
6.905	294.554
6.906	293.895
6.907	292.424
6.908	290.163
6.909	287.152
6.91	283.453
6.911	279.139
6.912	274.3
6.913	269.033
6.914	263.447
6.915	257.651
6.916	251.761
6.917	245.889
6.918	240.148
6.919	234.642
6.92	229.474
6.921	224.736
6.922	220.514
6.923	216.885
6.924	213.915
6.925	211.663
6.926	210.177
6.927	209.497
6.928	209.652
6.929	210.664
6.93	212.545
6.931	215.298
6.932	218.917
6.933	223.389
6.934	228.689
6.935	234.785
6.936	241.636
6.937	249.193
6.938	257.399
6.939	266.188
6.94	275.489
6.941	285.225
6.942	295.316
6.943	305.677
6.944	316.224
6.945	326.875
6.946	337.549
6.947	348.172
6.948	358.676
6.949	369.003
6.95	379.103
6.951	388.942
6.952	398.494
6.953	407.752
6.954	416.718
6.955	425.411
6.956	433.859
6.957	442.107
6.958	450.205
6.959	458.216
6.96	466.207
6.961	474.248
6.962	482.413
6.963	490.771
6.964	499.39
6.965	508.325
6.966	517.625
6.967	527.323
6.968	537.434
6.969	547.957
6.97	558.869
6.971	570.122
6.972	581.649
6.973	593.354
6.974	605.123
6.975	616.815
6.976	628.274
6.977	639.325
6.978	649.779
6.979	659.441
6.98	668.114
6.981	675.602
6.982	681.72
6.983	686.298
6.984	689.187
6.985	690.268
6.986	689.453
6.987	686.691
6.988	681.973
6.989	675.33
6.99	666.837
6.991	656.61
6.992	644.805
6.993	631.613
6.994	617.255
6.995	601.978
6.996	586.043
6.997	569.724
6.998	553.296
6.999	537.028
7	521.177
7.001	505.98
7.002	491.648
7.003	478.362
7.004	466.272
7.005	455.489
7.006	446.091
7.007	438.116
7.008	431.573
7.009	426.436
7.01	422.652
7.011	420.147
7.012	418.827
7.013	418.583
7.014	419.3
7.015	420.86
7.016	423.142
7.017	426.033
7.018	429.427
7.019	433.228
7.02	437.351
7.021	441.724
7.022	446.289
7.023	450.997
7.024	455.813
7.025	460.708
7.026	465.662
7.027	470.659
7.028	475.682
7.029	480.718
7.03	485.749
7.031	490.753
7.032	495.7
7.033	500.556
7.034	505.278
7.035	509.813
7.036	514.104
7.037	518.086
7.038	521.69
7.039	524.843
7.04	527.471
7.041	529.502
7.042	530.867
7.043	531.502
7.044	531.351
7.045	530.366
7.046	528.513
7.047	525.767
7.048	522.116
7.049	517.561
7.05	512.115
7.051	505.806
7.052	498.671
7.053	490.758
7.054	482.125
7.055	472.838
7.056	462.971
7.057	452.603
7.058	441.819
7.059	430.705
7.06	419.351
7.061	407.849
7.062	396.292
7.063	384.77
7.064	373.374
7.065	362.192
7.066	351.31
7.067	340.809
7.068	330.767
7.069	321.255
7.07	312.34
7.071	304.079
7.072	296.525
7.073	289.72
7.074	283.699
7.075	278.488
7.076	274.104
7.077	270.555
7.078	267.841
7.079	265.952
7.08	264.872
7.081	264.577
7.082	265.036
7.083	266.211
7.084	268.06
7.085	270.535
7.086	273.583
7.087	277.149
7.088	281.174
7.089	285.595
7.09	290.35
7.091	295.375
7.092	300.608
7.093	305.985
7.094	311.449
7.095	316.947
7.096	322.429
7.097	327.857
7.098	333.2
7.099	338.44
7.1	343.568
7.101	348.593
7.102	353.533
7.103	358.424
7.104	363.312
7.105	368.255
7.106	373.323
7.107	378.589
7.108	384.133
7.109	390.03
7.11	396.355
7.111	403.168
7.112	410.519
7.113	418.438
7.114	426.932
7.115	435.983
7.116	445.544
7.117	455.54
7.118	465.867
7.119	476.39
7.12	486.95
7.121	497.365
7.122	507.438
7.123	516.956
7.124	525.705
7.125	533.471
7.126	540.05
7.127	545.254
7.128	548.918
7.129	550.909
7.13	551.127
7.131	549.511
7.132	546.041
7.133	540.743
7.134	533.682
7.135	524.967
7.136	514.744
7.137	503.191
7.138	490.518
7.139	476.953
7.14	462.741
7.141	448.137
7.142	433.394
7.143	418.76
7.144	404.471
7.145	390.745
7.146	377.775
7.147	365.729
7.148	354.743
7.149	344.921
7.15	336.336
7.151	329.024
7.152	322.992
7.153	318.216
7.154	314.642
7.155	312.194
7.156	310.772
7.157	310.26
7.158	310.527
7.159	311.431
7.16	312.827
7.161	314.566
7.162	316.499
7.163	318.484
7.164	320.384
7.165	322.075
7.166	323.444
7.167	324.392
7.168	324.837
7.169	324.713
7.17	323.974
7.171	322.589
7.172	320.548
7.173	317.859
7.174	314.546
7.175	310.654
7.176	306.239
7.177	301.376
7.178	296.152
7.179	290.666
7.18	285.027
7.181	279.354
7.182	273.77
7.183	268.404
7.184	263.386
7.185	258.845
7.186	254.907
7.187	251.691
7.188	249.309
7.189	247.859
7.19	247.426
7.191	248.078
7.192	249.863
7.193	252.811
7.194	256.926
7.195	262.189
7.196	268.56
7.197	275.971
7.198	284.334
7.199	293.54
7.2	303.459
7.201	313.948
7.202	324.85
7.203	336.001
7.204	347.234
7.205	358.383
7.206	369.29
7.207	379.806
7.208	389.799
7.209	399.157
7.21	407.79
7.211	415.634
7.212	422.651
7.213	428.831
7.214	434.188
7.215	438.762
7.216	442.615
7.217	445.825
7.218	448.485
7.219	450.696
7.22	452.562
7.221	454.185
7.222	455.659
7.223	457.067
7.224	458.472
7.225	459.922
7.226	461.44
7.227	463.025
7.228	464.653
7.229	466.279
7.23	467.834
7.231	469.234
7.232	470.382
7.233	471.169
7.234	471.484
7.235	471.219
7.236	470.27
7.237	468.545
7.238	465.969
7.239	462.487
7.24	458.067
7.241	452.701
7.242	446.408
7.243	439.234
7.244	431.248
7.245	422.545
7.246	413.239
7.247	403.46
7.248	393.352
7.249	383.067
7.25	372.763
7.251	362.593
7.252	352.708
7.253	343.25
7.254	334.345
7.255	326.106
7.256	318.628
7.257	311.983
7.258	306.226
7.259	301.388
7.26	297.481
7.261	294.496
7.262	292.406
7.263	291.17
7.264	290.729
7.265	291.014
7.266	291.948
7.267	293.445
7.268	295.415
7.269	297.766
7.27	300.407
7.271	303.248
7.272	306.202
7.273	309.189
7.274	312.135
7.275	314.974
7.276	317.647
7.277	320.108
7.278	322.317
7.279	324.248
7.28	325.885
7.281	327.222
7.282	328.264
7.283	329.027
7.284	329.536
7.285	329.826
7.286	329.937
7.287	329.918
7.288	329.822
7.289	329.702
7.29	329.614
7.291	329.61
7.292	329.74
7.293	330.046
7.294	330.563
7.295	331.313
7.296	332.309
7.297	333.55
7.298	335.021
7.299	336.695
7.3	338.53
7.301	340.475
7.302	342.467
7.303	344.435
7.304	346.306
7.305	348.001
7.306	349.445
7.307	350.565
7.308	351.299
7.309	351.591
7.31	351.402
7.311	350.706
7.312	349.494
7.313	347.776
7.314	345.578
7.315	342.943
7.316	339.933
7.317	336.62
7.318	333.09
7.319	329.436
7.32	325.756
7.321	322.152
7.322	318.719
7.323	315.551
7.324	312.729
7.325	310.324
7.326	308.391
7.327	306.968
7.328	306.076
7.329	305.715
7.33	305.868
7.331	306.5
7.332	307.559
7.333	308.977
7.334	310.677
7.335	312.57
7.336	314.563
7.337	316.557
7.338	318.457
7.339	320.17
7.34	321.609
7.341	322.696
7.342	323.365
7.343	323.562
7.344	323.247
7.345	322.393
7.346	320.991
7.347	319.041
7.348	316.56
7.349	313.575
7.35	310.123
7.351	306.251
7.352	302.011
7.353	297.462
7.354	292.663
7.355	287.676
7.356	282.563
7.357	277.384
7.358	272.194
7.359	267.046
7.36	261.989
7.361	257.066
7.362	252.315
7.363	247.769
7.364	243.456
7.365	239.398
7.366	235.615
7.367	232.12
7.368	228.924
7.369	226.036
7.37	223.458
7.371	221.195
7.372	219.246
7.373	217.61
7.374	216.284
7.375	215.262
7.376	214.541
7.377	214.112
7.378	213.966
7.379	214.095
7.38	214.487
7.381	215.127
7.382	216
7.383	217.088
7.384	218.369
7.385	219.82
7.386	221.412
7.387	223.115
7.388	224.896
7.389	226.716
7.39	228.535
7.391	230.311
7.392	232
7.393	233.555
7.394	234.932
7.395	236.087
7.396	236.978
7.397	237.568
7.398	237.824
7.399	237.721
7.4	237.242
7.401	236.38
7.402	235.138
7.403	233.529
7.404	231.58
7.405	229.329
7.406	226.825
7.407	224.128
7.408	221.31
7.409	218.449
7.41	215.632
7.411	212.949
7.412	210.493
7.413	208.357
7.414	206.632
7.415	205.403
7.416	204.749
7.417	204.737
7.418	205.423
7.419	206.851
7.42	209.049
7.421	212.029
7.422	215.79
7.423	220.314
7.424	225.568
7.425	231.506
7.426	238.07
7.427	245.192
7.428	252.797
7.429	260.803
7.43	269.126
7.431	277.68
7.432	286.381
7.433	295.15
7.434	303.911
7.435	312.596
7.436	321.144
7.437	329.503
7.438	337.63
7.439	345.489
7.44	353.053
7.441	360.303
7.442	367.224
7.443	373.806
7.444	380.043
7.445	385.931
7.446	391.466
7.447	396.645
7.448	401.462
7.449	405.909
7.45	409.978
7.451	413.656
7.452	416.93
7.453	419.785
7.454	422.206
7.455	424.177
7.456	425.686
7.457	426.721
7.458	427.278
7.459	427.355
7.46	426.956
7.461	426.092
7.462	424.781
7.463	423.048
7.464	420.923
7.465	418.442
7.466	415.647
7.467	412.582
7.468	409.294
7.469	405.833
7.47	402.246
7.471	398.58
7.472	394.881
7.473	391.189
7.474	387.542
7.475	383.974
7.476	380.515
7.477	377.19
7.478	374.022
7.479	371.032
7.48	368.237
7.481	365.658
7.482	363.312
7.483	361.221
7.484	359.41
7.485	357.907
7.486	356.743
7.487	355.958
7.488	355.594
7.489	355.699
7.49	356.326
7.491	357.532
7.492	359.378
7.493	361.924
7.494	365.233
7.495	369.367
7.496	374.384
7.497	380.336
7.498	387.27
7.499	395.226
