0.5	0
0.501	0
0.502	0
0.503	0
0.504	0
0.505	0
0.506	0
0.507	0
0.508	0
0.509	0
0.51	0
0.511	0
0.512	0
0.513	0
0.514	0
0.515	0
0.516	0
0.517	0
0.518	0
0.519	0
0.52	0
0.521	0
0.522	0
0.523	0
0.524	0
0.525	0
0.526	0
0.527	0
0.528	0
0.529	0
0.53	0
0.531	0
0.532	0
0.533	0
0.534	0
0.535	0
0.536	0
0.537	0
0.538	0
0.539	0
0.54	0
0.541	0
0.542	0
0.543	0
0.544	0
0.545	0
0.546	2.37374e-319
0.547	4.06534e-316
0.548	6.74212e-313
0.549	1.07678e-309
0.55	1.65612e-306
0.551	2.45296e-303
0.552	3.49881e-300
0.553	4.806e-297
0.554	6.35742e-294
0.555	8.09861e-291
0.556	9.93513e-288
0.557	1.17373e-284
0.558	1.33536e-281
0.559	1.46306e-278
0.56	1.54368e-275
0.561	1.5685e-272
0.562	1.53478e-269
0.563	1.44624e-266
0.564	1.31241e-263
0.565	1.14691e-260
0.566	9.65215e-258
0.567	7.82261e-255
0.568	6.10537e-252
0.569	4.58886e-249
0.57	3.32148e-246
0.571	2.31521e-243
0.572	1.55412e-240
0.573	1.00464e-237
0.574	6.25415e-235
0.575	3.74939e-232
0.576	2.16464e-229
0.577	1.20349e-226
0.578	6.4437e-224
0.579	3.32246e-221
0.58	1.64975e-218
0.581	7.88875e-216
0.582	3.63272e-213
0.583	1.61097e-210
0.584	6.87984e-208
0.585	2.82945e-205
0.586	1.12062e-202
0.587	4.27412e-200
0.588	1.56989e-197
0.589	5.55297e-195
0.59	1.89153e-192
0.591	6.20491e-190
0.592	1.96015e-187
0.593	5.96318e-185
0.594	1.74703e-182
0.595	4.92894e-180
0.596	1.33919e-177
0.597	3.50398e-175
0.598	8.82906e-173
0.599	2.1424e-170
0.6	5.00635e-168
0.601	1.12661e-165
0.602	2.44152e-163
0.603	5.0954e-161
0.604	1.02407e-158
0.605	1.98206e-156
0.606	3.69432e-154
0.607	6.6311e-152
0.608	1.14623e-149
0.609	1.90804e-147
0.61	3.05871e-145
0.611	4.72196e-143
0.612	7.02004e-141
0.613	1.00505e-138
0.614	1.38571e-136
0.615	1.83988e-134
0.616	2.35255e-132
0.617	2.89682e-130
0.618	3.43508e-128
0.619	3.9227e-126
0.62	4.31387e-124
0.621	4.56859e-122
0.622	4.6594e-120
0.623	4.57627e-118
0.624	4.32838e-116
0.625	3.94251e-114
0.626	3.45823e-112
0.627	2.92124e-110
0.628	2.37637e-108
0.629	1.86163e-106
0.63	1.40445e-104
0.631	1.02036e-102
0.632	7.13891e-101
0.633	4.80999e-99
0.634	3.12097e-97
0.635	1.95015e-95
0.636	1.17349e-93
0.637	6.80024e-92
0.638	3.79491e-90
0.639	2.03945e-88
0.64	1.0555e-86
0.641	5.26058e-85
0.642	2.5249e-83
0.643	1.16704e-81
0.644	5.19474e-80
0.645	2.22676e-78
0.646	9.19213e-77
0.647	3.65419e-75
0.648	1.39894e-73
0.649	5.15754e-72
0.65	1.83112e-70
0.651	6.26074e-69
0.652	2.06142e-67
0.653	6.53644e-66
0.654	1.99595e-64
0.655	5.86934e-63
0.656	1.66212e-61
0.657	4.53284e-60
0.658	1.19045e-58
0.659	3.01081e-57
0.66	7.33312e-56
0.661	1.72e-54
0.662	3.88509e-53
0.663	8.45096e-52
0.664	1.77029e-50
0.665	3.57122e-49
0.666	6.93779e-48
0.667	1.29795e-46
0.668	2.33846e-45
0.669	4.05727e-44
0.67	6.77909e-43
0.671	1.09079e-41
0.672	1.69023e-40
0.673	2.52221e-39
0.674	3.62453e-38
0.675	5.01596e-37
0.676	6.68482e-36
0.677	8.57943e-35
0.678	1.06038e-33
0.679	1.26211e-32
0.68	1.44665e-31
0.681	1.59686e-30
0.682	1.69746e-29
0.683	1.73767e-28
0.684	1.71304e-27
0.685	1.62631e-26
0.686	1.48686e-25
0.687	1.30909e-24
0.688	1.10995e-23
0.689	9.06293e-23
0.69	7.12636e-22
0.691	5.39635e-21
0.692	3.93519e-20
0.693	2.76353e-19
0.694	1.86894e-18
0.695	1.2172e-17
0.696	7.63412e-17
0.697	4.61095e-16
0.698	2.68197e-15
0.699	1.50228e-14
0.7	8.10368e-14
0.701	4.20965e-13
0.702	2.10592e-12
0.703	1.01455e-11
0.704	4.7069e-11
0.705	2.10296e-10
0.706	9.04815e-10
0.707	3.74906e-09
0.708	1.49595e-08
0.709	5.74838e-08
0.71	2.12719e-07
0.711	7.58057e-07
0.712	2.60153e-06
0.713	8.59786e-06
0.714	2.73643e-05
0.715	8.38709e-05
0.716	0.000247555
0.717	0.000703663
0.718	0.00192615
0.719	0.00507751
0.72	0.0128897
0.721	0.0315115
0.722	0.0741869
0.723	0.168197
0.724	0.367235
0.725	0.772151
0.726	1.56348
0.727	3.04872
0.728	5.725
0.729	10.353
0.73	18.0297
0.731	30.2375
0.732	48.8356
0.733	75.9555
0.734	113.767
0.735	164.098
0.736	227.943
0.737	304.917
0.738	392.799
0.739	487.295
0.74	582.166
0.741	669.784
0.742	742.088
0.743	791.789
0.744	813.573
0.745	805.039
0.746	767.132
0.747	703.974
0.748	622.123
0.749	529.455
0.75	433.925
0.751	342.479
0.752	260.307
0.753	190.533
0.754	134.304
0.755	91.1676
0.756	59.597
0.757	37.5182
0.758	22.7454
0.759	13.2793
0.76	7.46609
0.761	4.04244
0.762	2.10779
0.763	1.05838
0.764	0.51179
0.765	0.238328
0.766	0.106878
0.767	0.0461571
0.768	0.0191964
0.769	0.00768838
0.77	0.0029654
0.771	0.00110145
0.772	0.000393984
0.773	0.000135714
0.774	4.502e-05
0.775	1.4382e-05
0.776	4.42452e-06
0.777	1.31083e-06
0.778	3.73988e-07
0.779	1.02755e-07
0.78	2.71884e-08
0.781	6.9278e-09
0.782	1.69997e-09
0.783	4.01716e-10
0.784	9.14177e-11
0.785	2.00343e-11
0.786	4.22817e-12
0.787	8.59336e-13
0.788	1.68193e-13
0.789	3.17018e-14
0.79	5.75432e-15
0.791	1.00586e-15
0.792	1.69322e-16
0.793	2.74488e-17
0.794	4.28514e-18
0.795	6.4423e-19
0.796	9.32716e-20
0.797	1.30044e-20
0.798	1.74609e-21
0.799	2.25774e-22
0.8	2.81135e-23
0.801	3.37124e-24
0.802	3.89311e-25
0.803	4.3295e-26
0.804	4.63672e-27
0.805	4.78209e-28
0.806	4.74961e-29
0.807	4.54287e-30
0.808	4.18443e-31
0.809	3.71172e-32
0.81	3.17065e-33
0.811	2.60827e-34
0.812	2.06629e-35
0.813	1.57639e-36
0.814	1.15816e-37
0.815	8.19418e-39
0.816	5.58311e-40
0.817	3.66337e-41
0.818	2.31482e-42
0.819	1.4086e-43
0.82	8.2545e-45
0.821	4.6583e-46
0.822	2.53161e-47
0.823	1.32495e-48
0.824	6.67782e-50
0.825	3.24118e-51
0.826	1.51498e-52
0.827	6.81931e-54
0.828	2.95603e-55
0.829	1.23399e-56
0.83	4.96072e-58
0.831	1.92049e-59
0.832	7.15999e-61
0.833	2.57067e-62
0.834	8.88818e-64
0.835	2.95946e-65
0.836	9.48956e-67
0.837	2.9303e-68
0.838	8.71387e-70
0.839	2.49542e-71
0.84	6.88191e-73
0.841	1.82771e-74
0.842	4.67454e-76
0.843	1.15134e-77
0.844	2.73087e-79
0.845	6.23782e-81
0.846	1.37213e-82
0.847	2.90666e-84
0.848	5.92958e-86
0.849	1.1649e-87
0.85	2.20386e-89
0.851	4.01526e-91
0.852	7.04493e-93
0.853	1.19034e-94
0.854	1.93696e-96
0.855	3.21621e-98
0.856	3.91681e-98
0.857	8.1064e-97
0.858	1.66381e-95
0.859	3.34704e-94
0.86	6.59929e-93
0.861	1.2753e-91
0.862	2.4155e-90
0.863	4.48417e-89
0.864	8.15896e-88
0.865	1.45501e-86
0.866	2.54319e-85
0.867	4.35681e-84
0.868	7.3154e-83
0.869	1.20389e-81
0.87	1.94184e-80
0.871	3.06988e-79
0.872	4.75671e-78
0.873	7.2239e-77
0.874	1.07527e-75
0.875	1.5687e-74
0.876	2.24306e-73
0.877	3.14357e-72
0.878	4.31801e-71
0.879	5.8133e-70
0.88	7.67081e-69
0.881	9.92063e-68
0.882	1.25752e-66
0.883	1.56233e-65
0.884	1.90242e-64
0.885	2.2705e-63
0.886	2.65591e-62
0.887	3.04499e-61
0.888	3.42167e-60
0.889	3.7685e-59
0.89	4.06797e-58
0.891	4.30394e-57
0.892	4.46308e-56
0.893	4.53609e-55
0.894	4.51863e-54
0.895	4.41176e-53
0.896	4.22179e-52
0.897	3.95968e-51
0.898	3.64001e-50
0.899	3.27962e-49
0.9	2.89617e-48
0.901	2.50671e-47
0.902	2.12649e-46
0.903	1.76807e-45
0.904	1.44084e-44
0.905	1.15084e-43
0.906	9.00924e-43
0.907	6.91262e-42
0.908	5.19847e-41
0.909	3.83167e-40
0.91	2.76809e-39
0.911	1.95997e-38
0.912	1.36019e-37
0.913	9.25186e-37
0.914	6.16789e-36
0.915	4.03017e-35
0.916	2.58101e-34
0.917	1.62007e-33
0.918	9.96688e-33
0.919	6.00984e-32
0.92	3.55177e-31
0.921	2.05734e-30
0.922	1.16801e-29
0.923	6.49931e-29
0.924	3.54459e-28
0.925	1.89472e-27
0.926	9.92661e-27
0.927	5.09726e-26
0.928	2.56538e-25
0.929	1.26546e-24
0.93	6.11815e-24
0.931	2.89916e-23
0.932	1.34649e-22
0.933	6.12936e-22
0.934	2.73467e-21
0.935	1.19584e-20
0.936	5.12533e-20
0.937	2.15302e-19
0.938	8.86452e-19
0.939	3.57718e-18
0.94	1.41483e-17
0.941	5.48464e-17
0.942	2.08387e-16
0.943	7.76019e-16
0.944	2.83239e-15
0.945	1.01324e-14
0.946	3.55265e-14
0.947	1.22087e-13
0.948	4.11214e-13
0.949	1.35751e-12
0.95	4.39237e-12
0.951	1.39294e-11
0.952	4.32959e-11
0.953	1.31898e-10
0.954	3.93832e-10
0.955	1.15256e-09
0.956	3.30592e-09
0.957	9.29397e-09
0.958	2.56088e-08
0.959	6.91603e-08
0.96	1.83064e-07
0.961	4.74929e-07
0.962	1.20763e-06
0.963	3.00965e-06
0.964	7.35155e-06
0.965	1.76003e-05
0.966	4.12992e-05
0.967	9.49821e-05
0.968	0.000214102
0.969	0.00047302
0.97	0.00102427
0.971	0.00217387
0.972	0.00452198
0.973	0.0092194
0.974	0.0184228
0.975	0.0360819
0.976	0.069263
0.977	0.130314
0.978	0.240305
0.979	0.434321
0.98	0.769377
0.981	1.33582
0.982	2.27318
0.983	3.79139
0.984	6.19789
0.985	9.93042
0.986	15.5945
0.987	24.0023
0.988	36.2088
0.989	53.5372
0.99	77.5847
0.991	110.199
0.992	153.411
0.993	209.323
0.994	279.937
0.995	366.933
0.996	471.409
0.997	593.604
0.998	732.639
0.999	886.307
1	1050.97
1.001	1221.61
1.002	1391.99
1.003	1555.06
1.004	1703.49
1.005	1830.3
1.006	1929.61
1.007	1997.32
1.008	2031.73
1.009	2034
1.01	2008.38
1.011	1962.2
1.012	1905.58
1.013	1850.9
1.014	1812.15
1.015	1803.93
1.016	1840.54
1.017	1934.88
1.018	2097.39
1.019	2334.99
1.02	2650.24
1.021	3040.59
1.022	3497.94
1.023	4008.59
1.024	4553.55
1.025	5109.45
1.026	5649.78
1.027	6146.65
1.028	6572.75
1.029	6903.52
1.03	7119.07
1.031	7205.88
1.032	7157.95
1.033	6977.17
1.034	6673.13
1.035	6262.1
1.036	5765.54
1.037	5208.12
1.038	4615.7
1.039	4013.36
1.04	3423.66
1.041	2865.39
1.042	2352.81
1.043	1895.39
1.044	1498.03
1.045	1161.58
1.046	883.667
1.047	659.533
1.048	482.94
1.049	346.944
1.05	244.532
1.051	169.094
1.052	114.723
1.053	76.3719
1.054	49.8977
1.055	32.0161
1.056	20.2106
1.057	12.6153
1.058	7.89306
1.059	5.12418
1.06	3.71081
1.061	3.30263
1.062	3.74288
1.063	5.03358
1.064	7.31688
1.065	10.8691
1.066	16.104
1.067	23.5802
1.068	34.0093
1.069	48.2592
1.07	67.3467
1.071	92.4158
1.072	124.695
1.073	165.43
1.074	215.795
1.075	276.777
1.076	349.043
1.077	432.802
1.078	527.666
1.079	632.543
1.08	745.558
1.081	864.039
1.082	984.568
1.083	1103.11
1.084	1215.21
1.085	1316.27
1.086	1401.85
1.087	1467.96
1.088	1511.44
1.089	1530.12
1.09	1523.08
1.091	1490.66
1.092	1434.49
1.093	1357.3
1.094	1262.74
1.095	1155.08
1.096	1038.89
1.097	918.737
1.098	798.862
1.099	682.987
1.1	574.135
1.101	474.543
1.102	385.654
1.103	308.164
1.104	242.117
1.105	187.037
1.106	142.067
1.107	106.101
1.108	77.9118
1.109	56.2535
1.11	39.9352
1.111	27.8755
1.112	19.1315
1.113	12.9103
1.114	8.56616
1.115	5.5885
1.116	3.5848
1.117	2.26097
1.118	1.40212
1.119	0.854941
1.12	0.512563
1.121	0.302148
1.122	0.175126
1.123	0.0998032
1.124	0.055924
1.125	0.0308114
1.126	0.0166912
1.127	0.0088904
1.128	0.00465604
1.129	0.00239758
1.13	0.00121392
1.131	0.000604322
1.132	0.000295811
1.133	0.000142383
1.134	6.74127e-05
1.135	3.14477e-05
1.136	1.45746e-05
1.137	6.98186e-06
1.138	4.04094e-06
1.139	3.86023e-06
1.14	6.22702e-06
1.141	1.24396e-05
1.142	2.59293e-05
1.143	5.39259e-05
1.144	0.000110857
1.145	0.000224842
1.146	0.000449767
1.147	0.000887281
1.148	0.0017262
1.149	0.00331192
1.15	0.00626648
1.151	0.0116929
1.152	0.0215169
1.153	0.0390473
1.154	0.0698809
1.155	0.123334
1.156	0.214666
1.157	0.368467
1.158	0.623723
1.159	1.04121
1.16	1.71413
1.161	2.78295
1.162	4.45575
1.163	7.03548
1.164	10.9553
1.165	16.8232
1.166	25.477
1.167	38.0492
1.168	56.04
1.169	81.3968
1.17	116.593
1.171	164.7
1.172	229.441
1.173	315.213
1.174	427.065
1.175	570.61
1.176	751.867
1.177	977.01
1.178	1252.02
1.179	1582.28
1.18	1972.01
1.181	2423.77
1.182	2937.84
1.183	3511.74
1.184	4139.74
1.185	4812.6
1.186	5517.49
1.187	6238.22
1.188	6955.61
1.189	7648.31
1.19	8293.78
1.191	8869.42
1.192	9353.93
1.193	9728.57
1.194	9978.38
1.195	10093.2
1.196	10068.2
1.197	9904.43
1.198	9608.7
1.199	9192.98
1.2	8673.68
1.201	8070.63
1.202	7405.71
1.203	6701.66
1.204	5980.73
1.205	5263.59
1.206	4568.42
1.207	3910.26
1.208	3300.67
1.209	2747.61
1.21	2255.6
1.211	1826.11
1.212	1457.97
1.213	1147.95
1.214	891.367
1.215	682.566
1.216	515.454
1.217	383.876
1.218	281.934
1.219	204.202
1.22	145.858
1.221	102.743
1.222	71.3732
1.223	48.8959
1.224	33.0344
1.225	22.0098
1.226	14.4617
1.227	9.37092
1.228	5.98825
1.229	3.77375
1.23	2.34533
1.231	1.43744
1.232	0.868823
1.233	0.51788
1.234	0.304427
1.235	0.176479
1.236	0.100893
1.237	0.0568829
1.238	0.0316272
1.239	0.0173418
1.24	0.00937746
1.241	0.00500071
1.242	0.00262987
1.243	0.00136393
1.244	0.000697603
1.245	0.000351867
1.246	0.000175027
1.247	8.58597e-05
1.248	4.15364e-05
1.249	1.98165e-05
1.25	9.32385e-06
1.251	4.32694e-06
1.252	1.98165e-06
1.253	8.98047e-07
1.254	4.07958e-07
1.255	1.96896e-07
1.256	1.23127e-07
1.257	1.32096e-07
1.258	2.20553e-07
1.259	4.29627e-07
1.26	8.60689e-07
1.261	1.71846e-06
1.262	3.39688e-06
1.263	6.63858e-06
1.264	1.28234e-05
1.265	2.44818e-05
1.266	4.61942e-05
1.267	8.61463e-05
1.268	0.000158778
1.269	0.000289233
1.27	0.000520727
1.271	0.000926565
1.272	0.00162947
1.273	0.00283218
1.274	0.00486519
1.275	0.00826006
1.276	0.0138602
1.277	0.0229859
1.278	0.0376754
1.279	0.0610321
1.28	0.0977153
1.281	0.154622
1.282	0.241816
1.283	0.373767
1.284	0.570982
1.285	0.862081
1.286	1.28641
1.287	1.8972
1.288	2.76535
1.289	3.98376
1.29	5.67205
1.291	7.98162
1.292	11.1006
1.293	15.2583
1.294	20.7286
1.295	27.8316
1.296	36.9326
1.297	48.438
1.298	62.7867
1.299	80.4364
1.3	101.845
1.301	127.449
1.302	157.628
1.303	192.679
1.304	232.778
1.305	277.94
1.306	327.994
1.307	382.548
1.308	440.97
1.309	502.384
1.31	565.676
1.311	629.512
1.312	692.379
1.313	752.642
1.314	808.606
1.315	858.598
1.316	901.047
1.317	934.563
1.318	958.019
1.319	970.609
1.32	971.893
1.321	961.827
1.322	940.761
1.323	909.424
1.324	868.875
1.325	820.451
1.326	765.689
1.327	706.246
1.328	643.82
1.329	580.065
1.33	516.527
1.331	454.584
1.332	395.402
1.333	339.914
1.334	288.803
1.335	242.516
1.336	201.271
1.337	165.093
1.338	133.838
1.339	107.234
1.34	84.9166
1.341	66.4593
1.342	51.4072
1.343	39.3003
1.344	29.6942
1.345	22.1744
1.346	16.3658
1.347	11.9378
1.348	8.60633
1.349	6.13218
1.35	4.31834
1.351	3.00554
1.352	2.06744
1.353	1.40556
1.354	0.94443
1.355	0.627193
1.356	0.411674
1.357	0.267089
1.358	0.171316
1.359	0.108701
1.36	0.0683418
1.361	0.0427796
1.362	0.0270185
1.363	0.0178218
1.364	0.013225
1.365	0.0122266
1.366	0.0146298
1.367	0.021022
1.368	0.0328941
1.369	0.0529196
1.37	0.0854303
1.371	0.137148
1.372	0.218258
1.373	0.343933
1.374	0.536463
1.375	0.828149
1.376	1.26521
1.377	1.91291
1.378	2.86222
1.379	4.23824
1.38	6.21075
1.381	9.00694
1.382	12.9266
1.383	18.3598
1.384	25.8063
1.385	35.897
1.386	49.4158
1.387	67.3205
1.388	90.7621
1.389	121.098
1.39	159.898
1.391	208.942
1.392	270.198
1.393	345.79
1.394	437.945
1.395	548.909
1.396	680.858
1.397	835.771
1.398	1015.3
1.399	1220.6
1.4	1452.21
1.401	1709.86
1.402	1992.36
1.403	2297.47
1.404	2621.84
1.405	2961
1.406	3309.38
1.407	3660.41
1.408	4006.73
1.409	4340.37
1.41	4653.07
1.411	4936.63
1.412	5183.21
1.413	5385.76
1.414	5538.28
1.415	5636.18
1.416	5676.46
1.417	5657.92
1.418	5581.16
1.419	5448.61
1.42	5264.35
1.421	5033.94
1.422	4764.13
1.423	4462.55
1.424	4137.33
1.425	3796.74
1.426	3448.9
1.427	3101.38
1.428	2761.06
1.429	2433.81
1.43	2124.47
1.431	1836.74
1.432	1573.18
1.433	1335.26
1.434	1123.51
1.435	937.586
1.436	776.469
1.437	638.6
1.438	522.049
1.439	424.652
1.44	344.146
1.441	278.275
1.442	224.875
1.443	181.936
1.444	147.649
1.445	120.426
1.446	98.9119
1.447	81.9809
1.448	68.7268
1.449	58.4477
1.45	50.6291
1.451	44.9268
1.452	41.1522
1.453	39.2603
1.454	39.3428
1.455	41.6242
1.456	46.4625
1.457	54.3531
1.458	65.9345
1.459	81.9951
1.46	103.479
1.461	131.488
1.462	167.278
1.463	212.251
1.464	267.93
1.465	335.932
1.466	417.916
1.467	515.525
1.468	630.313
1.469	763.654
1.47	916.643
1.471	1089.99
1.472	1283.92
1.473	1498.06
1.474	1731.34
1.475	1981.96
1.476	2247.3
1.477	2523.93
1.478	2807.65
1.479	3093.56
1.48	3376.14
1.481	3649.48
1.482	3907.4
1.483	4143.74
1.484	4352.56
1.485	4528.39
1.486	4666.49
1.487	4763.04
1.488	4815.32
1.489	4821.85
1.49	4782.44
1.491	4698.21
1.492	4571.55
1.493	4405.97
1.494	4205.99
1.495	3976.87
1.496	3724.46
1.497	3454.88
1.498	3174.32
1.499	2888.79
1.5	2603.93
1.501	2324.83
1.502	2055.9
1.503	1800.79
1.504	1562.33
1.505	1342.57
1.506	1142.76
1.507	963.457
1.508	804.598
1.509	665.594
1.51	545.442
1.511	442.835
1.512	356.26
1.513	284.091
1.514	224.67
1.515	176.374
1.516	137.661
1.517	107.112
1.518	83.4541
1.519	65.5722
1.52	52.5135
1.521	43.4838
1.522	37.8374
1.523	35.0643
1.524	34.7737
1.525	36.6767
1.526	40.568
1.527	46.3081
1.528	53.8051
1.529	62.9982
1.53	73.8421
1.531	86.2918
1.532	100.29
1.533	115.757
1.534	132.578
1.535	150.599
1.536	169.621
1.537	189.399
1.538	209.642
1.539	230.014
1.54	250.148
1.541	269.649
1.542	288.108
1.543	305.115
1.544	320.276
1.545	333.223
1.546	343.633
1.547	351.241
1.548	355.849
1.549	357.336
1.55	355.662
1.551	350.873
1.552	343.095
1.553	332.532
1.554	319.455
1.555	304.192
1.556	287.116
1.557	268.627
1.558	249.142
1.559	229.078
1.56	208.843
1.561	188.821
1.562	169.367
1.563	150.802
1.564	133.413
1.565	117.451
1.566	103.142
1.567	90.6897
1.568	80.2916
1.569	72.1506
1.57	66.4913
1.571	63.5777
1.572	63.7316
1.573	67.3513
1.574	74.9297
1.575	87.0712
1.576	104.506
1.577	128.103
1.578	158.872
1.579	197.968
1.58	246.683
1.581	306.429
1.582	378.713
1.583	465.102
1.584	567.172
1.585	686.449
1.586	824.34
1.587	982.056
1.588	1160.52
1.589	1360.28
1.59	1581.41
1.591	1823.45
1.592	2085.31
1.593	2365.22
1.594	2660.68
1.595	2968.48
1.596	3284.69
1.597	3604.73
1.598	3923.46
1.599	4235.3
1.6	4534.36
1.601	4814.68
1.602	5070.32
1.603	5295.68
1.604	5485.62
1.605	5635.7
1.606	5742.32
1.607	5802.9
1.608	5815.95
1.609	5781.14
1.61	5699.34
1.611	5572.54
1.612	5403.81
1.613	5197.14
1.614	4957.31
1.615	4689.71
1.616	4400.12
1.617	4094.49
1.618	3778.79
1.619	3458.79
1.62	3139.88
1.621	2826.96
1.622	2524.32
1.623	2235.56
1.624	1963.57
1.625	1710.51
1.626	1477.82
1.627	1266.29
1.628	1076.13
1.629	907.017
1.63	758.199
1.631	628.594
1.632	516.867
1.633	421.519
1.634	340.96
1.635	273.584
1.636	217.824
1.637	172.216
1.638	135.45
1.639	106.428
1.64	84.3373
1.641	68.7258
1.642	59.6081
1.643	57.58
1.644	63.9401
1.645	80.796
1.646	111.118
1.647	158.699
1.648	227.962
1.649	323.59
1.65	449.935
1.651	610.254
1.652	805.833
1.653	1035.13
1.654	1293.1
1.655	1570.94
1.656	1856.27
1.657	2133.95
1.658	2387.46
1.659	2600.54
1.66	2759.09
1.661	2852.72
1.662	2875.97
1.663	2828.77
1.664	2716.23
1.665	2547.78
1.666	2335.86
1.667	2094.45
1.668	1837.6
1.669	1578.22
1.67	1327.21
1.671	1093.05
1.672	881.584
1.673	696.229
1.674	538.247
1.675	407.172
1.676	301.251
1.677	217.865
1.678	153.92
1.679	106.166
1.68	71.4491
1.681	46.8895
1.682	29.9907
1.683	18.6859
1.684	11.3361
1.685	6.69358
1.686	3.84547
1.687	2.14883
1.688	1.16762
1.689	0.616808
1.69	0.316711
1.691	0.158041
1.692	0.0766315
1.693	0.0361018
1.694	0.016523
1.695	0.00734604
1.696	0.00317243
1.697	0.0013307
1.698	0.000542119
1.699	0.000214497
1.7	8.24225e-05
1.701	3.07578e-05
1.702	1.11465e-05
1.703	3.92274e-06
1.704	1.3406e-06
1.705	4.44903e-07
1.706	1.43377e-07
1.707	4.48685e-08
1.708	1.36347e-08
1.709	4.02337e-09
1.71	1.15285e-09
1.711	3.20768e-10
1.712	8.66651e-11
1.713	2.27369e-11
1.714	5.79231e-12
1.715	1.43288e-12
1.716	3.44284e-13
1.717	8.072e-14
1.718	2.00605e-14
1.719	1.18107e-14
1.72	3.25327e-14
1.721	1.25405e-13
1.722	4.82588e-13
1.723	1.81259e-12
1.724	6.63686e-12
1.725	2.36885e-11
1.726	8.24181e-11
1.727	2.79523e-10
1.728	9.24111e-10
1.729	2.9781e-09
1.73	9.35548e-09
1.731	2.86486e-08
1.732	8.55164e-08
1.733	2.48832e-07
1.734	7.05788e-07
1.735	1.95142e-06
1.736	5.25944e-06
1.737	1.38178e-05
1.738	3.53872e-05
1.739	8.83416e-05
1.74	0.000214978
1.741	0.000509957
1.742	0.00117919
1.743	0.00265793
1.744	0.00584001
1.745	0.0125082
1.746	0.0261147
1.747	0.0531479
1.748	0.105438
1.749	0.203901
1.75	0.384371
1.751	0.706306
1.752	1.26516
1.753	2.20906
1.754	3.75994
1.755	6.23828
1.756	10.0892
1.757	15.906
1.758	24.4442
1.759	36.6185
1.76	53.4732
1.761	76.1169
1.762	105.618
1.763	142.857
1.764	188.355
1.765	242.083
1.766	303.292
1.767	370.397
1.768	440.945
1.769	511.695
1.77	578.827
1.771	638.259
1.772	686.049
1.773	718.826
1.774	734.18
1.775	730.956
1.776	709.399
1.777	671.12
1.778	618.9
1.779	556.353
1.78	487.518
1.781	416.43
1.782	346.739
1.783	281.432
1.784	222.667
1.785	171.73
1.786	129.107
1.787	94.6154
1.788	67.5903
1.789	47.0671
1.79	31.9493
1.791	21.1405
1.792	13.6357
1.793	8.57339
1.794	5.25457
1.795	3.13929
1.796	1.82825
1.797	1.03789
1.798	0.574351
1.799	0.309823
1.8	0.162914
1.801	0.0835057
1.802	0.0417239
1.803	0.0203222
1.804	0.00964935
1.805	0.00446773
1.806	0.00201977
1.807	0.000897036
1.808	0.000402564
1.809	0.000204213
1.81	0.000153373
1.811	0.000194584
1.812	0.000323993
1.813	0.000574041
1.814	0.00101281
1.815	0.00175248
1.816	0.00296416
1.817	0.00489756
1.818	0.00790364
1.819	0.0124575
1.82	0.0191773
1.821	0.0288336
1.822	0.042341
1.823	0.0607264
1.824	0.0850643
1.825	0.116378
1.826	0.155505
1.827	0.202943
1.828	0.258675
1.829	0.322024
1.83	0.39154
1.831	0.46496
1.832	0.539274
1.833	0.610879
1.834	0.675856
1.835	0.730309
1.836	0.770746
1.837	0.794456
1.838	0.799799
1.839	0.786402
1.84	0.755199
1.841	0.708323
1.842	0.648865
1.843	0.580538
1.844	0.507294
1.845	0.432953
1.846	0.360891
1.847	0.293808
1.848	0.233617
1.849	0.181426
1.85	0.137609
1.851	0.10194
1.852	0.0737561
1.853	0.05212
1.854	0.0359722
1.855	0.0242489
1.856	0.0159666
1.857	0.0102718
1.858	0.00646359
1.859	0.00399527
1.86	0.00246594
1.861	0.00161037
1.862	0.0012991
1.863	0.00156303
1.864	0.00266526
1.865	0.00525739
1.866	0.0106827
1.867	0.0215294
1.868	0.0425963
1.869	0.0825203
1.87	0.156427
1.871	0.290104
1.872	0.52634
1.873	0.934214
1.874	1.62216
1.875	2.75552
1.876	4.57912
1.877	7.44432
1.878	11.8395
1.879	18.4208
1.88	28.0381
1.881	41.7498
1.882	60.8171
1.883	86.6688
1.884	120.827
1.885	164.791
1.886	219.871
1.887	286.991
1.888	366.466
1.889	457.788
1.89	559.45
1.891	668.843
1.892	782.262
1.893	895.047
1.894	1001.86
1.895	1097.06
1.896	1175.23
1.897	1231.62
1.898	1262.7
1.899	1266.45
1.9	1242.63
1.901	1192.78
1.902	1120.07
1.903	1028.95
1.904	924.723
1.905	813.005
1.906	699.263
1.907	588.375
1.908	484.32
1.909	390.011
1.91	307.247
1.911	236.79
1.912	178.527
1.913	131.677
1.914	95.0133
1.915	67.0691
1.916	46.3155
1.917	31.2893
1.918	20.6791
1.919	13.37
1.92	8.45667
1.921	5.23277
1.922	3.1676
1.923	1.87583
1.924	1.08673
1.925	0.615911
1.926	0.341491
1.927	0.185227
1.928	0.0982873
1.929	0.0510217
1.93	0.0259107
1.931	0.0128726
1.932	0.00625637
1.933	0.0029747
1.934	0.00138366
1.935	0.000629622
1.936	0.000280284
1.937	0.000122062
1.938	5.20031e-05
1.939	2.16742e-05
1.94	8.83738e-06
1.941	3.52508e-06
1.942	1.37556e-06
1.943	5.25119e-07
1.944	1.9611e-07
1.945	7.16488e-08
1.946	2.56087e-08
1.947	8.95499e-09
1.948	3.06564e-09
1.949	1.03351e-09
1.95	3.61473e-10
1.951	1.8444e-10
1.952	2.57712e-10
1.953	6.49758e-10
1.954	1.7928e-09
1.955	4.91319e-09
1.956	1.32225e-08
1.957	3.49016e-08
1.958	9.0345e-08
1.959	2.29342e-07
1.96	5.7093e-07
1.961	1.39381e-06
1.962	3.3369e-06
1.963	7.83439e-06
1.964	1.8038e-05
1.965	4.07282e-05
1.966	9.01829e-05
1.967	0.000195829
1.968	0.00041702
1.969	0.000870888
1.97	0.0017836
1.971	0.00358229
1.972	0.00705601
1.973	0.0136299
1.974	0.0258206
1.975	0.0479715
1.976	0.0874076
1.977	0.156196
1.978	0.27375
1.979	0.470556
1.98	0.793323
1.981	1.31185
1.982	2.1278
1.983	3.38539
1.984	5.28373
1.985	8.09011
1.986	12.153
1.987	17.913
1.988	25.9093
1.989	36.7795
1.99	51.2492
1.991	70.1104
1.992	94.187
1.993	124.288
1.994	161.152
1.995	205.387
1.996	257.413
1.997	317.414
1.998	385.309
1.999	460.748
2	543.127
2.001	631.631
2.002	725.291
2.003	823.042
2.004	923.78
2.005	1026.38
2.006	1129.7
2.007	1232.56
2.008	1333.65
2.009	1431.47
2.01	1524.29
2.011	1610.06
2.012	1686.45
2.013	1750.91
2.014	1800.81
2.015	1833.61
2.016	1847.1
2.017	1839.59
2.018	1810.16
2.019	1758.81
2.02	1686.48
2.021	1595.1
2.022	1487.49
2.023	1367.12
2.024	1237.96
2.025	1104.15
2.026	969.774
2.027	838.611
2.028	713.939
2.029	598.408
2.03	493.983
2.031	401.943
2.032	322.957
2.033	257.189
2.034	204.45
2.035	164.357
2.036	136.498
2.037	120.579
2.038	116.555
2.039	124.718
2.04	145.754
2.041	180.744
2.042	231.121
2.043	298.573
2.044	384.887
2.045	491.751
2.046	620.512
2.047	771.906
2.048	945.783
2.049	1140.85
2.05	1354.47
2.051	1582.54
2.052	1819.45
2.053	2058.23
2.054	2290.8
2.055	2508.38
2.056	2701.97
2.057	2862.97
2.058	2983.83
2.059	3058.57
2.06	3083.31
2.061	3056.59
2.062	2979.51
2.063	2855.69
2.064	2690.92
2.065	2492.79
2.066	2270.04
2.067	2031.98
2.068	1787.78
2.069	1545.94
2.07	1313.81
2.071	1097.26
2.072	900.55
2.073	726.296
2.074	575.604
2.075	448.285
2.076	343.132
2.077	258.214
2.078	191.171
2.079	139.463
2.08	100.579
2.081	72.1922
2.082	52.2566
2.083	39.0618
2.084	31.2452
2.085	27.7761
2.086	27.9189
2.087	31.1844
2.088	37.2739
2.089	46.0216
2.09	57.3401
2.091	71.1698
2.092	87.4361
2.093	106.017
2.094	126.725
2.095	149.295
2.096	173.398
2.097	198.66
2.098	224.694
2.099	251.138
2.1	277.695
2.101	304.166
2.102	330.464
2.103	356.623
2.104	382.769
2.105	409.083
2.106	435.737
2.107	462.833
2.108	490.328
2.109	517.984
2.11	545.338
2.111	571.699
2.112	596.183
2.113	617.78
2.114	635.446
2.115	648.204
2.116	655.256
2.117	656.063
2.118	650.41
2.119	638.429
2.12	620.586
2.121	597.624
2.122	570.488
2.123	540.229
2.124	507.903
2.125	474.487
2.126	440.813
2.127	407.527
2.128	375.079
2.129	343.74
2.13	313.638
2.131	284.801
2.132	257.211
2.133	230.841
2.134	205.696
2.135	181.824
2.136	159.332
2.137	138.371
2.138	119.13
2.139	101.82
2.14	86.6523
2.141	73.8327
2.142	63.5486
2.143	55.968
2.144	51.239
2.145	49.4925
2.146	50.8447
2.147	55.3984
2.148	63.2409
2.149	74.4412
2.15	89.045
2.151	107.073
2.152	128.522
2.153	153.378
2.154	181.638
2.155	213.344
2.156	248.632
2.157	287.783
2.158	331.283
2.159	379.869
2.16	434.552
2.161	496.618
2.162	567.573
2.163	649.048
2.164	742.641
2.165	849.721
2.166	971.197
2.167	1107.27
2.168	1257.21
2.169	1419.18
2.17	1590.13
2.171	1765.82
2.172	1940.95
2.173	2109.36
2.174	2264.47
2.175	2399.66
2.176	2508.77
2.177	2586.58
2.178	2629.21
2.179	2634.43
2.18	2601.86
2.181	2532.95
2.182	2430.86
2.183	2300.2
2.184	2146.64
2.185	1976.48
2.186	1796.2
2.187	1612.05
2.188	1429.7
2.189	1253.97
2.19	1088.69
2.191	936.619
2.192	799.497
2.193	678.121
2.194	572.5
2.195	482.017
2.196	405.595
2.197	341.862
2.198	289.281
2.199	246.269
2.2	211.283
2.201	182.88
2.202	159.761
2.203	140.799
2.204	125.048
2.205	111.753
2.206	100.344
2.207	90.4302
2.208	81.7945
2.209	74.3811
2.21	68.2894
2.211	63.768
2.212	61.2111
2.213	61.1584
2.214	64.296
2.215	71.4571
2.216	83.6189
2.217	101.892
2.218	127.496
2.219	161.722
2.22	205.867
2.221	261.155
2.222	328.626
2.223	409.016
2.224	502.621
2.225	609.165
2.226	727.679
2.227	856.418
2.228	992.818
2.229	1133.52
2.23	1274.45
2.231	1411.02
2.232	1538.28
2.233	1651.29
2.234	1745.38
2.235	1816.48
2.236	1861.38
2.237	1878.04
2.238	1865.66
2.239	1824.82
2.24	1757.36
2.241	1666.3
2.242	1555.59
2.243	1429.84
2.244	1293.97
2.245	1152.93
2.246	1011.41
2.247	873.557
2.248	742.839
2.249	621.922
2.25	512.643
2.251	416.035
2.252	332.415
2.253	261.499
2.254	202.535
2.255	154.448
2.256	115.969
2.257	85.7493
2.258	62.4545
2.259	44.833
2.26	31.7604
2.261	22.265
2.262	15.536
2.263	10.9198
2.264	7.90757
2.265	6.11857
2.266	5.28127
2.267	5.21435
2.268	5.80869
2.269	7.01104
2.27	8.80926
2.271	11.2191
2.272	14.2722
2.273	18.0048
2.274	22.4477
2.275	27.617
2.276	33.5057
2.277	40.0777
2.278	47.2637
2.279	54.9607
2.28	63.0344
2.281	71.3268
2.282	79.6668
2.283	87.8858
2.284	95.8352
2.285	103.407
2.286	110.555
2.287	117.31
2.288	123.8
2.289	130.26
2.29	137.032
2.291	144.568
2.292	153.415
2.293	164.202
2.294	177.609
2.295	194.345
2.296	215.11
2.297	240.561
2.298	271.274
2.299	307.705
2.3	350.16
2.301	398.751
2.302	453.374
2.303	513.671
2.304	579.015
2.305	648.493
2.306	720.898
2.307	794.744
2.308	868.289
2.309	939.581
2.31	1006.52
2.311	1066.96
2.312	1118.76
2.313	1159.98
2.314	1188.9
2.315	1204.21
2.316	1205.04
2.317	1191.07
2.318	1162.56
2.319	1120.33
2.32	1065.73
2.321	1000.56
2.322	926.989
2.323	847.384
2.324	764.208
2.325	679.875
2.326	596.627
2.327	516.434
2.328	440.921
2.329	371.33
2.33	308.5
2.331	252.889
2.332	204.608
2.333	163.474
2.334	129.075
2.335	100.833
2.336	78.0689
2.337	60.0552
2.338	46.0665
2.339	35.4147
2.34	27.4764
2.341	21.7099
2.342	17.6657
2.343	14.9909
2.344	13.4298
2.345	12.8223
2.346	13.1022
2.347	14.2948
2.348	16.5157
2.349	19.9701
2.35	24.9514
2.351	31.8394
2.352	41.0962
2.353	53.2573
2.354	68.9185
2.355	88.7147
2.356	113.291
2.357	143.266
2.358	179.184
2.359	221.464
2.36	270.343
2.361	325.819
2.362	387.6
2.363	455.059
2.364	527.211
2.365	602.709
2.366	679.864
2.367	756.691
2.368	830.99
2.369	900.443
2.37	962.732
2.371	1015.67
2.372	1057.34
2.373	1086.18
2.374	1101.14
2.375	1101.69
2.376	1087.89
2.377	1060.39
2.378	1020.35
2.379	969.386
2.38	909.475
2.381	842.799
2.382	771.639
2.383	698.239
2.384	624.695
2.385	552.864
2.386	484.302
2.387	420.224
2.388	361.499
2.389	308.668
2.39	261.981
2.391	221.453
2.392	186.922
2.393	158.116
2.394	134.714
2.395	116.402
2.396	102.918
2.397	94.0896
2.398	89.8522
2.399	90.2634
2.4	95.4991
2.401	105.841
2.402	121.652
2.403	143.343
2.404	171.33
2.405	205.989
2.406	247.599
2.407	296.293
2.408	352.007
2.409	414.435
2.41	483.001
2.411	556.84
2.412	634.803
2.413	715.477
2.414	797.23
2.415	878.278
2.416	956.757
2.417	1030.82
2.418	1098.71
2.419	1158.86
2.42	1209.99
2.421	1251.11
2.422	1281.59
2.423	1301.15
2.424	1309.86
2.425	1308.1
2.426	1296.48
2.427	1275.83
2.428	1247.08
2.429	1211.25
2.43	1169.36
2.431	1122.45
2.432	1071.48
2.433	1017.4
2.434	961.08
2.435	903.375
2.436	845.088
2.437	786.988
2.438	729.811
2.439	674.242
2.44	620.907
2.441	570.351
2.442	523.015
2.443	479.219
2.444	439.148
2.445	402.846
2.446	370.217
2.447	341.042
2.448	314.998
2.449	291.69
2.45	270.682
2.451	251.533
2.452	233.829
2.453	217.21
2.454	201.394
2.455	186.186
2.456	171.484
2.457	157.277
2.458	143.633
2.459	130.682
2.46	118.601
2.461	107.592
2.462	97.8604
2.463	89.5993
2.464	82.9719
2.465	78.0985
2.466	75.0471
2.467	73.8271
2.468	74.3859
2.469	76.6084
2.47	80.3204
2.471	85.2927
2.472	91.2496
2.473	97.8778
2.474	104.839
2.475	111.783
2.476	118.361
2.477	124.242
2.478	129.129
2.479	132.768
2.48	134.962
2.481	135.581
2.482	134.565
2.483	131.923
2.484	127.734
2.485	122.138
2.486	115.326
2.487	107.526
2.488	98.9919
2.489	89.9862
2.49	80.7677
2.491	71.5782
2.492	62.6333
2.493	54.1143
2.494	46.1646
2.495	38.8875
2.496	32.3482
2.497	26.5766
2.498	21.573
2.499	17.3138
2.5	13.7594
2.501	10.861
2.502	8.56876
2.503	6.83901
2.504	5.64254
2.505	4.97275
2.506	4.85473
2.507	5.35561
2.508	6.59644
2.509	8.76616
2.51	12.1377
2.511	17.0865
2.512	24.1104
2.513	33.8509
2.514	47.1136
2.515	64.8868
2.516	88.3539
2.517	118.899
2.518	158.097
2.519	207.697
2.52	269.57
2.521	345.656
2.522	437.865
2.523	547.974
2.524	677.488
2.525	827.495
2.526	998.506
2.527	1190.3
2.528	1401.81
2.529	1630.95
2.53	1874.65
2.531	2128.74
2.532	2388.1
2.533	2646.75
2.534	2898.06
2.535	3135.01
2.536	3350.53
2.537	3537.87
2.538	3690.93
2.539	3804.62
2.54	3875.17
2.541	3900.37
2.542	3879.72
2.543	3814.46
2.544	3707.53
2.545	3563.4
2.546	3387.85
2.547	3187.62
2.548	2970.08
2.549	2742.8
2.55	2513.23
2.551	2288.29
2.552	2074.12
2.553	1875.84
2.554	1697.36
2.555	1541.33
2.556	1409.13
2.557	1300.89
2.558	1215.68
2.559	1151.6
2.56	1106.01
2.561	1075.73
2.562	1057.26
2.563	1047
2.564	1041.4
2.565	1037.19
2.566	1031.48
2.567	1021.88
2.568	1006.57
2.569	984.324
2.57	954.522
2.571	917.107
2.572	872.524
2.573	821.642
2.574	765.654
2.575	705.976
2.576	644.142
2.577	581.707
2.578	520.165
2.579	460.876
2.58	405.018
2.581	353.553
2.582	307.222
2.583	266.541
2.584	231.828
2.585	203.23
2.586	180.762
2.587	164.346
2.588	153.854
2.589	149.146
2.59	150.095
2.591	156.617
2.592	168.68
2.593	186.306
2.594	209.564
2.595	238.556
2.596	273.39
2.597	314.15
2.598	360.864
2.599	413.474
2.6	471.803
2.601	535.534
2.602	604.2
2.603	677.176
2.604	753.699
2.605	832.879
2.606	913.745
2.607	995.276
2.608	1076.46
2.609	1156.31
2.61	1233.97
2.611	1308.66
2.612	1379.78
2.613	1446.87
2.614	1509.61
2.615	1567.82
2.616	1621.41
2.617	1670.34
2.618	1714.61
2.619	1754.19
2.62	1789.01
2.621	1818.99
2.622	1843.95
2.623	1863.72
2.624	1878.14
2.625	1887.09
2.626	1890.57
2.627	1888.74
2.628	1881.98
2.629	1870.92
2.63	1856.48
2.631	1839.91
2.632	1822.72
2.633	1806.69
2.634	1793.85
2.635	1786.33
2.636	1786.34
2.637	1796.05
2.638	1817.44
2.639	1852.22
2.64	1901.69
2.641	1966.61
2.642	2047.12
2.643	2142.65
2.644	2251.84
2.645	2372.57
2.646	2501.96
2.647	2636.42
2.648	2771.81
2.649	2903.55
2.65	3026.84
2.651	3136.89
2.652	3229.12
2.653	3299.39
2.654	3344.24
2.655	3361.05
2.656	3348.16
2.657	3304.99
2.658	3232.01
2.659	3130.74
2.66	3003.63
2.661	2853.92
2.662	2685.49
2.663	2502.58
2.664	2309.66
2.665	2111.17
2.666	1911.37
2.667	1714.15
2.668	1522.92
2.669	1340.53
2.67	1169.24
2.671	1010.68
2.672	865.889
2.673	735.378
2.674	619.181
2.675	516.943
2.676	427.998
2.677	351.453
2.678	286.263
2.679	231.302
2.68	185.415
2.681	147.463
2.682	116.364
2.683	91.107
2.684	70.7761
2.685	54.552
2.686	41.716
2.687	31.6473
2.688	23.8163
2.689	17.7777
2.69	13.1613
2.691	9.66299
2.692	7.03554
2.693	5.08053
2.694	3.64035
2.695	2.59145
2.696	1.83841
2.697	1.30899
2.698	0.950079
2.699	0.724694
2.7	0.60978
2.701	0.595028
2.702	0.682626
2.703	0.888024
2.704	1.24177
2.705	1.79255
2.706	2.61143
2.707	3.79752
2.708	5.48503
2.709	7.85174
2.71	11.1288
2.711	15.6118
2.712	21.6719
2.713	29.7681
2.714	40.4576
2.715	54.4051
2.716	72.3882
2.717	95.2981
2.718	124.133
2.719	159.986
2.72	204.018
2.721	257.421
2.722	321.377
2.723	396.992
2.724	485.228
2.725	586.828
2.726	702.231
2.727	831.488
2.728	974.189
2.729	1129.4
2.73	1295.6
2.731	1470.7
2.732	1652
2.733	1836.29
2.734	2019.87
2.735	2198.71
2.736	2368.59
2.737	2525.23
2.738	2664.52
2.739	2782.67
2.74	2876.42
2.741	2943.16
2.742	2981.09
2.743	2989.3
2.744	2967.78
2.745	2917.46
2.746	2840.1
2.747	2738.25
2.748	2615.06
2.749	2474.15
2.75	2319.41
2.751	2154.88
2.752	1984.48
2.753	1811.97
2.754	1640.73
2.755	1473.75
2.756	1313.48
2.757	1161.9
2.758	1020.42
2.759	890.01
2.76	771.148
2.761	663.95
2.762	568.209
2.763	483.466
2.764	409.083
2.765	344.304
2.766	288.304
2.767	240.237
2.768	199.272
2.769	164.617
2.77	135.536
2.771	111.366
2.772	91.5166
2.773	75.479
2.774	62.8214
2.775	53.1887
2.776	46.2984
2.777	41.9363
2.778	39.951
2.779	40.2475
2.78	42.7801
2.781	47.5433
2.782	54.5621
2.783	63.8811
2.784	75.5509
2.785	89.6154
2.786	106.097
2.787	124.98
2.788	146.203
2.789	169.637
2.79	195.086
2.791	222.271
2.792	250.837
2.793	280.349
2.794	310.302
2.795	340.139
2.796	369.263
2.797	397.066
2.798	422.951
2.799	446.361
2.8	466.811
2.801	483.904
2.802	497.364
2.803	507.044
2.804	512.939
2.805	515.186
2.806	514.06
2.807	509.958
2.808	503.375
2.809	494.884
2.81	485.1
2.811	474.647
2.812	464.13
2.813	454.103
2.814	445.039
2.815	437.319
2.816	431.21
2.817	426.864
2.818	424.316
2.819	423.496
2.82	424.24
2.821	426.307
2.822	429.409
2.823	433.229
2.824	437.448
2.825	441.773
2.826	445.956
2.827	449.818
2.828	453.265
2.829	456.299
2.83	459.027
2.831	461.664
2.832	464.535
2.833	468.061
2.834	472.756
2.835	479.207
2.836	488.057
2.837	499.983
2.838	515.672
2.839	535.791
2.84	560.965
2.841	591.747
2.842	628.59
2.843	671.828
2.844	721.652
2.845	778.096
2.846	841.03
2.847	910.157
2.848	985.022
2.849	1065.03
2.85	1149.47
2.851	1237.57
2.852	1328.52
2.853	1421.54
2.854	1515.95
2.855	1611.2
2.856	1706.99
2.857	1803.26
2.858	1900.28
2.859	1998.65
2.86	2099.31
2.861	2203.53
2.862	2312.84
2.863	2428.98
2.864	2553.76
2.865	2688.96
2.866	2836.15
2.867	2996.57
2.868	3170.92
2.869	3359.26
2.87	3560.85
2.871	3774.08
2.872	3996.41
2.873	4224.36
2.874	4453.61
2.875	4679.07
2.876	4895.09
2.877	5095.68
2.878	5274.74
2.879	5426.35
2.88	5545.06
2.881	5626.17
2.882	5665.93
2.883	5661.79
2.884	5612.51
2.885	5518.23
2.886	5380.48
2.887	5202.1
2.888	4987.14
2.889	4740.64
2.89	4468.38
2.891	4176.7
2.892	3872.16
2.893	3561.29
2.894	3250.4
2.895	2945.28
2.896	2651.13
2.897	2372.35
2.898	2112.51
2.899	1874.3
2.9	1659.54
2.901	1469.24
2.902	1303.66
2.903	1162.39
2.904	1044.48
2.905	948.512
2.906	872.747
2.907	815.184
2.908	773.67
2.909	745.973
2.91	729.846
2.911	723.086
2.912	723.574
2.913	729.315
2.914	738.466
2.915	749.357
2.916	760.51
2.917	770.649
2.918	778.713
2.919	783.851
2.92	785.426
2.921	783.007
2.922	776.354
2.923	765.407
2.924	750.262
2.925	731.15
2.926	708.411
2.927	682.469
2.928	653.806
2.929	622.94
2.93	590.403
2.931	556.725
2.932	522.421
2.933	487.981
2.934	453.866
2.935	420.508
2.936	388.308
2.937	357.644
2.938	328.871
2.939	302.329
2.94	278.351
2.941	257.26
2.942	239.377
2.943	225.021
2.944	214.507
2.945	208.143
2.946	206.225
2.947	209.033
2.948	216.817
2.949	229.795
2.95	248.136
2.951	271.955
2.952	301.298
2.953	336.135
2.954	376.353
2.955	421.744
2.956	472.005
2.957	526.73
2.958	585.415
2.959	647.458
2.96	712.163
2.961	778.75
2.962	846.364
2.963	914.087
2.964	980.953
2.965	1045.96
2.966	1108.11
2.967	1166.38
2.968	1219.79
2.969	1267.4
2.97	1308.34
2.971	1341.81
2.972	1367.14
2.973	1383.76
2.974	1391.28
2.975	1389.43
2.976	1378.14
2.977	1357.52
2.978	1327.86
2.979	1289.63
2.98	1243.47
2.981	1190.19
2.982	1130.72
2.983	1066.13
2.984	997.539
2.985	926.127
2.986	853.082
2.987	779.569
2.988	706.697
2.989	635.489
2.99	566.858
2.991	501.59
2.992	440.333
2.993	383.588
2.994	331.716
2.995	284.941
2.996	243.364
2.997	206.975
2.998	175.68
2.999	149.31
3	127.648
3.001	110.446
3.002	97.4402
3.003	88.3695
3.004	82.9869
3.005	81.0703
3.006	82.4311
3.007	86.9211
3.008	94.4371
3.009	104.926
3.01	118.388
3.011	134.881
3.012	154.523
3.013	177.496
3.014	204.049
3.015	234.502
3.016	269.243
3.017	308.727
3.018	353.47
3.019	404.038
3.02	461.029
3.021	525.052
3.022	596.691
3.023	676.474
3.024	764.825
3.025	862.019
3.026	968.131
3.027	1082.99
3.028	1206.11
3.029	1336.7
3.03	1473.6
3.031	1615.26
3.032	1759.79
3.033	1904.94
3.034	2048.17
3.035	2186.74
3.036	2317.73
3.037	2438.21
3.038	2545.33
3.039	2636.41
3.04	2709.11
3.041	2761.5
3.042	2792.16
3.043	2800.27
3.044	2785.64
3.045	2748.76
3.046	2690.76
3.047	2613.38
3.048	2518.91
3.049	2410.12
3.05	2290.07
3.051	2162.1
3.052	2029.6
3.053	1895.93
3.054	1764.31
3.055	1637.65
3.056	1518.51
3.057	1409
3.058	1310.73
3.059	1224.81
3.06	1151.78
3.061	1091.68
3.062	1044.09
3.063	1008.15
3.064	982.627
3.065	966.033
3.066	956.664
3.067	952.7
3.068	952.29
3.069	953.628
3.07	955.023
3.071	954.96
3.072	952.15
3.073	945.565
3.074	934.458
3.075	918.373
3.076	897.139
3.077	870.849
3.078	839.834
3.079	804.628
3.08	765.92
3.081	724.515
3.082	681.284
3.083	637.12
3.084	592.902
3.085	549.457
3.086	507.538
3.087	467.803
3.088	430.808
3.089	397.002
3.09	366.736
3.091	340.271
3.092	317.792
3.093	299.432
3.094	285.283
3.095	275.417
3.096	269.904
3.097	268.816
3.098	272.245
3.099	280.298
3.1	293.095
3.101	310.767
3.102	333.442
3.103	361.229
3.104	394.203
3.105	432.389
3.106	475.743
3.107	524.14
3.108	577.358
3.109	635.072
3.11	696.853
3.111	762.168
3.112	830.387
3.113	900.798
3.114	972.622
3.115	1045.04
3.116	1117.19
3.117	1188.23
3.118	1257.34
3.119	1323.72
3.12	1386.63
3.121	1445.41
3.122	1499.48
3.123	1548.3
3.124	1591.44
3.125	1628.53
3.126	1659.23
3.127	1683.3
3.128	1700.5
3.129	1710.65
3.13	1713.58
3.131	1709.19
3.132	1697.38
3.133	1678.12
3.134	1651.42
3.135	1617.38
3.136	1576.18
3.137	1528.07
3.138	1473.46
3.139	1412.82
3.14	1346.78
3.141	1276.05
3.142	1201.45
3.143	1123.87
3.144	1044.28
3.145	963.64
3.146	882.959
3.147	803.194
3.148	725.255
3.149	649.974
3.15	578.083
3.151	510.2
3.152	446.818
3.153	388.305
3.154	334.901
3.155	286.732
3.156	243.82
3.157	206.1
3.158	173.439
3.159	145.659
3.16	122.562
3.161	103.946
3.162	89.6313
3.163	79.4783
3.164	73.4056
3.165	71.4043
3.166	73.5504
3.167	80.0122
3.168	91.0557
3.169	107.045
3.17	128.437
3.171	155.776
3.172	189.676
3.173	230.807
3.174	279.869
3.175	337.563
3.176	404.562
3.177	481.472
3.178	568.793
3.179	666.883
3.18	775.913
3.181	895.834
3.182	1026.34
3.183	1166.84
3.184	1316.45
3.185	1473.96
3.186	1637.86
3.187	1806.34
3.188	1977.32
3.189	2148.47
3.19	2317.31
3.191	2481.2
3.192	2637.48
3.193	2783.49
3.194	2916.66
3.195	3034.59
3.196	3135.14
3.197	3216.45
3.198	3277.04
3.199	3315.85
3.2	3332.22
3.201	3326
3.202	3297.48
3.203	3247.38
3.204	3176.88
3.205	3087.55
3.206	2981.27
3.207	2860.24
3.208	2726.86
3.209	2583.69
3.21	2433.37
3.211	2278.58
3.212	2121.9
3.213	1965.85
3.214	1812.75
3.215	1664.72
3.216	1523.62
3.217	1391.03
3.218	1268.23
3.219	1156.18
3.22	1055.54
3.221	966.643
3.222	889.549
3.223	824.037
3.224	769.646
3.225	725.705
3.226	691.372
3.227	665.672
3.228	647.537
3.229	635.854
3.23	629.501
3.231	627.395
3.232	628.529
3.233	632.01
3.234	637.097
3.235	643.225
3.236	650.036
3.237	657.397
3.238	665.412
3.239	674.431
3.24	685.046
3.241	698.084
3.242	714.588
3.243	735.792
3.244	763.09
3.245	797.99
3.246	842.067
3.247	896.905
3.248	964.04
3.249	1044.89
3.25	1140.69
3.251	1252.42
3.252	1380.74
3.253	1525.94
3.254	1687.87
3.255	1865.91
3.256	2058.92
3.257	2265.26
3.258	2482.77
3.259	2708.79
3.26	2940.23
3.261	3173.6
3.262	3405.13
3.263	3630.83
3.264	3846.64
3.265	4048.51
3.266	4232.58
3.267	4395.25
3.268	4533.34
3.269	4644.16
3.27	4725.65
3.271	4776.4
3.272	4795.73
3.273	4783.7
3.274	4741.11
3.275	4669.44
3.276	4570.85
3.277	4448.06
3.278	4304.27
3.279	4143.05
3.28	3968.22
3.281	3783.77
3.282	3593.67
3.283	3401.82
3.284	3211.93
3.285	3027.43
3.286	2851.35
3.287	2686.35
3.288	2534.59
3.289	2397.74
3.29	2276.98
3.291	2172.99
3.292	2085.97
3.293	2015.69
3.294	1961.51
3.295	1922.49
3.296	1897.39
3.297	1884.77
3.298	1883.09
3.299	1890.73
3.3	1906.07
3.301	1927.59
3.302	1953.89
3.303	1983.72
3.304	2016.07
3.305	2050.12
3.306	2085.29
3.307	2121.21
3.308	2157.72
3.309	2194.81
3.31	2232.6
3.311	2271.29
3.312	2311.12
3.313	2352.3
3.314	2394.99
3.315	2439.24
3.316	2485.01
3.317	2532.08
3.318	2580.1
3.319	2628.58
3.32	2676.9
3.321	2724.33
3.322	2770.08
3.323	2813.33
3.324	2853.27
3.325	2889.15
3.326	2920.32
3.327	2946.24
3.328	2966.57
3.329	2981.12
3.33	2989.9
3.331	2993.1
3.332	2991.1
3.333	2984.43
3.334	2973.72
3.335	2959.72
3.336	2943.17
3.337	2924.86
3.338	2905.47
3.339	2885.61
3.34	2865.77
3.341	2846.25
3.342	2827.18
3.343	2808.49
3.344	2789.94
3.345	2771.08
3.346	2751.35
3.347	2730.03
3.348	2706.33
3.349	2679.44
3.35	2648.52
3.351	2612.79
3.352	2571.59
3.353	2524.36
3.354	2470.7
3.355	2410.42
3.356	2343.51
3.357	2270.18
3.358	2190.85
3.359	2106.14
3.36	2016.86
3.361	1923.98
3.362	1828.61
3.363	1731.97
3.364	1635.33
3.365	1540.02
3.366	1447.36
3.367	1358.62
3.368	1274.98
3.369	1197.53
3.37	1127.22
3.371	1064.8
3.372	1010.84
3.373	965.711
3.374	929.54
3.375	902.242
3.376	883.502
3.377	872.797
3.378	869.404
3.379	872.432
3.38	880.851
3.381	893.525
3.382	909.258
3.383	926.834
3.384	945.063
3.385	962.826
3.386	979.121
3.387	993.096
3.388	1004.09
3.389	1011.65
3.39	1015.55
3.391	1015.82
3.392	1012.73
3.393	1006.76
3.394	998.603
3.395	989.155
3.396	979.432
3.397	970.558
3.398	963.707
3.399	960.05
3.4	960.709
3.401	966.697
3.402	978.877
3.403	997.915
3.404	1024.25
3.405	1058.04
3.406	1099.2
3.407	1147.35
3.408	1201.81
3.409	1261.66
3.41	1325.76
3.411	1392.74
3.412	1461.14
3.413	1529.36
3.414	1595.82
3.415	1658.97
3.416	1717.37
3.417	1769.77
3.418	1815.17
3.419	1852.82
3.42	1882.35
3.421	1903.74
3.422	1917.34
3.423	1923.87
3.424	1924.44
3.425	1920.44
3.426	1913.57
3.427	1905.73
3.428	1898.95
3.429	1895.32
3.43	1896.91
3.431	1905.63
3.432	1923.22
3.433	1951.11
3.434	1990.37
3.435	2041.63
3.436	2105.07
3.437	2180.37
3.438	2266.73
3.439	2362.83
3.44	2466.94
3.441	2576.91
3.442	2690.28
3.443	2804.35
3.444	2916.28
3.445	3023.2
3.446	3122.32
3.447	3211.03
3.448	3286.98
3.449	3348.21
3.45	3393.17
3.451	3420.82
3.452	3430.6
3.453	3422.5
3.454	3397.01
3.455	3355.09
3.456	3298.12
3.457	3227.83
3.458	3146.23
3.459	3055.49
3.46	2957.89
3.461	2855.7
3.462	2751.13
3.463	2646.22
3.464	2542.84
3.465	2442.57
3.466	2346.74
3.467	2256.36
3.468	2172.16
3.469	2094.6
3.47	2023.84
3.471	1959.85
3.472	1902.38
3.473	1851.02
3.474	1805.26
3.475	1764.5
3.476	1728.08
3.477	1695.35
3.478	1665.65
3.479	1638.36
3.48	1612.92
3.481	1588.81
3.482	1565.59
3.483	1542.9
3.484	1520.44
3.485	1498
3.486	1475.41
3.487	1452.6
3.488	1429.53
3.489	1406.23
3.49	1382.73
3.491	1359.15
3.492	1335.59
3.493	1312.17
3.494	1289.03
3.495	1266.3
3.496	1244.11
3.497	1222.56
3.498	1201.76
3.499	1181.77
3.5	1162.66
3.501	1144.47
3.502	1127.21
3.503	1110.88
3.504	1095.47
3.505	1080.92
3.506	1067.2
3.507	1054.23
3.508	1041.9
3.509	1030.12
3.51	1018.74
3.511	1007.6
3.512	996.532
3.513	985.319
3.514	973.741
3.515	961.559
3.516	948.524
3.517	934.382
3.518	918.891
3.519	901.826
3.52	882.992
3.521	862.238
3.522	839.467
3.523	814.649
3.524	787.827
3.525	759.129
3.526	728.767
3.527	697.044
3.528	664.348
3.529	631.152
3.53	598.005
3.531	565.527
3.532	534.394
3.533	505.327
3.534	479.081
3.535	456.429
3.536	438.149
3.537	425.006
3.538	417.742
3.539	417.054
3.54	423.583
3.541	437.895
3.542	460.465
3.543	491.659
3.544	531.718
3.545	580.739
3.546	638.662
3.547	705.253
3.548	780.092
3.549	862.566
3.55	951.868
3.551	1046.99
3.552	1146.74
3.553	1249.77
3.554	1354.55
3.555	1459.45
3.556	1562.77
3.557	1662.75
3.558	1757.65
3.559	1845.78
3.56	1925.54
3.561	1995.53
3.562	2054.5
3.563	2101.48
3.564	2135.73
3.565	2156.84
3.566	2164.67
3.567	2159.39
3.568	2141.46
3.569	2111.61
3.57	2070.77
3.571	2020.1
3.572	1960.88
3.573	1894.48
3.574	1822.34
3.575	1745.88
3.576	1666.47
3.577	1585.41
3.578	1503.87
3.579	1422.88
3.58	1343.32
3.581	1265.91
3.582	1191.21
3.583	1119.65
3.584	1051.49
3.585	986.901
3.586	925.957
3.587	868.657
3.588	814.949
3.589	764.753
3.59	717.977
3.591	674.526
3.592	634.318
3.593	597.287
3.594	563.384
3.595	532.577
3.596	504.847
3.597	480.182
3.598	458.568
3.599	439.982
3.6	424.384
3.601	411.709
3.602	401.863
3.603	394.713
3.604	390.092
3.605	387.792
3.606	387.567
3.607	389.14
3.608	392.203
3.609	396.427
3.61	401.471
3.611	406.987
3.612	412.634
3.613	418.087
3.614	423.043
3.615	427.234
3.616	430.432
3.617	432.457
3.618	433.182
3.619	432.533
3.62	430.492
3.621	427.097
3.622	422.435
3.623	416.642
3.624	409.891
3.625	402.391
3.626	394.372
3.627	386.081
3.628	377.774
3.629	369.702
3.63	362.109
3.631	355.227
3.632	349.265
3.633	344.412
3.634	340.831
3.635	338.662
3.636	338.018
3.637	338.993
3.638	341.66
3.639	346.075
3.64	352.283
3.641	360.315
3.642	370.196
3.643	381.947
3.644	395.584
3.645	411.12
3.646	428.569
3.647	447.942
3.648	469.254
3.649	492.517
3.65	517.748
3.651	544.968
3.652	574.201
3.653	605.481
3.654	638.85
3.655	674.361
3.656	712.081
3.657	752.086
3.658	794.463
3.659	839.308
3.66	886.714
3.661	936.769
3.662	989.543
3.663	1045.07
3.664	1103.36
3.665	1164.33
3.666	1227.85
3.667	1293.68
3.668	1361.5
3.669	1430.85
3.67	1501.18
3.671	1571.81
3.672	1641.96
3.673	1710.73
3.674	1777.15
3.675	1840.21
3.676	1898.84
3.677	1951.99
3.678	1998.64
3.679	2037.87
3.68	2068.84
3.681	2090.86
3.682	2103.43
3.683	2106.21
3.684	2099.1
3.685	2082.2
3.686	2055.85
3.687	2020.59
3.688	1977.16
3.689	1926.48
3.69	1869.62
3.691	1807.77
3.692	1742.21
3.693	1674.25
3.694	1605.24
3.695	1536.49
3.696	1469.25
3.697	1404.7
3.698	1343.9
3.699	1287.77
3.7	1237.08
3.701	1192.44
3.702	1154.26
3.703	1122.79
3.704	1098.11
3.705	1080.08
3.706	1068.43
3.707	1062.7
3.708	1062.3
3.709	1066.5
3.71	1074.47
3.711	1085.29
3.712	1097.97
3.713	1111.5
3.714	1124.85
3.715	1137.02
3.716	1147.05
3.717	1154.07
3.718	1157.31
3.719	1156.1
3.72	1149.94
3.721	1138.45
3.722	1121.43
3.723	1098.86
3.724	1070.83
3.725	1037.65
3.726	999.709
3.727	957.565
3.728	911.863
3.729	863.339
3.73	812.785
3.731	761.036
3.732	708.936
3.733	657.325
3.734	607.015
3.735	558.773
3.736	513.307
3.737	471.256
3.738	433.179
3.739	399.555
3.74	370.773
3.741	347.139
3.742	328.87
3.743	316.102
3.744	308.891
3.745	307.215
3.746	310.979
3.747	320.021
3.748	334.11
3.749	352.954
3.75	376.202
3.751	403.449
3.752	434.239
3.753	468.072
3.754	504.412
3.755	542.696
3.756	582.341
3.757	622.763
3.758	663.386
3.759	703.658
3.76	743.072
3.761	781.18
3.762	817.609
3.763	852.08
3.764	884.421
3.765	914.577
3.766	942.62
3.767	968.749
3.768	993.292
3.769	1016.69
3.77	1039.51
3.771	1062.37
3.772	1086
3.773	1111.12
3.774	1138.48
3.775	1168.79
3.776	1202.7
3.777	1240.75
3.778	1283.35
3.779	1330.76
3.78	1383.02
3.781	1440
3.782	1501.33
3.783	1566.45
3.784	1634.57
3.785	1704.73
3.786	1775.78
3.787	1846.46
3.788	1915.41
3.789	1981.22
3.79	2042.49
3.791	2097.84
3.792	2146.02
3.793	2185.89
3.794	2216.5
3.795	2237.11
3.796	2247.21
3.797	2246.55
3.798	2235.12
3.799	2213.18
3.8	2181.23
3.801	2139.98
3.802	2090.34
3.803	2033.41
3.804	1970.38
3.805	1902.56
3.806	1831.32
3.807	1758.03
3.808	1684.07
3.809	1610.78
3.81	1539.42
3.811	1471.18
3.812	1407.14
3.813	1348.3
3.814	1295.52
3.815	1249.55
3.816	1211.01
3.817	1180.42
3.818	1158.17
3.819	1144.54
3.82	1139.67
3.821	1143.6
3.822	1156.24
3.823	1177.37
3.824	1206.64
3.825	1243.58
3.826	1287.57
3.827	1337.85
3.828	1393.54
3.829	1453.64
3.83	1517.01
3.831	1582.43
3.832	1648.6
3.833	1714.16
3.834	1777.72
3.835	1837.9
3.836	1893.38
3.837	1942.89
3.838	1985.29
3.839	2019.57
3.84	2044.91
3.841	2060.68
3.842	2066.48
3.843	2062.11
3.844	2047.62
3.845	2023.3
3.846	1989.62
3.847	1947.28
3.848	1897.14
3.849	1840.18
3.85	1777.5
3.851	1710.28
3.852	1639.7
3.853	1566.96
3.854	1493.21
3.855	1419.52
3.856	1346.9
3.857	1276.2
3.858	1208.17
3.859	1143.42
3.86	1082.42
3.861	1025.5
3.862	972.865
3.863	924.616
3.864	880.74
3.865	841.144
3.866	805.667
3.867	774.096
3.868	746.186
3.869	721.668
3.87	700.269
3.871	681.714
3.872	665.742
3.873	652.107
3.874	640.58
3.875	630.955
3.876	623.05
3.877	616.698
3.878	611.755
3.879	608.095
3.88	605.604
3.881	604.187
3.882	603.758
3.883	604.249
3.884	605.602
3.885	607.775
3.886	610.741
3.887	614.49
3.888	619.031
3.889	624.391
3.89	630.618
3.891	637.778
3.892	645.955
3.893	655.249
3.894	665.77
3.895	677.637
3.896	690.967
3.897	705.872
3.898	722.452
3.899	740.784
3.9	760.916
3.901	782.862
3.902	806.59
3.903	832.026
3.904	859.04
3.905	887.457
3.906	917.046
3.907	947.533
3.908	978.603
3.909	1009.91
3.91	1041.08
3.911	1071.74
3.912	1101.51
3.913	1130.03
3.914	1156.97
3.915	1182.06
3.916	1205.06
3.917	1225.81
3.918	1244.22
3.919	1260.26
3.92	1274.01
3.921	1285.58
3.922	1295.19
3.923	1303.07
3.924	1309.54
3.925	1314.92
3.926	1319.54
3.927	1323.76
3.928	1327.89
3.929	1332.2
3.93	1336.94
3.931	1342.27
3.932	1348.28
3.933	1355.01
3.934	1362.4
3.935	1370.32
3.936	1378.55
3.937	1386.85
3.938	1394.88
3.939	1402.32
3.94	1408.77
3.941	1413.88
3.942	1417.26
3.943	1418.58
3.944	1417.55
3.945	1413.9
3.946	1407.47
3.947	1398.12
3.948	1385.8
3.949	1370.54
3.95	1352.42
3.951	1331.58
3.952	1308.24
3.953	1282.63
3.954	1255.05
3.955	1225.79
3.956	1195.18
3.957	1163.53
3.958	1131.15
3.959	1098.34
3.96	1065.39
3.961	1032.53
3.962	1000
3.963	967.99
3.964	936.67
3.965	906.19
3.966	876.681
3.967	848.262
3.968	821.045
3.969	795.142
3.97	770.67
3.971	747.753
3.972	726.532
3.973	707.161
3.974	689.812
3.975	674.672
3.976	661.942
3.977	651.835
3.978	644.569
3.979	640.361
3.98	639.423
3.981	641.952
3.982	648.125
3.983	658.088
3.984	671.95
3.985	689.78
3.986	711.593
3.987	737.35
3.988	766.954
3.989	800.241
3.99	836.985
3.991	876.896
3.992	919.616
3.993	964.728
3.994	1011.76
3.995	1060.17
3.996	1109.41
3.997	1158.85
3.998	1207.87
3.999	1255.82
4	1302.04
4.001	1345.9
4.002	1386.79
4.003	1424.11
4.004	1457.35
4.005	1486.05
4.006	1509.81
4.007	1528.34
4.008	1541.43
4.009	1548.97
4.01	1550.97
4.011	1547.53
4.012	1538.87
4.013	1525.29
4.014	1507.22
4.015	1485.14
4.016	1459.62
4.017	1431.28
4.018	1400.79
4.019	1368.85
4.02	1336.15
4.021	1303.38
4.022	1271.2
4.023	1240.22
4.024	1210.98
4.025	1183.97
4.026	1159.56
4.027	1138.05
4.028	1119.61
4.029	1104.32
4.03	1092.16
4.031	1083
4.032	1076.62
4.033	1072.71
4.034	1070.88
4.035	1070.72
4.036	1071.73
4.037	1073.42
4.038	1075.28
4.039	1076.82
4.04	1077.56
4.041	1077.08
4.042	1075.02
4.043	1071.05
4.044	1064.95
4.045	1056.56
4.046	1045.79
4.047	1032.65
4.048	1017.21
4.049	999.586
4.05	979.973
4.051	958.598
4.052	935.721
4.053	911.618
4.054	886.573
4.055	860.863
4.056	834.747
4.057	808.459
4.058	782.2
4.059	756.134
4.06	730.384
4.061	705.033
4.062	680.127
4.063	655.676
4.064	631.661
4.065	608.041
4.066	584.762
4.067	561.758
4.068	538.966
4.069	516.328
4.07	493.802
4.071	471.361
4.072	448.999
4.073	426.738
4.074	404.62
4.075	382.714
4.076	361.111
4.077	339.922
4.078	319.272
4.079	299.297
4.08	280.142
4.081	261.952
4.082	244.867
4.083	229.02
4.084	214.533
4.085	201.512
4.086	190.046
4.087	180.203
4.088	172.033
4.089	165.565
4.09	160.809
4.091	157.758
4.092	156.391
4.093	156.674
4.094	158.566
4.095	162.017
4.096	166.977
4.097	173.398
4.098	181.234
4.099	190.444
4.1	200.996
4.101	212.865
4.102	226.036
4.103	240.501
4.104	256.255
4.105	273.301
4.106	291.636
4.107	311.258
4.108	332.155
4.109	354.3
4.11	377.652
4.111	402.146
4.112	427.695
4.113	454.181
4.114	481.458
4.115	509.351
4.116	537.656
4.117	566.141
4.118	594.553
4.119	622.623
4.12	650.072
4.121	676.615
4.122	701.978
4.123	725.9
4.124	748.144
4.125	768.508
4.126	786.828
4.127	802.991
4.128	816.938
4.129	828.665
4.13	838.231
4.131	845.75
4.132	851.399
4.133	855.403
4.134	858.037
4.135	859.616
4.136	860.482
4.137	861
4.138	861.543
4.139	862.482
4.14	864.174
4.141	866.951
4.142	871.111
4.143	876.909
4.144	884.544
4.145	894.161
4.146	905.836
4.147	919.579
4.148	935.332
4.149	952.964
4.15	972.278
4.151	993.011
4.152	1014.84
4.153	1037.38
4.154	1060.21
4.155	1082.87
4.156	1104.87
4.157	1125.7
4.158	1144.84
4.159	1161.8
4.16	1176.07
4.161	1187.22
4.162	1194.82
4.163	1198.51
4.164	1198.02
4.165	1193.1
4.166	1183.64
4.167	1169.56
4.168	1150.91
4.169	1127.81
4.17	1100.46
4.171	1069.17
4.172	1034.29
4.173	996.258
4.174	955.573
4.175	912.771
4.176	868.421
4.177	823.112
4.178	777.438
4.179	731.984
4.18	687.31
4.181	643.946
4.182	602.371
4.183	563.014
4.184	526.238
4.185	492.342
4.186	461.55
4.187	434.017
4.188	409.826
4.189	388.993
4.19	371.469
4.191	357.151
4.192	345.886
4.193	337.482
4.194	331.718
4.195	328.354
4.196	327.142
4.197	327.836
4.198	330.203
4.199	334.032
4.2	339.14
4.201	345.383
4.202	352.658
4.203	360.905
4.204	370.114
4.205	380.316
4.206	391.59
4.207	404.047
4.208	417.833
4.209	433.114
4.21	450.068
4.211	468.874
4.212	489.697
4.213	512.682
4.214	537.932
4.215	565.507
4.216	595.406
4.217	627.562
4.218	661.833
4.219	698.001
4.22	735.77
4.221	774.767
4.222	814.547
4.223	854.604
4.224	894.379
4.225	933.272
4.226	970.664
4.227	1005.93
4.228	1038.45
4.229	1067.63
4.23	1092.96
4.231	1113.94
4.232	1130.2
4.233	1141.41
4.234	1147.39
4.235	1148.04
4.236	1143.37
4.237	1133.5
4.238	1118.66
4.239	1099.18
4.24	1075.47
4.241	1048
4.242	1017.34
4.243	984.064
4.244	948.799
4.245	912.175
4.246	874.823
4.247	837.353
4.248	800.349
4.249	764.349
4.25	729.842
4.251	697.255
4.252	666.954
4.253	639.236
4.254	614.326
4.255	592.385
4.256	573.502
4.257	557.704
4.258	544.959
4.259	535.178
4.26	528.226
4.261	523.925
4.262	522.061
4.263	522.394
4.264	524.661
4.265	528.59
4.266	533.904
4.267	540.326
4.268	547.592
4.269	555.457
4.27	563.699
4.271	572.127
4.272	580.587
4.273	588.965
4.274	597.191
4.275	605.242
4.276	613.139
4.277	620.949
4.278	628.783
4.279	636.786
4.28	645.137
4.281	654.039
4.282	663.711
4.283	674.377
4.284	686.258
4.285	699.561
4.286	714.469
4.287	731.131
4.288	749.653
4.289	770.092
4.29	792.453
4.291	816.681
4.292	842.662
4.293	870.225
4.294	899.146
4.295	929.148
4.296	959.918
4.297	991.107
4.298	1022.35
4.299	1053.26
4.3	1083.46
4.301	1112.6
4.302	1140.32
4.303	1166.33
4.304	1190.37
4.305	1212.23
4.306	1231.76
4.307	1248.85
4.308	1263.48
4.309	1275.67
4.31	1285.49
4.311	1293.07
4.312	1298.56
4.313	1302.16
4.314	1304.09
4.315	1304.57
4.316	1303.83
4.317	1302.1
4.318	1299.58
4.319	1296.44
4.32	1292.85
4.321	1288.91
4.322	1284.7
4.323	1280.27
4.324	1275.61
4.325	1270.68
4.326	1265.42
4.327	1259.71
4.328	1253.45
4.329	1246.47
4.33	1238.64
4.331	1229.78
4.332	1219.76
4.333	1208.41
4.334	1195.61
4.335	1181.26
4.336	1165.26
4.337	1147.57
4.338	1128.17
4.339	1107.08
4.34	1084.34
4.341	1060.05
4.342	1034.33
4.343	1007.33
4.344	979.236
4.345	950.253
4.346	920.611
4.347	890.549
4.348	860.321
4.349	830.182
4.35	800.386
4.351	771.181
4.352	742.804
4.353	715.476
4.354	689.399
4.355	664.753
4.356	641.693
4.357	620.348
4.358	600.819
4.359	583.18
4.36	567.474
4.361	553.721
4.362	541.909
4.363	532.004
4.364	523.947
4.365	517.653
4.366	513.019
4.367	509.92
4.368	508.216
4.369	507.75
4.37	508.35
4.371	509.836
4.372	512.018
4.373	514.702
4.374	517.693
4.375	520.795
4.376	523.818
4.377	526.582
4.378	528.918
4.379	530.675
4.38	531.72
4.381	531.943
4.382	531.259
4.383	529.611
4.384	526.971
4.385	523.34
4.386	518.746
4.387	513.248
4.388	506.927
4.389	499.89
4.39	492.261
4.391	484.181
4.392	475.8
4.393	467.277
4.394	458.771
4.395	450.437
4.396	442.425
4.397	434.874
4.398	427.909
4.399	421.638
4.4	416.152
4.401	411.523
4.402	407.804
4.403	405.031
4.404	403.218
4.405	402.369
4.406	402.468
4.407	403.489
4.408	405.396
4.409	408.142
4.41	411.674
4.411	415.933
4.412	420.857
4.413	426.379
4.414	432.43
4.415	438.939
4.416	445.834
4.417	453.039
4.418	460.482
4.419	468.085
4.42	475.774
4.421	483.473
4.422	491.111
4.423	498.615
4.424	505.919
4.425	512.962
4.426	519.689
4.427	526.053
4.428	532.018
4.429	537.558
4.43	542.66
4.431	547.324
4.432	551.563
4.433	555.405
4.434	558.894
4.435	562.085
4.436	565.047
4.437	567.863
4.438	570.625
4.439	573.434
4.44	576.4
4.441	579.636
4.442	583.26
4.443	587.39
4.444	592.141
4.445	597.625
4.446	603.947
4.447	611.2
4.448	619.465
4.449	628.807
4.45	639.272
4.451	650.887
4.452	663.654
4.453	677.548
4.454	692.52
4.455	708.493
4.456	725.361
4.457	742.992
4.458	761.227
4.459	779.887
4.46	798.773
4.461	817.668
4.462	836.352
4.463	854.595
4.464	872.176
4.465	888.882
4.466	904.516
4.467	918.908
4.468	931.916
4.469	943.435
4.47	953.399
4.471	961.786
4.472	968.615
4.473	973.951
4.474	977.9
4.475	980.606
4.476	982.242
4.477	983.011
4.478	983.129
4.479	982.826
4.48	982.328
4.481	981.854
4.482	981.605
4.483	981.758
4.484	982.457
4.485	983.812
4.486	985.892
4.487	988.725
4.488	992.296
4.489	996.555
4.49	1001.41
4.491	1006.76
4.492	1012.44
4.493	1018.32
4.494	1024.2
4.495	1029.94
4.496	1035.37
4.497	1040.32
4.498	1044.67
4.499	1048.3
4.5	1051.11
4.501	1053.04
4.502	1054.05
4.503	1054.11
4.504	1053.24
4.505	1051.45
4.506	1048.79
4.507	1045.29
4.508	1041.02
4.509	1036.04
4.51	1030.4
4.511	1024.16
4.512	1017.36
4.513	1010.06
4.514	1002.26
4.515	994.014
4.516	985.318
4.517	976.185
4.518	966.62
4.519	956.621
4.52	946.191
4.521	935.332
4.522	924.051
4.523	912.363
4.524	900.29
4.525	887.862
4.526	875.12
4.527	862.113
4.528	848.899
4.529	835.544
4.53	822.119
4.531	808.696
4.532	795.351
4.533	782.159
4.534	769.189
4.535	756.504
4.536	744.161
4.537	732.207
4.538	720.676
4.539	709.591
4.54	698.966
4.541	688.8
4.542	679.081
4.543	669.789
4.544	660.892
4.545	652.354
4.546	644.13
4.547	636.172
4.548	628.43
4.549	620.853
4.55	613.387
4.551	605.985
4.552	598.597
4.553	591.181
4.554	583.694
4.555	576.102
4.556	568.374
4.557	560.483
4.558	552.41
4.559	544.14
4.56	535.664
4.561	526.981
4.562	518.095
4.563	509.017
4.564	499.765
4.565	490.363
4.566	480.844
4.567	471.243
4.568	461.603
4.569	451.97
4.57	442.395
4.571	432.93
4.572	423.626
4.573	414.535
4.574	405.702
4.575	397.172
4.576	388.978
4.577	381.148
4.578	373.7
4.579	366.641
4.58	359.966
4.581	353.661
4.582	347.7
4.583	342.048
4.584	336.662
4.585	331.493
4.586	326.488
4.587	321.591
4.588	316.75
4.589	311.916
4.59	307.047
4.591	302.113
4.592	297.096
4.593	291.994
4.594	286.822
4.595	281.616
4.596	276.432
4.597	271.35
4.598	266.471
4.599	261.92
4.6	257.844
4.601	254.413
4.602	251.817
4.603	250.266
4.604	249.985
4.605	251.217
4.606	254.214
4.607	259.24
4.608	266.562
4.609	276.452
4.61	289.176
4.611	304.995
4.612	324.159
4.613	346.9
4.614	373.428
4.615	403.924
4.616	438.539
4.617	477.382
4.618	520.519
4.619	567.97
4.62	619.698
4.621	675.611
4.622	735.56
4.623	799.333
4.624	866.659
4.625	937.208
4.626	1010.59
4.627	1086.38
4.628	1164.08
4.629	1243.18
4.63	1323.11
4.631	1403.32
4.632	1483.21
4.633	1562.22
4.634	1639.76
4.635	1715.29
4.636	1788.3
4.637	1858.32
4.638	1924.92
4.639	1987.72
4.64	2046.43
4.641	2100.77
4.642	2150.57
4.643	2195.69
4.644	2236.03
4.645	2271.57
4.646	2302.32
4.647	2328.31
4.648	2349.62
4.649	2366.33
4.65	2378.54
4.651	2386.36
4.652	2389.9
4.653	2389.26
4.654	2384.55
4.655	2375.87
4.656	2363.31
4.657	2346.96
4.658	2326.94
4.659	2303.35
4.66	2276.32
4.661	2245.98
4.662	2212.5
4.663	2176.09
4.664	2136.95
4.665	2095.36
4.666	2051.6
4.667	2005.98
4.668	1958.84
4.669	1910.56
4.67	1861.5
4.671	1812.06
4.672	1762.61
4.673	1713.52
4.674	1665.14
4.675	1617.79
4.676	1571.75
4.677	1527.27
4.678	1484.53
4.679	1443.68
4.68	1404.79
4.681	1367.91
4.682	1333.01
4.683	1300.02
4.684	1268.83
4.685	1239.29
4.686	1211.22
4.687	1184.42
4.688	1158.67
4.689	1133.74
4.69	1109.4
4.691	1085.44
4.692	1061.64
4.693	1037.82
4.694	1013.81
4.695	989.471
4.696	964.692
4.697	939.391
4.698	913.515
4.699	887.044
4.7	859.988
4.701	832.386
4.702	804.306
4.703	775.841
4.704	747.112
4.705	718.264
4.706	689.464
4.707	660.9
4.708	632.781
4.709	605.335
4.71	578.808
4.711	553.46
4.712	529.569
4.713	507.424
4.714	487.326
4.715	469.586
4.716	454.522
4.717	442.456
4.718	433.712
4.719	428.614
4.72	427.481
4.721	430.622
4.722	438.333
4.723	450.896
4.724	468.567
4.725	491.575
4.726	520.116
4.727	554.347
4.728	594.378
4.729	640.27
4.73	692.022
4.731	749.572
4.732	812.785
4.733	881.453
4.734	955.287
4.735	1033.92
4.736	1116.88
4.737	1203.65
4.738	1293.58
4.739	1385.98
4.74	1480.06
4.741	1574.99
4.742	1669.84
4.743	1763.68
4.744	1855.52
4.745	1944.38
4.746	2029.27
4.747	2109.22
4.748	2183.31
4.749	2250.68
4.75	2310.54
4.751	2362.22
4.752	2405.14
4.753	2438.85
4.754	2463.04
4.755	2477.55
4.756	2482.35
4.757	2477.58
4.758	2463.5
4.759	2440.52
4.76	2409.18
4.761	2370.13
4.762	2324.11
4.763	2271.96
4.764	2214.56
4.765	2152.85
4.766	2087.76
4.767	2020.26
4.768	1951.26
4.769	1881.66
4.77	1812.28
4.771	1743.91
4.772	1677.22
4.773	1612.8
4.774	1551.15
4.775	1492.68
4.776	1437.67
4.777	1386.32
4.778	1338.74
4.779	1294.92
4.78	1254.81
4.781	1218.25
4.782	1185.04
4.783	1154.93
4.784	1127.64
4.785	1102.85
4.786	1080.24
4.787	1059.51
4.788	1040.35
4.789	1022.5
4.79	1005.72
4.791	989.839
4.792	974.718
4.793	960.284
4.794	946.522
4.795	933.477
4.796	921.249
4.797	909.991
4.798	899.9
4.799	891.21
4.8	884.182
4.801	879.09
4.802	876.211
4.803	875.809
4.804	878.129
4.805	883.376
4.806	891.713
4.807	903.245
4.808	918.015
4.809	935.999
4.81	957.1
4.811	981.154
4.812	1007.93
4.813	1037.13
4.814	1068.4
4.815	1101.36
4.816	1135.57
4.817	1170.6
4.818	1205.99
4.819	1241.29
4.82	1276.08
4.821	1309.98
4.822	1342.63
4.823	1373.75
4.824	1403.11
4.825	1430.53
4.826	1455.91
4.827	1479.21
4.828	1500.46
4.829	1519.72
4.83	1537.13
4.831	1552.82
4.832	1566.98
4.833	1579.8
4.834	1591.46
4.835	1602.15
4.836	1612
4.837	1621.14
4.838	1629.65
4.839	1637.56
4.84	1644.84
4.841	1651.44
4.842	1657.23
4.843	1662.07
4.844	1665.75
4.845	1668.05
4.846	1668.73
4.847	1667.54
4.848	1664.24
4.849	1658.58
4.85	1650.37
4.851	1639.42
4.852	1625.63
4.853	1608.89
4.854	1589.21
4.855	1566.62
4.856	1541.22
4.857	1513.18
4.858	1482.73
4.859	1450.13
4.86	1415.72
4.861	1379.86
4.862	1342.95
4.863	1305.4
4.864	1267.66
4.865	1230.16
4.866	1193.31
4.867	1157.54
4.868	1123.23
4.869	1090.74
4.87	1060.37
4.871	1032.4
4.872	1007.05
4.873	984.489
4.874	964.829
4.875	948.137
4.876	934.424
4.877	923.653
4.878	915.737
4.879	910.551
4.88	907.927
4.881	907.666
4.882	909.542
4.883	913.304
4.884	918.687
4.885	925.414
4.886	933.201
4.887	941.764
4.888	950.824
4.889	960.109
4.89	969.362
4.891	978.341
4.892	986.823
4.893	994.609
4.894	1001.52
4.895	1007.42
4.896	1012.19
4.897	1015.74
4.898	1018.02
4.899	1019.01
4.9	1018.73
4.901	1017.22
4.902	1014.58
4.903	1010.92
4.904	1006.39
4.905	1001.18
4.906	995.492
4.907	989.572
4.908	983.677
4.909	978.086
4.91	973.093
4.911	969.001
4.912	966.12
4.913	964.76
4.914	965.225
4.915	967.811
4.916	972.799
4.917	980.451
4.918	991.003
4.919	1004.66
4.92	1021.61
4.921	1041.99
4.922	1065.89
4.923	1093.38
4.924	1124.47
4.925	1159.11
4.926	1197.22
4.927	1238.65
4.928	1283.2
4.929	1330.61
4.93	1380.57
4.931	1432.7
4.932	1486.58
4.933	1541.71
4.934	1597.57
4.935	1653.58
4.936	1709.11
4.937	1763.51
4.938	1816.12
4.939	1866.26
4.94	1913.23
4.941	1956.38
4.942	1995.07
4.943	2028.68
4.944	2056.67
4.945	2078.55
4.946	2093.92
4.947	2102.44
4.948	2103.88
4.949	2098.1
4.95	2085.08
4.951	2064.89
4.952	2037.7
4.953	2003.78
4.954	1963.51
4.955	1917.33
4.956	1865.78
4.957	1809.45
4.958	1749
4.959	1685.12
4.96	1618.52
4.961	1549.95
4.962	1480.14
4.963	1409.83
4.964	1339.71
4.965	1270.45
4.966	1202.7
4.967	1137.02
4.968	1073.93
4.969	1013.89
4.97	957.27
4.971	904.393
4.972	855.489
4.973	810.722
4.974	770.178
4.975	733.874
4.976	701.76
4.977	673.721
4.978	649.584
4.979	629.126
4.98	612.08
4.981	598.141
4.982	586.977
4.983	578.234
4.984	571.547
4.985	566.548
4.986	562.874
4.987	560.172
4.988	558.112
4.989	556.387
4.99	554.724
4.991	552.886
4.992	550.678
4.993	547.951
4.994	544.6
4.995	540.57
4.996	535.855
4.997	530.496
4.998	524.582
4.999	518.246
5	511.665
5.001	505.05
5.002	498.651
5.003	492.743
5.004	487.628
5.005	483.624
5.006	481.062
5.007	480.28
5.008	481.61
5.009	485.381
5.01	491.901
5.011	501.457
5.012	514.306
5.013	530.662
5.014	550.697
5.015	574.529
5.016	602.213
5.017	633.743
5.018	669.038
5.019	707.945
5.02	750.233
5.021	795.593
5.022	843.641
5.023	893.916
5.024	945.89
5.025	998.975
5.026	1052.53
5.027	1105.87
5.028	1158.28
5.029	1209.05
5.03	1257.47
5.031	1302.83
5.032	1344.48
5.033	1381.82
5.034	1414.33
5.035	1441.58
5.036	1463.22
5.037	1479.04
5.038	1488.94
5.039	1492.94
5.04	1491.21
5.041	1484.02
5.042	1471.77
5.043	1454.99
5.044	1434.27
5.045	1410.32
5.046	1383.91
5.047	1355.84
5.048	1326.94
5.049	1298.08
5.05	1270.06
5.051	1243.69
5.052	1219.7
5.053	1198.75
5.054	1181.42
5.055	1168.18
5.056	1159.37
5.057	1155.25
5.058	1155.92
5.059	1161.37
5.06	1171.47
5.061	1185.96
5.062	1204.48
5.063	1226.57
5.064	1251.67
5.065	1279.16
5.066	1308.36
5.067	1338.55
5.068	1368.97
5.069	1398.88
5.07	1427.53
5.071	1454.2
5.072	1478.22
5.073	1498.96
5.074	1515.86
5.075	1528.45
5.076	1536.32
5.077	1539.17
5.078	1536.78
5.079	1529.03
5.08	1515.89
5.081	1497.43
5.082	1473.79
5.083	1445.2
5.084	1411.95
5.085	1374.41
5.086	1333.01
5.087	1288.2
5.088	1240.49
5.089	1190.4
5.09	1138.49
5.091	1085.3
5.092	1031.37
5.093	977.268
5.094	923.499
5.095	870.569
5.096	818.947
5.097	769.064
5.098	721.314
5.099	676.04
5.1	633.542
5.101	594.064
5.102	557.798
5.103	524.88
5.104	495.393
5.105	469.363
5.106	446.764
5.107	427.517
5.108	411.496
5.109	398.53
5.11	388.406
5.111	380.879
5.112	375.67
5.113	372.482
5.114	370.999
5.115	370.896
5.116	371.846
5.117	373.527
5.118	375.629
5.119	377.858
5.12	379.948
5.121	381.659
5.122	382.785
5.123	383.158
5.124	382.65
5.125	381.17
5.126	378.674
5.127	375.153
5.128	370.64
5.129	365.204
5.13	358.945
5.131	351.994
5.132	344.504
5.133	336.648
5.134	328.614
5.135	320.596
5.136	312.796
5.137	305.41
5.138	298.631
5.139	292.642
5.14	287.613
5.141	283.695
5.142	281.025
5.143	279.716
5.144	279.864
5.145	281.541
5.146	284.799
5.147	289.672
5.148	296.175
5.149	304.304
5.15	314.045
5.151	325.368
5.152	338.235
5.153	352.6
5.154	368.409
5.155	385.609
5.156	404.14
5.157	423.944
5.158	444.963
5.159	467.139
5.16	490.416
5.161	514.738
5.162	540.049
5.163	566.292
5.164	593.41
5.165	621.339
5.166	650.015
5.167	679.364
5.168	709.306
5.169	739.753
5.17	770.605
5.171	801.754
5.172	833.08
5.173	864.453
5.174	895.732
5.175	926.768
5.176	957.403
5.177	987.474
5.178	1016.81
5.179	1045.26
5.18	1072.64
5.181	1098.8
5.182	1123.6
5.183	1146.89
5.184	1168.55
5.185	1188.48
5.186	1206.62
5.187	1222.9
5.188	1237.31
5.189	1249.86
5.19	1260.6
5.191	1269.6
5.192	1276.99
5.193	1282.93
5.194	1287.59
5.195	1291.2
5.196	1294.03
5.197	1296.35
5.198	1298.47
5.199	1300.73
5.2	1303.46
5.201	1307.01
5.202	1311.73
5.203	1317.95
5.204	1326
5.205	1336.15
5.206	1348.67
5.207	1363.76
5.208	1381.58
5.209	1402.22
5.21	1425.73
5.211	1452.06
5.212	1481.1
5.213	1512.68
5.214	1546.55
5.215	1582.4
5.216	1619.85
5.217	1658.48
5.218	1697.84
5.219	1737.44
5.22	1776.77
5.221	1815.34
5.222	1852.64
5.223	1888.21
5.224	1921.62
5.225	1952.48
5.226	1980.48
5.227	2005.34
5.228	2026.89
5.229	2045
5.23	2059.61
5.231	2070.76
5.232	2078.53
5.233	2083.07
5.234	2084.58
5.235	2083.29
5.236	2079.47
5.237	2073.42
5.238	2065.45
5.239	2055.87
5.24	2044.97
5.241	2033.06
5.242	2020.38
5.243	2007.2
5.244	1993.71
5.245	1980.11
5.246	1966.53
5.247	1953.11
5.248	1939.91
5.249	1927.01
5.25	1914.45
5.251	1902.23
5.252	1890.36
5.253	1878.85
5.254	1867.69
5.255	1856.88
5.256	1846.44
5.257	1836.39
5.258	1826.79
5.259	1817.7
5.26	1809.24
5.261	1801.53
5.262	1794.73
5.263	1789.02
5.264	1784.62
5.265	1781.74
5.266	1780.64
5.267	1781.55
5.268	1784.71
5.269	1790.35
5.27	1798.66
5.271	1809.81
5.272	1823.93
5.273	1841.06
5.274	1861.23
5.275	1884.37
5.276	1910.34
5.277	1938.95
5.278	1969.92
5.279	2002.92
5.28	2037.57
5.281	2073.42
5.282	2110.01
5.283	2146.87
5.284	2183.5
5.285	2219.44
5.286	2254.25
5.287	2287.54
5.288	2319
5.289	2348.37
5.29	2375.5
5.291	2400.33
5.292	2422.88
5.293	2443.28
5.294	2461.77
5.295	2478.65
5.296	2494.32
5.297	2509.22
5.298	2523.84
5.299	2538.7
5.3	2554.33
5.301	2571.24
5.302	2589.88
5.303	2610.67
5.304	2633.95
5.305	2659.94
5.306	2688.78
5.307	2720.46
5.308	2754.86
5.309	2791.74
5.31	2830.7
5.311	2871.22
5.312	2912.69
5.313	2954.36
5.314	2995.41
5.315	3034.96
5.316	3072.07
5.317	3105.79
5.318	3135.16
5.319	3159.27
5.32	3177.25
5.321	3188.32
5.322	3191.81
5.323	3187.16
5.324	3173.94
5.325	3151.9
5.326	3120.93
5.327	3081.09
5.328	3032.61
5.329	2975.85
5.33	2911.35
5.331	2839.77
5.332	2761.88
5.333	2678.56
5.334	2590.75
5.335	2499.46
5.336	2405.69
5.337	2310.48
5.338	2214.82
5.339	2119.68
5.34	2025.93
5.341	1934.39
5.342	1845.78
5.343	1760.71
5.344	1679.68
5.345	1603.06
5.346	1531.14
5.347	1464.06
5.348	1401.89
5.349	1344.59
5.35	1292.03
5.351	1244.02
5.352	1200.32
5.353	1160.63
5.354	1124.63
5.355	1092
5.356	1062.4
5.357	1035.52
5.358	1011.06
5.359	988.762
5.36	968.389
5.361	949.755
5.362	932.714
5.363	917.161
5.364	903.031
5.365	890.297
5.366	878.959
5.367	869.046
5.368	860.603
5.369	853.687
5.37	848.356
5.371	844.669
5.372	842.673
5.373	842.402
5.374	843.872
5.375	847.079
5.376	851.994
5.377	858.571
5.378	866.739
5.379	876.412
5.38	887.488
5.381	899.854
5.382	913.395
5.383	927.99
5.384	943.527
5.385	959.898
5.386	977.008
5.387	994.778
5.388	1013.14
5.389	1032.05
5.39	1051.46
5.391	1071.36
5.392	1091.73
5.393	1112.56
5.394	1133.85
5.395	1155.56
5.396	1177.68
5.397	1200.16
5.398	1222.93
5.399	1245.88
5.4	1268.89
5.401	1291.8
5.402	1314.42
5.403	1336.51
5.404	1357.81
5.405	1378.05
5.406	1396.93
5.407	1414.12
5.408	1429.32
5.409	1442.21
5.41	1452.49
5.411	1459.89
5.412	1464.17
5.413	1465.14
5.414	1462.66
5.415	1456.62
5.416	1447.01
5.417	1433.85
5.418	1417.24
5.419	1397.35
5.42	1374.37
5.421	1348.6
5.422	1320.32
5.423	1289.9
5.424	1257.7
5.425	1224.12
5.426	1189.55
5.427	1154.38
5.428	1118.97
5.429	1083.68
5.43	1048.81
5.431	1014.62
5.432	981.354
5.433	949.168
5.434	918.186
5.435	888.477
5.436	860.061
5.437	832.916
5.438	806.976
5.439	782.147
5.44	758.306
5.441	735.318
5.442	713.035
5.443	691.313
5.444	670.013
5.445	649.015
5.446	628.22
5.447	607.556
5.448	586.984
5.449	566.501
5.45	546.139
5.451	525.969
5.452	506.098
5.453	486.666
5.454	467.845
5.455	449.837
5.456	432.862
5.457	417.163
5.458	402.992
5.459	390.611
5.46	380.283
5.461	372.266
5.462	366.813
5.463	364.161
5.464	364.53
5.465	368.119
5.466	375.102
5.467	385.623
5.468	399.795
5.469	417.696
5.47	439.37
5.471	464.818
5.472	494.007
5.473	526.86
5.474	563.26
5.475	603.049
5.476	646.029
5.477	691.964
5.478	740.579
5.479	791.567
5.48	844.591
5.481	899.286
5.482	955.267
5.483	1012.13
5.484	1069.47
5.485	1126.87
5.486	1183.92
5.487	1240.2
5.488	1295.35
5.489	1348.98
5.49	1400.76
5.491	1450.37
5.492	1497.55
5.493	1542.05
5.494	1583.68
5.495	1622.27
5.496	1657.71
5.497	1689.91
5.498	1718.83
5.499	1744.45
5.5	1766.8
5.501	1785.91
5.502	1801.85
5.503	1814.69
5.504	1824.54
5.505	1831.51
5.506	1835.7
5.507	1837.23
5.508	1836.23
5.509	1832.83
5.51	1827.16
5.511	1819.34
5.512	1809.53
5.513	1797.87
5.514	1784.52
5.515	1769.64
5.516	1753.44
5.517	1736.11
5.518	1717.89
5.519	1699.03
5.52	1679.79
5.521	1660.46
5.522	1641.37
5.523	1622.83
5.524	1605.19
5.525	1588.77
5.526	1573.92
5.527	1560.95
5.528	1550.17
5.529	1541.84
5.53	1536.19
5.531	1533.39
5.532	1533.58
5.533	1536.8
5.534	1543.05
5.535	1552.26
5.536	1564.28
5.537	1578.91
5.538	1595.87
5.539	1614.84
5.54	1635.46
5.541	1657.33
5.542	1680.01
5.543	1703.08
5.544	1726.09
5.545	1748.59
5.546	1770.19
5.547	1790.47
5.548	1809.06
5.549	1825.64
5.55	1839.88
5.551	1851.54
5.552	1860.37
5.553	1866.16
5.554	1868.75
5.555	1867.99
5.556	1863.76
5.557	1855.96
5.558	1844.53
5.559	1829.42
5.56	1810.61
5.561	1788.11
5.562	1761.96
5.563	1732.25
5.564	1699.09
5.565	1662.64
5.566	1623.11
5.567	1580.75
5.568	1535.85
5.569	1488.77
5.57	1439.88
5.571	1389.59
5.572	1338.35
5.573	1286.61
5.574	1234.82
5.575	1183.45
5.576	1132.92
5.577	1083.65
5.578	1035.98
5.579	990.248
5.58	946.698
5.581	905.525
5.582	866.857
5.583	830.756
5.584	797.219
5.585	766.183
5.586	737.534
5.587	711.112
5.588	686.723
5.589	664.149
5.59	643.16
5.591	623.523
5.592	605.016
5.593	587.432
5.594	570.595
5.595	554.36
5.596	538.619
5.597	523.308
5.598	508.401
5.599	493.917
5.6	479.91
5.601	466.471
5.602	453.718
5.603	441.792
5.604	430.853
5.605	421.068
5.606	412.605
5.607	405.629
5.608	400.294
5.609	396.735
5.61	395.067
5.611	395.376
5.612	397.721
5.613	402.13
5.614	408.594
5.615	417.076
5.616	427.503
5.617	439.773
5.618	453.754
5.619	469.291
5.62	486.205
5.621	504.305
5.622	523.385
5.623	543.239
5.624	563.661
5.625	584.456
5.626	605.448
5.627	626.489
5.628	647.465
5.629	668.308
5.63	689.004
5.631	709.6
5.632	730.212
5.633	751.035
5.634	772.341
5.635	794.489
5.636	817.921
5.637	843.161
5.638	870.816
5.639	901.557
5.64	936.119
5.641	975.28
5.642	1019.84
5.643	1070.62
5.644	1128.4
5.645	1193.94
5.646	1267.91
5.647	1350.89
5.648	1443.33
5.649	1545.53
5.65	1657.61
5.651	1779.51
5.652	1910.94
5.653	2051.39
5.654	2200.14
5.655	2356.23
5.656	2518.52
5.657	2685.65
5.658	2856.11
5.659	3028.27
5.66	3200.4
5.661	3370.7
5.662	3537.39
5.663	3698.71
5.664	3853.02
5.665	3998.76
5.666	4134.58
5.667	4259.29
5.668	4371.96
5.669	4471.86
5.67	4558.54
5.671	4631.76
5.672	4691.55
5.673	4738.11
5.674	4771.88
5.675	4793.42
5.676	4803.42
5.677	4802.68
5.678	4792.03
5.679	4772.35
5.68	4744.49
5.681	4709.27
5.682	4667.48
5.683	4619.84
5.684	4566.99
5.685	4509.52
5.686	4447.95
5.687	4382.76
5.688	4314.38
5.689	4243.21
5.69	4169.66
5.691	4094.12
5.692	4017
5.693	3938.73
5.694	3859.75
5.695	3780.53
5.696	3701.54
5.697	3623.29
5.698	3546.23
5.699	3470.83
5.7	3397.49
5.701	3326.59
5.702	3258.39
5.703	3193.12
5.704	3130.86
5.705	3071.63
5.706	3015.31
5.707	2961.68
5.708	2910.44
5.709	2861.16
5.71	2813.35
5.711	2766.45
5.712	2719.85
5.713	2672.93
5.714	2625.05
5.715	2575.6
5.716	2523.99
5.717	2469.73
5.718	2412.37
5.719	2351.59
5.72	2287.14
5.721	2218.91
5.722	2146.9
5.723	2071.24
5.724	1992.18
5.725	1910.06
5.726	1825.36
5.727	1738.61
5.728	1650.44
5.729	1561.54
5.73	1472.65
5.731	1384.5
5.732	1297.86
5.733	1213.48
5.734	1132.07
5.735	1054.33
5.736	980.862
5.737	912.234
5.738	848.925
5.739	791.338
5.74	739.787
5.741	694.501
5.742	655.623
5.743	623.21
5.744	597.24
5.745	577.618
5.746	564.179
5.747	556.7
5.748	554.904
5.749	558.471
5.75	567.047
5.751	580.25
5.752	597.679
5.753	618.921
5.754	643.56
5.755	671.177
5.756	701.362
5.757	733.715
5.758	767.849
5.759	803.392
5.76	839.994
5.761	877.321
5.762	915.061
5.763	952.923
5.764	990.638
5.765	1027.95
5.766	1064.64
5.767	1100.5
5.768	1135.32
5.769	1168.95
5.77	1201.22
5.771	1232.01
5.772	1261.19
5.773	1288.68
5.774	1314.38
5.775	1338.25
5.776	1360.25
5.777	1380.34
5.778	1398.55
5.779	1414.89
5.78	1429.39
5.781	1442.13
5.782	1453.17
5.783	1462.63
5.784	1470.59
5.785	1477.19
5.786	1482.55
5.787	1486.81
5.788	1490.09
5.789	1492.53
5.79	1494.25
5.791	1495.35
5.792	1495.92
5.793	1496.04
5.794	1495.74
5.795	1495.07
5.796	1494
5.797	1492.51
5.798	1490.55
5.799	1488.04
5.8	1484.89
5.801	1481
5.802	1476.26
5.803	1470.57
5.804	1463.82
5.805	1455.95
5.806	1446.89
5.807	1436.62
5.808	1425.15
5.809	1412.55
5.81	1398.9
5.811	1384.35
5.812	1369.1
5.813	1353.36
5.814	1337.41
5.815	1321.53
5.816	1306.04
5.817	1291.26
5.818	1277.5
5.819	1265.07
5.82	1254.25
5.821	1245.27
5.822	1238.34
5.823	1233.59
5.824	1231.09
5.825	1230.86
5.826	1232.83
5.827	1236.87
5.828	1242.79
5.829	1250.32
5.83	1259.15
5.831	1268.93
5.832	1279.28
5.833	1289.79
5.834	1300.04
5.835	1309.63
5.836	1318.18
5.837	1325.34
5.838	1330.79
5.839	1334.27
5.84	1335.58
5.841	1334.59
5.842	1331.21
5.843	1325.44
5.844	1317.32
5.845	1306.97
5.846	1294.55
5.847	1280.26
5.848	1264.34
5.849	1247.06
5.85	1228.71
5.851	1209.58
5.852	1189.96
5.853	1170.14
5.854	1150.39
5.855	1130.97
5.856	1112.11
5.857	1093.98
5.858	1076.78
5.859	1060.61
5.86	1045.58
5.861	1031.76
5.862	1019.17
5.863	1007.8
5.864	997.621
5.865	988.567
5.866	980.544
5.867	973.437
5.868	967.108
5.869	961.402
5.87	956.148
5.871	951.169
5.872	946.279
5.873	941.294
5.874	936.032
5.875	930.322
5.876	924.008
5.877	916.953
5.878	909.043
5.879	900.195
5.88	890.357
5.881	879.51
5.882	867.672
5.883	854.898
5.884	841.277
5.885	826.933
5.886	812.017
5.887	796.708
5.888	781.204
5.889	765.717
5.89	750.468
5.891	735.673
5.892	721.547
5.893	708.285
5.894	696.066
5.895	685.04
5.896	675.325
5.897	667.007
5.898	660.131
5.899	654.704
5.9	650.693
5.901	648.026
5.902	646.595
5.903	646.257
5.904	646.842
5.905	648.154
5.906	649.979
5.907	652.089
5.908	654.25
5.909	656.228
5.91	657.797
5.911	658.74
5.912	658.861
5.913	657.988
5.914	655.977
5.915	652.717
5.916	648.131
5.917	642.183
5.918	634.873
5.919	626.242
5.92	616.367
5.921	605.362
5.922	593.373
5.923	580.572
5.924	567.157
5.925	553.34
5.926	539.346
5.927	525.4
5.928	511.727
5.929	498.541
5.93	486.039
5.931	474.395
5.932	463.757
5.933	454.24
5.934	445.926
5.935	438.86
5.936	433.052
5.937	428.475
5.938	425.072
5.939	422.754
5.94	421.412
5.941	420.917
5.942	421.128
5.943	421.902
5.944	423.096
5.945	424.578
5.946	426.234
5.947	427.966
5.948	429.708
5.949	431.42
5.95	433.091
5.951	434.745
5.952	436.431
5.953	438.227
5.954	440.231
5.955	442.556
5.956	445.325
5.957	448.662
5.958	452.684
5.959	457.496
5.96	463.18
5.961	469.791
5.962	477.354
5.963	485.856
5.964	495.25
5.965	505.448
5.966	516.33
5.967	527.741
5.968	539.502
5.969	551.41
5.97	563.253
5.971	574.811
5.972	585.869
5.973	596.22
5.974	605.679
5.975	614.083
5.976	621.301
5.977	627.233
5.978	631.819
5.979	635.032
5.98	636.882
5.981	637.413
5.982	636.699
5.983	634.838
5.984	631.952
5.985	628.178
5.986	623.664
5.987	618.565
5.988	613.04
5.989	607.247
5.99	601.344
5.991	595.484
5.992	589.817
5.993	584.492
5.994	579.651
5.995	575.439
5.996	571.998
5.997	569.471
5.998	568
5.999	567.729
6	568.798
6.001	571.346
6.002	575.505
6.003	581.396
6.004	589.13
6.005	598.796
6.006	610.466
6.007	624.184
6.008	639.967
6.009	657.801
6.01	677.643
6.011	699.416
6.012	723.018
6.013	748.318
6.014	775.166
6.015	803.395
6.016	832.83
6.017	863.295
6.018	894.616
6.019	926.636
6.02	959.215
6.021	992.237
6.022	1025.62
6.023	1059.3
6.024	1093.28
6.025	1127.56
6.026	1162.2
6.027	1197.26
6.028	1232.86
6.029	1269.11
6.03	1306.14
6.031	1344.07
6.032	1383.03
6.033	1423.12
6.034	1464.44
6.035	1507.03
6.036	1550.91
6.037	1596.05
6.038	1642.39
6.039	1689.81
6.04	1738.14
6.041	1787.16
6.042	1836.6
6.043	1886.17
6.044	1935.51
6.045	1984.23
6.046	2031.92
6.047	2078.12
6.048	2122.39
6.049	2164.25
6.05	2203.21
6.051	2238.81
6.052	2270.57
6.053	2298.05
6.054	2320.85
6.055	2338.58
6.056	2350.92
6.057	2357.61
6.058	2358.45
6.059	2353.32
6.06	2342.2
6.061	2325.15
6.062	2302.33
6.063	2274.01
6.064	2240.55
6.065	2202.44
6.066	2160.25
6.067	2114.61
6.068	2066.29
6.069	2016.06
6.07	1964.79
6.071	1913.34
6.072	1862.59
6.073	1813.42
6.074	1766.67
6.075	1723.11
6.076	1683.45
6.077	1648.29
6.078	1618.15
6.079	1593.4
6.08	1574.29
6.081	1560.92
6.082	1553.27
6.083	1551.17
6.084	1554.33
6.085	1562.32
6.086	1574.6
6.087	1590.55
6.088	1609.47
6.089	1630.59
6.09	1653.1
6.091	1676.19
6.092	1699.04
6.093	1720.86
6.094	1740.88
6.095	1758.44
6.096	1772.92
6.097	1783.79
6.098	1790.65
6.099	1793.19
6.1	1791.24
6.101	1784.74
6.102	1773.74
6.103	1758.44
6.104	1739.14
6.105	1716.27
6.106	1690.32
6.107	1661.91
6.108	1631.72
6.109	1600.48
6.11	1568.97
6.111	1538.01
6.112	1508.4
6.113	1480.95
6.114	1456.43
6.115	1435.54
6.116	1418.96
6.117	1407.24
6.118	1400.87
6.119	1400.2
6.12	1405.49
6.121	1416.86
6.122	1434.31
6.123	1457.7
6.124	1486.78
6.125	1521.18
6.126	1560.41
6.127	1603.9
6.128	1650.99
6.129	1700.98
6.13	1753.1
6.131	1806.58
6.132	1860.63
6.133	1914.51
6.134	1967.5
6.135	2018.94
6.136	2068.24
6.137	2114.91
6.138	2158.54
6.139	2198.82
6.14	2235.56
6.141	2268.63
6.142	2298.01
6.143	2323.78
6.144	2346.06
6.145	2365.03
6.146	2380.9
6.147	2393.93
6.148	2404.33
6.149	2412.35
6.15	2418.19
6.151	2422
6.152	2423.92
6.153	2424
6.154	2422.27
6.155	2418.69
6.156	2413.19
6.157	2405.65
6.158	2395.94
6.159	2383.91
6.16	2369.41
6.161	2352.31
6.162	2332.5
6.163	2309.93
6.164	2284.58
6.165	2256.52
6.166	2225.85
6.167	2192.77
6.168	2157.56
6.169	2120.53
6.17	2082.09
6.171	2042.67
6.172	2002.76
6.173	1962.88
6.174	1923.54
6.175	1885.25
6.176	1848.52
6.177	1813.79
6.178	1781.47
6.179	1751.88
6.18	1725.29
6.181	1701.84
6.182	1681.62
6.183	1664.6
6.184	1650.67
6.185	1639.6
6.186	1631.12
6.187	1624.85
6.188	1620.37
6.189	1617.22
6.19	1614.89
6.191	1612.89
6.192	1610.7
6.193	1607.87
6.194	1603.95
6.195	1598.55
6.196	1591.35
6.197	1582.11
6.198	1570.64
6.199	1556.84
6.2	1540.68
6.201	1522.23
6.202	1501.58
6.203	1478.92
6.204	1454.45
6.205	1428.43
6.206	1401.14
6.207	1372.87
6.208	1343.93
6.209	1314.6
6.21	1285.19
6.211	1255.95
6.212	1227.15
6.213	1199.02
6.214	1171.78
6.215	1145.62
6.216	1120.73
6.217	1097.28
6.218	1075.42
6.219	1055.29
6.22	1037.03
6.221	1020.77
6.222	1006.63
6.223	994.7
6.224	985.087
6.225	977.863
6.226	973.085
6.227	970.784
6.228	970.962
6.229	973.591
6.23	978.604
6.231	985.898
6.232	995.331
6.233	1006.72
6.234	1019.85
6.235	1034.45
6.236	1050.24
6.237	1066.91
6.238	1084.11
6.239	1101.5
6.24	1118.7
6.241	1135.35
6.242	1151.1
6.243	1165.61
6.244	1178.55
6.245	1189.63
6.246	1198.59
6.247	1205.22
6.248	1209.32
6.249	1210.77
6.25	1209.48
6.251	1205.4
6.252	1198.55
6.253	1188.97
6.254	1176.75
6.255	1162.02
6.256	1144.94
6.257	1125.69
6.258	1104.48
6.259	1081.54
6.26	1057.1
6.261	1031.41
6.262	1004.71
6.263	977.243
6.264	949.24
6.265	920.929
6.266	892.526
6.267	864.235
6.268	836.247
6.269	808.744
6.27	781.896
6.271	755.866
6.272	730.811
6.273	706.884
6.274	684.236
6.275	663.019
6.276	643.387
6.277	625.498
6.278	609.514
6.279	595.602
6.28	583.932
6.281	574.675
6.282	568.001
6.283	564.074
6.284	563.048
6.285	565.063
6.286	570.236
6.287	578.655
6.288	590.375
6.289	605.41
6.29	623.725
6.291	645.233
6.292	669.792
6.293	697.199
6.294	727.189
6.295	759.439
6.296	793.569
6.297	829.145
6.298	865.688
6.299	902.685
6.3	939.594
6.301	975.862
6.302	1010.94
6.303	1044.28
6.304	1075.37
6.305	1103.75
6.306	1129.01
6.307	1150.79
6.308	1168.82
6.309	1182.93
6.31	1193
6.311	1199.03
6.312	1201.11
6.313	1199.41
6.314	1194.19
6.315	1185.79
6.316	1174.6
6.317	1161.09
6.318	1145.76
6.319	1129.17
6.32	1111.89
6.321	1094.48
6.322	1077.55
6.323	1061.66
6.324	1047.38
6.325	1035.25
6.326	1025.76
6.327	1019.4
6.328	1016.57
6.329	1017.68
6.33	1023.04
6.331	1032.93
6.332	1047.58
6.333	1067.14
6.334	1091.74
6.335	1121.41
6.336	1156.14
6.337	1195.85
6.338	1240.38
6.339	1289.54
6.34	1343.03
6.341	1400.51
6.342	1461.57
6.343	1525.73
6.344	1592.45
6.345	1661.14
6.346	1731.16
6.347	1801.8
6.348	1872.36
6.349	1942.08
6.35	2010.21
6.351	2076
6.352	2138.72
6.353	2197.68
6.354	2252.22
6.355	2301.79
6.356	2345.88
6.357	2384.08
6.358	2416.12
6.359	2441.8
6.36	2461.06
6.361	2473.96
6.362	2480.67
6.363	2481.46
6.364	2476.72
6.365	2466.91
6.366	2452.57
6.367	2434.28
6.368	2412.67
6.369	2388.36
6.37	2362
6.371	2334.17
6.372	2305.43
6.373	2276.28
6.374	2247.15
6.375	2218.37
6.376	2190.21
6.377	2162.83
6.378	2136.3
6.379	2110.61
6.38	2085.67
6.381	2061.33
6.382	2037.35
6.383	2013.48
6.384	1989.42
6.385	1964.85
6.386	1939.45
6.387	1912.92
6.388	1884.97
6.389	1855.38
6.39	1823.95
6.391	1790.54
6.392	1755.08
6.393	1717.57
6.394	1678.07
6.395	1636.7
6.396	1593.67
6.397	1549.21
6.398	1503.61
6.399	1457.21
6.4	1410.36
6.401	1363.42
6.402	1316.77
6.403	1270.75
6.404	1225.71
6.405	1181.95
6.406	1139.73
6.407	1099.28
6.408	1060.76
6.409	1024.28
6.41	989.923
6.411	957.691
6.412	927.557
6.413	899.447
6.414	873.256
6.415	848.846
6.416	826.062
6.417	804.732
6.418	784.677
6.419	765.717
6.42	747.677
6.421	730.388
6.422	713.696
6.423	697.461
6.424	681.558
6.425	665.883
6.426	650.35
6.427	634.891
6.428	619.457
6.429	604.02
6.43	588.569
6.431	573.111
6.432	557.674
6.433	542.301
6.434	527.056
6.435	512.017
6.436	497.281
6.437	482.961
6.438	469.182
6.439	456.084
6.44	443.816
6.441	432.533
6.442	422.396
6.443	413.563
6.444	406.188
6.445	400.417
6.446	396.382
6.447	394.196
6.448	393.95
6.449	395.71
6.45	399.514
6.451	405.367
6.452	413.245
6.453	423.087
6.454	434.803
6.455	448.271
6.456	463.341
6.457	479.837
6.458	497.562
6.459	516.3
6.46	535.824
6.461	555.899
6.462	576.285
6.463	596.748
6.464	617.058
6.465	636.999
6.466	656.369
6.467	674.988
6.468	692.697
6.469	709.363
6.47	724.88
6.471	739.172
6.472	752.19
6.473	763.917
6.474	774.365
6.475	783.574
6.476	791.61
6.477	798.567
6.478	804.56
6.479	809.727
6.48	814.222
6.481	818.219
6.482	821.901
6.483	825.461
6.484	829.1
6.485	833.02
6.486	837.421
6.487	842.498
6.488	848.434
6.489	855.399
6.49	863.542
6.491	872.988
6.492	883.832
6.493	896.134
6.494	909.916
6.495	925.16
6.496	941.802
6.497	959.733
6.498	978.797
6.499	998.795
6.5	1019.48
6.501	1040.59
6.502	1061.79
6.503	1082.76
6.504	1103.14
6.505	1122.58
6.506	1140.72
6.507	1157.23
6.508	1171.79
6.509	1184.13
6.51	1194.01
6.511	1201.23
6.512	1205.68
6.513	1207.29
6.514	1206.03
6.515	1201.98
6.516	1195.23
6.517	1185.96
6.518	1174.37
6.519	1160.73
6.52	1145.32
6.521	1128.46
6.522	1110.48
6.523	1091.72
6.524	1072.52
6.525	1053.21
6.526	1034.11
6.527	1015.52
6.528	997.701
6.529	980.908
6.53	965.352
6.531	951.215
6.532	938.649
6.533	927.771
6.534	918.669
6.535	911.399
6.536	905.988
6.537	902.435
6.538	900.712
6.539	900.766
6.54	902.519
6.541	905.871
6.542	910.699
6.543	916.862
6.544	924.197
6.545	932.525
6.546	941.651
6.547	951.365
6.548	961.447
6.549	971.667
6.55	981.79
6.551	991.578
6.552	1000.79
6.553	1009.2
6.554	1016.59
6.555	1022.73
6.556	1027.43
6.557	1030.53
6.558	1031.85
6.559	1031.29
6.56	1028.73
6.561	1024.12
6.562	1017.41
6.563	1008.62
6.564	997.766
6.565	984.929
6.566	970.212
6.567	953.758
6.568	935.741
6.569	916.369
6.57	895.878
6.571	874.536
6.572	852.63
6.573	830.472
6.574	808.39
6.575	786.722
6.576	765.816
6.577	746.018
6.578	727.672
6.579	711.109
6.58	696.643
6.581	684.562
6.582	675.123
6.583	668.543
6.584	664.997
6.585	664.607
6.586	667.441
6.587	673.508
6.588	682.754
6.589	695.062
6.59	710.252
6.591	728.083
6.592	748.257
6.593	770.423
6.594	794.185
6.595	819.112
6.596	844.744
6.597	870.61
6.598	896.232
6.599	921.147
6.6	944.909
6.601	967.113
6.602	987.397
6.603	1005.46
6.604	1021.06
6.605	1034.05
6.606	1044.33
6.607	1051.92
6.608	1056.89
6.609	1059.41
6.61	1059.72
6.611	1058.11
6.612	1054.97
6.613	1050.7
6.614	1045.74
6.615	1040.56
6.616	1035.63
6.617	1031.4
6.618	1028.3
6.619	1026.73
6.62	1027.02
6.621	1029.43
6.622	1034.17
6.623	1041.35
6.624	1051
6.625	1063.06
6.626	1077.38
6.627	1093.75
6.628	1111.86
6.629	1131.34
6.63	1151.8
6.631	1172.76
6.632	1193.76
6.633	1214.32
6.634	1233.96
6.635	1252.23
6.636	1268.73
6.637	1283.1
6.638	1295.05
6.639	1304.37
6.64	1310.91
6.641	1314.61
6.642	1315.5
6.643	1313.68
6.644	1309.33
6.645	1302.66
6.646	1293.99
6.647	1283.62
6.648	1271.92
6.649	1259.26
6.65	1245.99
6.651	1232.48
6.652	1219.04
6.653	1205.97
6.654	1193.51
6.655	1181.85
6.656	1171.13
6.657	1161.45
6.658	1152.82
6.659	1145.23
6.66	1138.61
6.661	1132.85
6.662	1127.83
6.663	1123.38
6.664	1119.32
6.665	1115.48
6.666	1111.68
6.667	1107.75
6.668	1103.55
6.669	1098.94
6.67	1093.82
6.671	1088.12
6.672	1081.8
6.673	1074.82
6.674	1067.21
6.675	1059
6.676	1050.24
6.677	1041.01
6.678	1031.4
6.679	1021.51
6.68	1011.44
6.681	1001.3
6.682	991.181
6.683	981.185
6.684	971.393
6.685	961.88
6.686	952.704
6.687	943.911
6.688	935.534
6.689	927.594
6.69	920.101
6.691	913.06
6.692	906.469
6.693	900.329
6.694	894.644
6.695	889.423
6.696	884.689
6.697	880.477
6.698	876.837
6.699	873.834
6.7	871.55
6.701	870.079
6.702	869.527
6.703	870.002
6.704	871.616
6.705	874.47
6.706	878.654
6.707	884.234
6.708	891.251
6.709	899.708
6.71	909.568
6.711	920.749
6.712	933.126
6.713	946.523
6.714	960.725
6.715	975.474
6.716	990.481
6.717	1005.43
6.718	1020
6.719	1033.86
6.72	1046.68
6.721	1058.18
6.722	1068.08
6.723	1076.16
6.724	1082.26
6.725	1086.26
6.726	1088.12
6.727	1087.85
6.728	1085.55
6.729	1081.34
6.73	1075.44
6.731	1068.09
6.732	1059.57
6.733	1050.2
6.734	1040.29
6.735	1030.18
6.736	1020.18
6.737	1010.6
6.738	1001.7
6.739	993.713
6.74	986.835
6.741	981.205
6.742	976.918
6.743	974.017
6.744	972.498
6.745	972.313
6.746	973.372
6.747	975.552
6.748	978.703
6.749	982.649
6.75	987.205
6.751	992.174
6.752	997.359
6.753	1002.56
6.754	1007.6
6.755	1012.31
6.756	1016.51
6.757	1020.08
6.758	1022.88
6.759	1024.82
6.76	1025.8
6.761	1025.76
6.762	1024.64
6.763	1022.41
6.764	1019.03
6.765	1014.49
6.766	1008.78
6.767	1001.89
6.768	993.829
6.769	984.607
6.77	974.236
6.771	962.733
6.772	950.124
6.773	936.438
6.774	921.716
6.775	906.006
6.776	889.369
6.777	871.881
6.778	853.629
6.779	834.72
6.78	815.275
6.781	795.435
6.782	775.357
6.783	755.212
6.784	735.189
6.785	715.49
6.786	696.325
6.787	677.915
6.788	660.485
6.789	644.263
6.79	629.477
6.791	616.352
6.792	605.111
6.793	595.969
6.794	589.136
6.795	584.816
6.796	583.206
6.797	584.498
6.798	588.882
6.799	596.546
6.8	607.675
6.801	622.459
6.802	641.087
6.803	663.753
6.804	690.651
6.805	721.975
6.806	757.915
6.807	798.656
6.808	844.366
6.809	895.194
6.81	951.26
6.811	1012.65
6.812	1079.38
6.813	1151.45
6.814	1228.75
6.815	1311.12
6.816	1398.29
6.817	1489.92
6.818	1585.56
6.819	1684.67
6.82	1786.6
6.821	1890.62
6.822	1995.88
6.823	2101.49
6.824	2206.47
6.825	2309.78
6.826	2410.38
6.827	2507.18
6.828	2599.12
6.829	2685.18
6.83	2764.36
6.831	2835.76
6.832	2898.58
6.833	2952.14
6.834	2995.86
6.835	3029.36
6.836	3052.37
6.837	3064.81
6.838	3066.75
6.839	3058.44
6.84	3040.28
6.841	3012.79
6.842	2976.66
6.843	2932.67
6.844	2881.69
6.845	2824.67
6.846	2762.61
6.847	2696.51
6.848	2627.41
6.849	2556.3
6.85	2484.13
6.851	2411.81
6.852	2340.18
6.853	2269.97
6.854	2201.83
6.855	2136.34
6.856	2073.94
6.857	2015.01
6.858	1959.79
6.859	1908.48
6.86	1861.17
6.861	1817.88
6.862	1778.56
6.863	1743.1
6.864	1711.37
6.865	1683.16
6.866	1658.25
6.867	1636.4
6.868	1617.35
6.869	1600.81
6.87	1586.5
6.871	1574.15
6.872	1563.47
6.873	1554.2
6.874	1546.06
6.875	1538.81
6.876	1532.21
6.877	1526.04
6.878	1520.09
6.879	1514.2
6.88	1508.18
6.881	1501.91
6.882	1495.25
6.883	1488.11
6.884	1480.4
6.885	1472.07
6.886	1463.07
6.887	1453.38
6.888	1443
6.889	1431.93
6.89	1420.2
6.891	1407.87
6.892	1394.99
6.893	1381.63
6.894	1367.89
6.895	1353.87
6.896	1339.68
6.897	1325.44
6.898	1311.28
6.899	1297.34
6.9	1283.74
6.901	1270.62
6.902	1258.09
6.903	1246.27
6.904	1235.25
6.905	1225.1
6.906	1215.88
6.907	1207.61
6.908	1200.29
6.909	1193.89
6.91	1188.34
6.911	1183.57
6.912	1179.46
6.913	1175.9
6.914	1172.74
6.915	1169.86
6.916	1167.1
6.917	1164.34
6.918	1161.49
6.919	1158.46
6.92	1155.21
6.921	1151.75
6.922	1148.1
6.923	1144.36
6.924	1140.68
6.925	1137.22
6.926	1134.2
6.927	1131.88
6.928	1130.53
6.929	1130.42
6.93	1131.84
6.931	1135.04
6.932	1140.25
6.933	1147.66
6.934	1157.39
6.935	1169.5
6.936	1183.98
6.937	1200.73
6.938	1219.56
6.939	1240.21
6.94	1262.34
6.941	1285.53
6.942	1309.33
6.943	1333.23
6.944	1356.7
6.945	1379.2
6.946	1400.2
6.947	1419.23
6.948	1435.84
6.949	1449.65
6.95	1460.37
6.951	1467.79
6.952	1471.8
6.953	1472.35
6.954	1469.54
6.955	1463.51
6.956	1454.48
6.957	1442.75
6.958	1428.66
6.959	1412.57
6.96	1394.85
6.961	1375.89
6.962	1356.04
6.963	1335.62
6.964	1314.91
6.965	1294.14
6.966	1273.47
6.967	1253.02
6.968	1232.84
6.969	1212.93
6.97	1193.24
6.971	1173.69
6.972	1154.18
6.973	1134.57
6.974	1114.75
6.975	1094.58
6.976	1073.96
6.977	1052.81
6.978	1031.07
6.979	1008.73
6.98	985.785
6.981	962.3
6.982	938.353
6.983	914.057
6.984	889.549
6.985	864.987
6.986	840.543
6.987	816.398
6.988	792.733
6.989	769.73
6.99	747.563
6.991	726.397
6.992	706.386
6.993	687.672
6.994	670.387
6.995	654.65
6.996	640.572
6.997	628.26
6.998	617.816
6.999	609.343
7	602.945
7.001	598.732
7.002	596.817
7.003	597.324
7.004	600.38
7.005	606.12
7.006	614.681
7.007	626.201
7.008	640.813
7.009	658.641
7.01	679.797
7.011	704.369
7.012	732.419
7.013	763.977
7.014	799.033
7.015	837.529
7.016	879.36
7.017	924.365
7.018	972.329
7.019	1022.97
7.02	1075.97
7.021	1130.93
7.022	1187.41
7.023	1244.92
7.024	1302.94
7.025	1360.9
7.026	1418.22
7.027	1474.31
7.028	1528.57
7.029	1580.42
7.03	1629.28
7.031	1674.63
7.032	1715.96
7.033	1752.83
7.034	1784.86
7.035	1811.72
7.036	1833.15
7.037	1848.98
7.038	1859.1
7.039	1863.45
7.04	1862.09
7.041	1855.1
7.042	1842.66
7.043	1824.99
7.044	1802.37
7.045	1775.13
7.046	1743.65
7.047	1708.33
7.048	1669.6
7.049	1627.93
7.05	1583.78
7.051	1537.63
7.052	1489.97
7.053	1441.28
7.054	1392.02
7.055	1342.65
7.056	1293.6
7.057	1245.27
7.058	1198.05
7.059	1152.27
7.06	1108.25
7.061	1066.24
7.062	1026.48
7.063	989.145
7.064	954.376
7.065	922.271
7.066	892.885
7.067	866.232
7.068	842.288
7.069	820.993
7.07	802.253
7.071	785.947
7.072	771.924
7.073	760.013
7.074	750.023
7.075	741.75
7.076	734.978
7.077	729.487
7.078	725.053
7.079	721.458
7.08	718.486
7.081	715.937
7.082	713.624
7.083	711.382
7.084	709.069
7.085	706.573
7.086	703.816
7.087	700.757
7.088	697.394
7.089	693.772
7.09	689.982
7.091	686.163
7.092	682.506
7.093	679.251
7.094	676.686
7.095	675.146
7.096	675.011
7.097	676.693
7.098	680.636
7.099	687.305
7.1	697.174
7.101	710.713
7.102	728.38
7.103	750.6
7.104	777.755
7.105	810.164
7.106	848.073
7.107	891.635
7.108	940.903
7.109	995.81
7.11	1056.17
7.111	1121.67
7.112	1191.85
7.113	1266.14
7.114	1343.83
7.115	1424.11
7.116	1506.05
7.117	1588.67
7.118	1670.89
7.119	1751.64
7.12	1829.81
7.121	1904.35
7.122	1974.24
7.123	2038.56
7.124	2096.51
7.125	2147.42
7.126	2190.8
7.127	2226.34
7.128	2253.92
7.129	2273.63
7.13	2285.75
7.131	2290.77
7.132	2289.36
7.133	2282.34
7.134	2270.68
7.135	2255.46
7.136	2237.81
7.137	2218.92
7.138	2199.98
7.139	2182.13
7.14	2166.43
7.141	2153.86
7.142	2145.23
7.143	2141.22
7.144	2142.28
7.145	2148.72
7.146	2160.61
7.147	2177.81
7.148	2200
7.149	2226.66
7.15	2257.11
7.151	2290.48
7.152	2325.83
7.153	2362.07
7.154	2398.07
7.155	2432.67
7.156	2464.69
7.157	2492.99
7.158	2516.49
7.159	2534.2
7.16	2545.23
7.161	2548.86
7.162	2544.5
7.163	2531.73
7.164	2510.32
7.165	2480.23
7.166	2441.58
7.167	2394.69
7.168	2340.05
7.169	2278.32
7.17	2210.27
7.171	2136.84
7.172	2059.03
7.173	1977.95
7.174	1894.75
7.175	1810.63
7.176	1726.77
7.177	1644.37
7.178	1564.55
7.179	1488.41
7.18	1416.95
7.181	1351.08
7.182	1291.62
7.183	1239.26
7.184	1194.58
7.185	1158.02
7.186	1129.92
7.187	1110.46
7.188	1099.7
7.189	1097.59
7.19	1103.95
7.191	1118.48
7.192	1140.78
7.193	1170.34
7.194	1206.57
7.195	1248.76
7.196	1296.17
7.197	1347.94
7.198	1403.2
7.199	1461.01
7.2	1520.39
7.201	1580.35
7.202	1639.91
7.203	1698.07
7.204	1753.87
7.205	1806.42
7.206	1854.84
7.207	1898.37
7.208	1936.32
7.209	1968.09
7.21	1993.23
7.211	2011.38
7.212	2022.32
7.213	2025.97
7.214	2022.38
7.215	2011.71
7.216	1994.26
7.217	1970.45
7.218	1940.77
7.219	1905.83
7.22	1866.29
7.221	1822.88
7.222	1776.38
7.223	1727.57
7.224	1677.25
7.225	1626.22
7.226	1575.26
7.227	1525.11
7.228	1476.48
7.229	1430.01
7.23	1386.3
7.231	1345.89
7.232	1309.21
7.233	1276.66
7.234	1248.54
7.235	1225.07
7.236	1206.39
7.237	1192.57
7.238	1183.57
7.239	1179.3
7.24	1179.58
7.241	1184.14
7.242	1192.66
7.243	1204.76
7.244	1219.99
7.245	1237.86
7.246	1257.85
7.247	1279.41
7.248	1301.99
7.249	1325.05
7.25	1348.06
7.251	1370.51
7.252	1391.97
7.253	1412.04
7.254	1430.41
7.255	1446.83
7.256	1461.15
7.257	1473.28
7.258	1483.24
7.259	1491.11
7.26	1497.06
7.261	1501.3
7.262	1504.11
7.263	1505.8
7.264	1506.7
7.265	1507.13
7.266	1507.42
7.267	1507.85
7.268	1508.68
7.269	1510.09
7.27	1512.22
7.271	1515.13
7.272	1518.8
7.273	1523.16
7.274	1528.06
7.275	1533.28
7.276	1538.58
7.277	1543.64
7.278	1548.17
7.279	1551.84
7.28	1554.32
7.281	1555.33
7.282	1554.61
7.283	1551.96
7.284	1547.22
7.285	1540.31
7.286	1531.23
7.287	1520.01
7.288	1506.78
7.289	1491.72
7.29	1475.07
7.291	1457.1
7.292	1438.11
7.293	1418.43
7.294	1398.38
7.295	1378.28
7.296	1358.44
7.297	1339.11
7.298	1320.52
7.299	1302.85
7.3	1286.23
7.301	1270.73
7.302	1256.38
7.303	1243.15
7.304	1230.98
7.305	1219.77
7.306	1209.38
7.307	1199.68
7.308	1190.52
7.309	1181.74
7.31	1173.22
7.311	1164.84
7.312	1156.52
7.313	1148.2
7.314	1139.89
7.315	1131.6
7.316	1123.41
7.317	1115.44
7.318	1107.83
7.319	1100.76
7.32	1094.44
7.321	1089.08
7.322	1084.94
7.323	1082.24
7.324	1081.23
7.325	1082.12
7.326	1085.13
7.327	1090.45
7.328	1098.24
7.329	1108.62
7.33	1121.69
7.331	1137.52
7.332	1156.15
7.333	1177.56
7.334	1201.75
7.335	1228.66
7.336	1258.21
7.337	1290.31
7.338	1324.84
7.339	1361.67
7.34	1400.65
7.341	1441.62
7.342	1484.39
7.343	1528.77
7.344	1574.54
7.345	1621.44
7.346	1669.2
7.347	1717.53
7.348	1766.07
7.349	1814.47
7.35	1862.31
7.351	1909.16
7.352	1954.55
7.353	1997.97
7.354	2038.93
7.355	2076.89
7.356	2111.33
7.357	2141.74
7.358	2167.63
7.359	2188.57
7.36	2204.16
7.361	2214.06
7.362	2218.04
7.363	2215.94
7.364	2207.68
7.365	2193.32
7.366	2172.99
7.367	2146.94
7.368	2115.51
7.369	2079.15
7.37	2038.39
7.371	1993.8
7.372	1946.06
7.373	1895.84
7.374	1843.85
7.375	1790.82
7.376	1737.45
7.377	1684.42
7.378	1632.34
7.379	1581.8
7.38	1533.29
7.381	1487.24
7.382	1443.99
7.383	1403.78
7.384	1366.78
7.385	1333.06
7.386	1302.6
7.387	1275.32
7.388	1251.06
7.389	1229.6
7.39	1210.68
7.391	1193.97
7.392	1179.13
7.393	1165.81
7.394	1153.64
7.395	1142.23
7.396	1131.24
7.397	1120.32
7.398	1109.15
7.399	1097.45
7.4	1084.97
7.401	1071.51
7.402	1056.9
7.403	1041.05
7.404	1023.89
7.405	1005.42
7.406	985.685
7.407	964.779
7.408	942.85
7.409	920.088
7.41	896.725
7.411	873.029
7.412	849.298
7.413	825.852
7.414	803.031
7.415	781.178
7.416	760.64
7.417	741.755
7.418	724.841
7.419	710.197
7.42	698.087
7.421	688.737
7.422	682.33
7.423	679.002
7.424	678.837
7.425	681.867
7.426	688.072
7.427	697.379
7.428	709.669
7.429	724.775
7.43	742.493
7.431	762.583
7.432	784.781
7.433	808.8
7.434	834.342
7.435	861.106
7.436	888.792
7.437	917.112
7.438	945.792
7.439	974.581
7.44	1003.25
7.441	1031.62
7.442	1059.51
7.443	1086.79
7.444	1113.38
7.445	1139.21
7.446	1164.24
7.447	1188.47
7.448	1211.92
7.449	1234.61
7.45	1256.59
7.451	1277.92
7.452	1298.65
7.453	1318.85
7.454	1338.56
7.455	1357.81
7.456	1376.64
7.457	1395.06
7.458	1413.07
7.459	1430.64
7.46	1447.74
7.461	1464.35
7.462	1480.39
7.463	1495.82
7.464	1510.58
7.465	1524.62
7.466	1537.89
7.467	1550.34
7.468	1561.96
7.469	1572.73
7.47	1582.65
7.471	1591.74
7.472	1600.01
7.473	1607.5
7.474	1614.25
7.475	1620.29
7.476	1625.65
7.477	1630.36
7.478	1634.42
7.479	1637.82
7.48	1640.53
7.481	1642.49
7.482	1643.62
7.483	1643.82
7.484	1642.96
7.485	1640.91
7.486	1637.51
7.487	1632.63
7.488	1626.11
7.489	1617.82
7.49	1607.67
7.491	1595.57
7.492	1581.52
7.493	1565.51
7.494	1547.64
7.495	1528.04
7.496	1506.92
7.497	1484.53
7.498	1461.21
7.499	1437.35
